> chisq_1
$`NAIVE BAYES`
$`NAIVE BAYES`$`Accuracy per Fold`
   1         2         3         4         5         6         7         8         9        10
1  0 0.8830243 0.8873039 0.8758916 0.8915835 0.8930100 0.9001427 0.9015692 0.8987161 0.8972896
2  0 0.8954802 0.8968927 0.8870056 0.9053672 0.9053672 0.8997175 0.8983051 0.9025424 0.9025424
3  0 0.8712871 0.8882603 0.8698727 0.8939180 0.8925035 0.8953324 0.8981612 0.8896747 0.8882603
4  0 0.8827684 0.8997175 0.8870056 0.9138418 0.9138418 0.9251412 0.9180791 0.9180791 0.9237288
5  0 0.8968927 0.8954802 0.8813559 0.8983051 0.8898305 0.9011299 0.9025424 0.9011299 0.9053672
6  0 0.8910891 0.8868458 0.8755304 0.8953324 0.8995757 0.9009901 0.8981612 0.8981612 0.8981612
7  0 0.8672316 0.8813559 0.8742938 0.8912429 0.8898305 0.9039548 0.9025424 0.8983051 0.8968927
8  0 0.8854314 0.8882603 0.8727016 0.8868458 0.8868458 0.8995757 0.9009901 0.9038190 0.9009901
9  0 0.9025424 0.8940678 0.9039548 0.9039548 0.8983051 0.9081921 0.9053672 0.9011299 0.9081921
10 0 0.8944365 0.8972896 0.8830243 0.9015692 0.9029957 0.9044223 0.9044223 0.9001427 0.9029957
          11        12        13        14        15        16        17        18        19
1  0.8987161 0.8987161 0.9115549 0.9101284 0.9129815 0.9129815 0.9129815 0.9144080 0.9144080
2  0.9096045 0.9152542 0.9180791 0.9166667 0.9194915 0.9180791 0.9223164 0.9223164 0.9223164
3  0.8854314 0.8896747 0.8995757 0.8953324 0.8967468 0.8981612 0.8981612 0.8953324 0.9080622
4  0.9237288 0.9293785 0.9265537 0.9293785 0.9293785 0.9279661 0.9237288 0.9223164 0.9237288
5  0.9025424 0.8954802 0.9081921 0.9180791 0.9180791 0.9180791 0.9180791 0.9152542 0.9124294
6  0.8981612 0.9052334 0.9151344 0.9137199 0.9108911 0.9108911 0.9137199 0.9137199 0.9137199
7  0.8997175 0.8997175 0.9096045 0.9152542 0.9138418 0.9138418 0.9138418 0.9138418 0.9138418
8  0.8995757 0.8995757 0.9123055 0.9094767 0.9094767 0.9094767 0.9094767 0.9094767 0.9250354
9  0.9067797 0.9053672 0.9081921 0.9096045 0.9081921 0.9081921 0.9067797 0.9053672 0.9053672
10 0.9072753 0.9101284 0.9215407 0.9215407 0.9186876 0.9201141 0.9186876 0.9201141 0.9300999
          20        21        22        23        24        25        26        27        28
1  0.9272468 0.9272468 0.9201141 0.9215407 0.9258203 0.9243937 0.9258203 0.9258203 0.9358060
2  0.9322034 0.9307910 0.9307910 0.9307910 0.9307910 0.9307910 0.9336158 0.9364407 0.9378531
3  0.9080622 0.9094767 0.9080622 0.9094767 0.9052334 0.9207921 0.9151344 0.9151344 0.9151344
4  0.9237288 0.9279661 0.9279661 0.9279661 0.9265537 0.9223164 0.9223164 0.9265537 0.9265537
5  0.9223164 0.9194915 0.9194915 0.9194915 0.9223164 0.9223164 0.9209040 0.9209040 0.9209040
6  0.9193777 0.9193777 0.9179632 0.9151344 0.9123055 0.9108911 0.9179632 0.9193777 0.9179632
7  0.9138418 0.9194915 0.9223164 0.9223164 0.9194915 0.9166667 0.9180791 0.9251412 0.9307910
8  0.9264498 0.9264498 0.9264498 0.9250354 0.9264498 0.9349364 0.9335219 0.9363508 0.9363508
9  0.9081921 0.9096045 0.9081921 0.9096045 0.9096045 0.9081921 0.9096045 0.9152542 0.9166667
10 0.9300999 0.9300999 0.9315264 0.9300999 0.9286733 0.9272468 0.9300999 0.9386591 0.9372325
          29        30        31        32        33        34        35        36        37
1  0.9358060 0.9315264 0.9315264 0.9329529 0.9300999 0.9300999 0.9300999 0.9286733 0.9315264
2  0.9378531 0.9449153 0.9435028 0.9420904 0.9435028 0.9420904 0.9420904 0.9449153 0.9435028
3  0.9207921 0.9193777 0.9207921 0.9207921 0.9207921 0.9179632 0.9236209 0.9222065 0.9236209
4  0.9265537 0.9293785 0.9251412 0.9251412 0.9279661 0.9307910 0.9307910 0.9307910 0.9307910
5  0.9223164 0.9209040 0.9307910 0.9307910 0.9322034 0.9336158 0.9322034 0.9350282 0.9350282
6  0.9193777 0.9207921 0.9207921 0.9207921 0.9207921 0.9207921 0.9222065 0.9179632 0.9193777
7  0.9307910 0.9307910 0.9336158 0.9322034 0.9293785 0.9293785 0.9279661 0.9322034 0.9265537
8  0.9363508 0.9349364 0.9349364 0.9349364 0.9377652 0.9377652 0.9377652 0.9363508 0.9335219
9  0.9223164 0.9223164 0.9209040 0.9209040 0.9223164 0.9223164 0.9223164 0.9209040 0.9223164
10 0.9386591 0.9386591 0.9386591 0.9415121 0.9400856 0.9372325 0.9372325 0.9400856 0.9429387
          38        39        40        41        42        43        44        45        46
1  0.9329529 0.9315264 0.9300999 0.9300999 0.9315264 0.9286733 0.9315264 0.9329529 0.9329529
2  0.9420904 0.9406780 0.9420904 0.9420904 0.9420904 0.9435028 0.9420904 0.9420904 0.9420904
3  0.9236209 0.9236209 0.9264498 0.9292786 0.9292786 0.9278642 0.9306931 0.9321075 0.9321075
4  0.9307910 0.9322034 0.9307910 0.9322034 0.9322034 0.9322034 0.9322034 0.9336158 0.9336158
5  0.9350282 0.9350282 0.9364407 0.9364407 0.9378531 0.9364407 0.9406780 0.9378531 0.9406780
6  0.9193777 0.9193777 0.9193777 0.9207921 0.9207921 0.9222065 0.9222065 0.9222065 0.9278642
7  0.9265537 0.9265537 0.9251412 0.9237288 0.9279661 0.9279661 0.9293785 0.9279661 0.9265537
8  0.9391796 0.9391796 0.9391796 0.9377652 0.9377652 0.9363508 0.9363508 0.9363508 0.9363508
9  0.9209040 0.9223164 0.9223164 0.9223164 0.9251412 0.9265537 0.9265537 0.9279661 0.9279661
10 0.9429387 0.9429387 0.9429387 0.9443652 0.9443652 0.9429387 0.9429387 0.9415121 0.9429387
          47        48        49        50
1  0.9358060 0.9415121 0.9429387 0.9415121
2  0.9449153 0.9435028 0.9435028 0.9449153
3  0.9335219 0.9321075 0.9335219 0.9335219
4  0.9350282 0.9336158 0.9350282 0.9322034
5  0.9406780 0.9392655 0.9392655 0.9420904
6  0.9264498 0.9292786 0.9306931 0.9306931
7  0.9279661 0.9279661 0.9279661 0.9279661
8  0.9377652 0.9434229 0.9434229 0.9420085
9  0.9265537 0.9265537 0.9265537 0.9265537
10 0.9429387 0.9443652 0.9457917 0.9457917

$`NAIVE BAYES`$`Mean Accuracy`
        1         2         3         4         5         6         7         8         9        10 
0.0000000 0.8870184 0.8915474 0.8810636 0.8981961 0.8972106 0.9038599 0.9030140 0.9011700 0.9024420 
       11        12        13        14        15        16        17        18        19        20 
0.9031533 0.9048526 0.9130733 0.9139181 0.9137767 0.9137783 0.9137773 0.9132147 0.9169009 0.9211519 
       21        22        23        24        25        26        27        28        29        30 
0.9219995 0.9212873 0.9211456 0.9207239 0.9218543 0.9227059 0.9259636 0.9275255 0.9290816 0.9293597 
       31        32        33        34        35        36        37        38        39        40 
0.9300661 0.9302116 0.9304902 0.9302045 0.9306292 0.9309121 0.9309178 0.9313437 0.9313423 0.9314825 
       41        42        43        44        45        46        47        48        49        50 
0.9319081 0.9328982 0.9324700 0.9334619 0.9334621 0.9343118 0.9351623 0.9361590 0.9368685 0.9367256 

$`NAIVE BAYES`$`St Dev Accuracy`
          1           2           3           4           5           6           7           8 
0.000000000 0.011339311 0.005922686 0.009982813 0.008084080 0.008429765 0.008230886 0.005872524 
          9          10          11          12          13          14          15          16 
0.007081280 0.009273397 0.009881316 0.011294252 0.007655705 0.008956346 0.008611119 0.008034698 
         17          18          19          20          21          22          23          24 
0.007648743 0.008265378 0.007980274 0.008636451 0.007858159 0.008363364 0.007779028 0.008792703 
         25          26          27          28          29          30          31          32 
0.008312283 0.008004553 0.008697507 0.009223652 0.007677216 0.008566402 0.007983151 0.008115446 
         33          34          35          36          37          38          39          40 
0.008027303 0.007896349 0.006871216 0.008673594 0.008208376 0.008580129 0.008196110 0.008340497 
         41          42          43          44          45          46          47          48 
0.008208714 0.007533239 0.007137298 0.006902133 0.006290151 0.006044579 0.006647592 0.007007552 
         49          50 
0.007051884 0.007273759 

$`NAIVE BAYES`$`Precisions per Fold`
   1         2         3         4         5         6         7         8         9        10
1  0 0.9684211 0.9689119 0.9675676 0.9509804 0.9512195 0.9523810 0.9613527 0.9478673 0.9476190
2  0 0.9626168 0.9671362 0.9660194 0.9596413 0.9638009 0.9631336 0.9672897 0.9592760 0.9592760
3  0 0.9793814 0.9669811 0.9648241 0.9633028 0.9674419 0.9634703 0.9767442 0.9760766 0.9669811
4  0 0.9901478 0.9817352 0.9855769 0.9825328 0.9911111 0.9872340 0.9869565 0.9912281 0.9830508
5  0 0.9624413 0.9622642 0.9650000 0.9541284 0.9571429 0.9629630 0.9674419 0.9716981 0.9720930
6  0 0.9849246 0.9846939 0.9840426 0.9666667 0.9806763 0.9807692 0.9805825 0.9900990 0.9900990
7  0 0.9945946 0.9849246 0.9895833 0.9761905 0.9806763 0.9815668 0.9814815 0.9596413 0.9594595
8  0 0.9687500 0.9690722 0.9672131 0.9593909 0.9641026 0.9611650 0.9658537 0.9617225 0.9613527
9  0 1.0000000 0.9901478 0.9598214 0.9768519 0.9902913 0.9815668 0.9813953 0.9811321 0.9771689
10 0 0.9660194 0.9708738 0.9742268 0.9668246 0.9759615 0.9585253 0.9627907 0.9622642 0.9669811
          11        12        13        14        15        16        17        18        19
1  0.9395349 0.9395349 0.9419643 0.9417040 0.9461883 0.9543379 0.9585253 0.9629630 0.9629630
2  0.9601770 0.9529915 0.9458333 0.9531915 0.9574468 0.9533898 0.9539749 0.9539749 0.9539749
3  0.9495413 0.9502262 0.9401709 0.9432314 0.9434783 0.9437229 0.9475983 0.9511111 0.9529915
4  0.9830508 0.9793388 0.9713115 0.9715447 0.9754098 0.9714286 0.9596774 0.9558233 0.9634146
5  0.9674419 0.9537037 0.9555556 0.9529915 0.9568966 0.9568966 0.9568966 0.9646018 0.9561404
6  0.9805825 0.9810427 0.9687500 0.9686099 0.9683258 0.9683258 0.9771689 0.9815668 0.9815668
7  0.9557522 0.9557522 0.9570815 0.9502075 0.9537815 0.9537815 0.9537815 0.9537815 0.9576271
8  0.9481132 0.9481132 0.9422222 0.9417040 0.9417040 0.9417040 0.9417040 0.9417040 0.9406780
9  0.9684685 0.9683258 0.9563319 0.9605263 0.9603524 0.9603524 0.9561404 0.9600000 0.9600000
10 0.9589041 0.9592760 0.9606987 0.9647577 0.9563319 0.9565217 0.9603524 0.9646018 0.9617021
          20        21        22        23        24        25        26        27        28
1  0.9603524 0.9603524 0.9513274 0.9515419 0.9642857 0.9683258 0.9727273 0.9684685 0.9694323
2  0.9628099 0.9588477 0.9588477 0.9588477 0.9588477 0.9588477 0.9629630 0.9709544 0.9672131
3  0.9529915 0.9531915 0.9529915 0.9531915 0.9487179 0.9547325 0.9578059 0.9539749 0.9539749
4  0.9634146 0.9638554 0.9638554 0.9638554 0.9637097 0.9521912 0.9486166 0.9457364 0.9457364
5  0.9574468 0.9493671 0.9493671 0.9493671 0.9535865 0.9535865 0.9495798 0.9495798 0.9533898
6  0.9733333 0.9733333 0.9608696 0.9605263 0.9561404 0.9600000 0.9568966 0.9570815 0.9529915
7  0.9576271 0.9545455 0.9663866 0.9663866 0.9621849 0.9618644 0.9620253 0.9590164 0.9596774
8  0.9446809 0.9484979 0.9523810 0.9482759 0.9523810 0.9535865 0.9533898 0.9537815 0.9537815
9  0.9523810 0.9565217 0.9484979 0.9525862 0.9525862 0.9484979 0.9525862 0.9495798 0.9535865
10 0.9617021 0.9617021 0.9618644 0.9617021 0.9576271 0.9574468 0.9696970 0.9704641 0.9703390
          29        30        31        32        33        34        35        36        37
1  0.9694323 0.9608696 0.9649123 0.9775785 0.9730942 0.9730942 0.9730942 0.9687500 0.9649123
2  0.9596774 0.9641434 0.9640000 0.9565217 0.9566929 0.9565217 0.9565217 0.9604743 0.9603175
3  0.9623431 0.9583333 0.9662447 0.9662447 0.9662447 0.9581590 0.9665272 0.9625000 0.9704641
4  0.9389313 0.9360902 0.9288390 0.9288390 0.9293680 0.9363296 0.9363296 0.9363296 0.9363296
5  0.9535865 0.9495798 0.9547325 0.9547325 0.9549180 0.9588477 0.9549180 0.9628099 0.9628099
6  0.9493671 0.9495798 0.9495798 0.9495798 0.9495798 0.9572650 0.9613734 0.9690265 0.9691630
7  0.9634146 0.9634146 0.9637097 0.9673469 0.9595142 0.9595142 0.9593496 0.9598394 0.9554656
8  0.9537815 0.9574468 0.9574468 0.9574468 0.9578059 0.9578059 0.9578059 0.9500000 0.9495798
9  0.9543568 0.9506173 0.9467213 0.9467213 0.9506173 0.9506173 0.9506173 0.9504132 0.9506173
10 0.9704641 0.9704641 0.9704641 0.9668050 0.9666667 0.9586777 0.9586777 0.9666667 0.9708333
          38        39        40        41        42        43        44        45        46
1  0.9691630 0.9690265 0.9688889 0.9688889 0.9690265 0.9687500 0.9690265 0.9733333 0.9733333
2  0.9565217 0.9563492 0.9601594 0.9601594 0.9601594 0.9603175 0.9601594 0.9601594 0.9565217
3  0.9704641 0.9704641 0.9746835 0.9748954 0.9748954 0.9708333 0.9750000 0.9790795 0.9790795
4  0.9396226 0.9431818 0.9396226 0.9431818 0.9431818 0.9431818 0.9431818 0.9433962 0.9433962
5  0.9628099 0.9628099 0.9668050 0.9668050 0.9747899 0.9668050 0.9750000 0.9708333 0.9750000
6  0.9691630 0.9650655 0.9650655 0.9652174 0.9652174 0.9694323 0.9694323 0.9694323 0.9699571
7  0.9554656 0.9591837 0.9590164 0.9551020 0.9631148 0.9669421 0.9632653 0.9631148 0.9591837
8  0.9504132 0.9541667 0.9579832 0.9578059 0.9578059 0.9537815 0.9576271 0.9500000 0.9500000
9  0.9504132 0.9543568 0.9581590 0.9543568 0.9547325 0.9549180 0.9549180 0.9551020 0.9551020
10 0.9708333 0.9669421 0.9708333 0.9709544 0.9709544 0.9669421 0.9631148 0.9629630 0.9593496
          47        48        49        50
1  0.9735683 0.9740260 0.9741379 0.9740260
2  0.9568627 0.9531250 0.9531250 0.9568627
3  0.9752066 0.9751037 0.9752066 0.9752066
4  0.9469697 0.9433962 0.9469697 0.9431818
5  0.9750000 0.9709544 0.9709544 0.9711934
6  0.9658120 0.9583333 0.9585062 0.9585062
7  0.9593496 0.9593496 0.9593496 0.9593496
8  0.9539749 0.9585062 0.9585062 0.9545455
9  0.9549180 0.9549180 0.9549180 0.9549180
10 0.9593496 0.9632653 0.9596774 0.9596774

$`NAIVE BAYES`$`Mean Precisions`
        1         2         3         4         5         6         7         8         9        10 
0.0000000 0.9777297 0.9746741 0.9723875 0.9656510 0.9722424 0.9692775 0.9731889 0.9701005 0.9684081 
       11        12        13        14        15        16        17        18        19        20 
0.9611566 0.9588305 0.9539920 0.9548469 0.9559915 0.9560461 0.9565820 0.9590128 0.9591058 0.9586740 
       21        22        23        24        25        26        27        28        29        30 
0.9580215 0.9566388 0.9566281 0.9570067 0.9569079 0.9586287 0.9578637 0.9580122 0.9575355 0.9560539 
       31        32        33        34        35        36        37        38        39        40 
0.9566650 0.9571816 0.9564502 0.9566832 0.9575215 0.9586810 0.9590492 0.9594870 0.9601546 0.9621217 
       41        42        43        44        45        46        47        48        49        50 
0.9617367 0.9633878 0.9621904 0.9630725 0.9627414 0.9620923 0.9621011 0.9610978 0.9611351 0.9607467 

$`NAIVE BAYES`$`St Dev Precisions`
          1           2           3           4           5           6           7           8 
0.000000000 0.013966807 0.009682738 0.010376926 0.010288931 0.013615363 0.012178350 0.009206397 
          9          10          11          12          13          14          15          16 
0.014371097 0.012581937 0.013974093 0.013480025 0.011160379 0.011089596 0.010609094 0.009306881 
         17          18          19          20          21          22          23          24 
0.009239962 0.010607572 0.010326657 0.007722738 0.007389254 0.006463400 0.006410318 0.005276697 
         25          26          27          28          29          30          31          32 
0.005660008 0.008174202 0.009193237 0.008305637 0.009566022 0.009829290 0.012388821 0.013626487 
         33          34          35          36          37          38          39          40 
0.012044509 0.009072947 0.009705383 0.010283093 0.011112414 0.010706968 0.008401090 0.009790120 
         41          42          43          44          45          46          47          48 
0.009473804 0.009886463 0.008975630 0.009779460 0.011010926 0.011714348 0.009846465 0.009987043 
         49          50 
0.009345860 0.009992864 

$`NAIVE BAYES`$`Micro Ave Precisions`
        1         2         3         4         5         6         7         8         9        10 
      NaN 0.9775112 0.9745970 0.9722082 0.9658240 0.9723678 0.9694727 0.9733396 0.9700795 0.9684601 
       11        12        13        14        15        16        17        18        19        20 
0.9612756 0.9589905 0.9540529 0.9549589 0.9561251 0.9561251 0.9565217 0.9588441 0.9589100 0.9586530 
       21        22        23        24        25        26        27        28        29        30 
0.9579796 0.9567246 0.9567063 0.9570396 0.9567980 0.9584570 0.9577052 0.9578991 0.9573322 0.9558581 
       31        32        33        34        35        36        37        38        39        40 
0.9563247 0.9567189 0.9560033 0.9563427 0.9571487 0.9583161 0.9586948 0.9591247 0.9598842 0.9618099 
       41        42        43        44        45        46        47        48        49        50 
0.9614747 0.9631165 0.9619205 0.9627945 0.9624122 0.9617441 0.9618383 0.9608163 0.9608961 0.9605049 

$`NAIVE BAYES`$`Recalls per Fold`
   1         2         3         4         5         6         7         8         9        10
1  0 0.7076923 0.7192308 0.6884615 0.7461538 0.7500000 0.7692308 0.7653846 0.7692308 0.7653846
2  0 0.7573529 0.7573529 0.7316176 0.7867647 0.7830882 0.7683824 0.7610294 0.7794118 0.7794118
3  0 0.6859206 0.7400722 0.6931408 0.7581227 0.7509025 0.7617329 0.7581227 0.7364621 0.7400722
4  0 0.7127660 0.7624113 0.7269504 0.7978723 0.7907801 0.8226950 0.8049645 0.8014184 0.8226950
5  0 0.7592593 0.7555556 0.7148148 0.7703704 0.7444444 0.7703704 0.7703704 0.7629630 0.7740741
6  0 0.7259259 0.7148148 0.6851852 0.7518519 0.7518519 0.7555556 0.7481481 0.7407407 0.7407407
7  0 0.6642599 0.7075812 0.6859206 0.7400722 0.7328520 0.7689531 0.7653430 0.7725632 0.7689531
8  0 0.7126437 0.7203065 0.6781609 0.7241379 0.7203065 0.7586207 0.7586207 0.7701149 0.7624521
9  0 0.7481752 0.7335766 0.7846715 0.7700730 0.7445255 0.7773723 0.7700730 0.7591241 0.7810219
10 0 0.7481203 0.7518797 0.7105263 0.7669173 0.7631579 0.7819549 0.7781955 0.7669173 0.7706767
          11        12        13        14        15        16        17        18        19
1  0.7769231 0.7769231 0.8115385 0.8076923 0.8115385 0.8038462 0.8000000 0.8000000 0.8000000
2  0.7977941 0.8198529 0.8345588 0.8235294 0.8272059 0.8272059 0.8382353 0.8382353 0.8382353
3  0.7472924 0.7581227 0.7942238 0.7797834 0.7833935 0.7870036 0.7833935 0.7725632 0.8050542
4  0.8226950 0.8404255 0.8404255 0.8475177 0.8439716 0.8439716 0.8439716 0.8439716 0.8404255
5  0.7703704 0.7629630 0.7962963 0.8259259 0.8222222 0.8222222 0.8222222 0.8074074 0.8074074
6  0.7481481 0.7666667 0.8037037 0.8000000 0.7925926 0.7925926 0.7925926 0.7888889 0.7888889
7  0.7797834 0.7797834 0.8050542 0.8267148 0.8194946 0.8194946 0.8194946 0.8194946 0.8158845
8  0.7701149 0.7701149 0.8122605 0.8045977 0.8045977 0.8045977 0.8045977 0.8045977 0.8505747
9  0.7846715 0.7810219 0.7992701 0.7992701 0.7956204 0.7956204 0.7956204 0.7883212 0.7883212
10 0.7894737 0.7969925 0.8270677 0.8233083 0.8233083 0.8270677 0.8195489 0.8195489 0.8496241
          20        21        22        23        24        25        26        27        28
1  0.8384615 0.8384615 0.8269231 0.8307692 0.8307692 0.8230769 0.8230769 0.8269231 0.8538462
2  0.8566176 0.8566176 0.8566176 0.8566176 0.8566176 0.8566176 0.8602941 0.8602941 0.8676471
3  0.8050542 0.8086643 0.8050542 0.8086643 0.8014440 0.8375451 0.8194946 0.8231047 0.8231047
4  0.8404255 0.8510638 0.8510638 0.8510638 0.8475177 0.8475177 0.8510638 0.8652482 0.8652482
5  0.8333333 0.8333333 0.8333333 0.8333333 0.8370370 0.8370370 0.8370370 0.8370370 0.8333333
6  0.8111111 0.8111111 0.8185185 0.8111111 0.8074074 0.8000000 0.8222222 0.8259259 0.8259259
7  0.8158845 0.8339350 0.8303249 0.8303249 0.8267148 0.8194946 0.8231047 0.8447653 0.8592058
8  0.8505747 0.8467433 0.8429119 0.8429119 0.8429119 0.8659004 0.8620690 0.8697318 0.8697318
9  0.8029197 0.8029197 0.8065693 0.8065693 0.8065693 0.8065693 0.8065693 0.8248175 0.8248175
10 0.8496241 0.8496241 0.8533835 0.8496241 0.8496241 0.8458647 0.8421053 0.8646617 0.8609023
          29        30        31        32        33        34        35        36        37
1  0.8538462 0.8500000 0.8461538 0.8384615 0.8346154 0.8346154 0.8346154 0.8346154 0.8461538
2  0.8750000 0.8897059 0.8860294 0.8897059 0.8933824 0.8897059 0.8897059 0.8933824 0.8897059
3  0.8303249 0.8303249 0.8267148 0.8267148 0.8267148 0.8267148 0.8339350 0.8339350 0.8303249
4  0.8723404 0.8829787 0.8794326 0.8794326 0.8865248 0.8865248 0.8865248 0.8865248 0.8865248
5  0.8370370 0.8370370 0.8592593 0.8592593 0.8629630 0.8629630 0.8629630 0.8629630 0.8629630
6  0.8333333 0.8370370 0.8370370 0.8370370 0.8370370 0.8296296 0.8296296 0.8111111 0.8148148
7  0.8555957 0.8555957 0.8628159 0.8555957 0.8555957 0.8555957 0.8519856 0.8628159 0.8519856
8  0.8697318 0.8620690 0.8620690 0.8620690 0.8697318 0.8697318 0.8697318 0.8735632 0.8659004
9  0.8394161 0.8430657 0.8430657 0.8430657 0.8430657 0.8430657 0.8430657 0.8394161 0.8430657
10 0.8646617 0.8646617 0.8646617 0.8759398 0.8721805 0.8721805 0.8721805 0.8721805 0.8759398
          38        39        40        41        42        43        44        45        46
1  0.8461538 0.8423077 0.8384615 0.8384615 0.8423077 0.8346154 0.8423077 0.8423077 0.8423077
2  0.8897059 0.8860294 0.8860294 0.8860294 0.8860294 0.8897059 0.8860294 0.8860294 0.8897059
3  0.8303249 0.8303249 0.8339350 0.8411552 0.8411552 0.8411552 0.8447653 0.8447653 0.8447653
4  0.8829787 0.8829787 0.8829787 0.8829787 0.8829787 0.8829787 0.8829787 0.8865248 0.8865248
5  0.8629630 0.8629630 0.8629630 0.8629630 0.8592593 0.8629630 0.8666667 0.8629630 0.8666667
6  0.8148148 0.8185185 0.8185185 0.8222222 0.8222222 0.8222222 0.8222222 0.8222222 0.8370370
7  0.8519856 0.8483755 0.8447653 0.8447653 0.8483755 0.8447653 0.8519856 0.8483755 0.8483755
8  0.8812261 0.8773946 0.8735632 0.8697318 0.8697318 0.8697318 0.8659004 0.8735632 0.8735632
9  0.8394161 0.8394161 0.8357664 0.8394161 0.8467153 0.8503650 0.8503650 0.8540146 0.8540146
10 0.8759398 0.8796992 0.8759398 0.8796992 0.8796992 0.8796992 0.8834586 0.8796992 0.8872180
          47        48        49        50
1  0.8500000 0.8653846 0.8692308 0.8653846
2  0.8970588 0.8970588 0.8970588 0.8970588
3  0.8519856 0.8483755 0.8519856 0.8519856
4  0.8865248 0.8865248 0.8865248 0.8829787
5  0.8666667 0.8666667 0.8666667 0.8740741
6  0.8370370 0.8518519 0.8555556 0.8555556
7  0.8519856 0.8519856 0.8519856 0.8519856
8  0.8735632 0.8850575 0.8850575 0.8850575
9  0.8503650 0.8503650 0.8503650 0.8503650
10 0.8872180 0.8872180 0.8947368 0.8947368

$`NAIVE BAYES`$`Mean Recalls`
        1         2         3         4         5         6         7         8         9        10 
0.0000000 0.7222116 0.7362782 0.7099450 0.7612336 0.7531909 0.7734868 0.7680252 0.7658946 0.7705482 
       11        12        13        14        15        16        17        18        19        20 
0.7787267 0.7852867 0.8124399 0.8138340 0.8123945 0.8123622 0.8119677 0.8083029 0.8184416 0.8304006 
       21        22        23        24        25        26        27        28        29        30 
0.8332474 0.8324700 0.8320990 0.8306613 0.8339623 0.8347037 0.8442509 0.8483763 0.8531287 0.8552476 
       31        32        33        34        35        36        37        38        39        40 
0.8567239 0.8567281 0.8581811 0.8570727 0.8574337 0.8570507 0.8567379 0.8575509 0.8568008 0.8552921 
       41        42        43        44        45        46        47        48        49        50 
0.8567423 0.8578474 0.8578202 0.8596680 0.8600465 0.8630179 0.8652405 0.8690488 0.8709167 0.8709182 

$`NAIVE BAYES`$`St Dev Recalls`
         1          2          3          4          5          6          7          8          9 
0.00000000 0.03168178 0.01998251 0.03216513 0.02195233 0.02126551 0.01904199 0.01535633 0.01847682 
        10         11         12         13         14         15         16         17         18 
0.02317093 0.02240819 0.02646525 0.01627546 0.01919620 0.01843506 0.01835098 0.01997269 0.02250161 
        19         20         21         22         23         24         25         26         27 
0.02428575 0.02005103 0.01930950 0.01864426 0.01835682 0.01971628 0.02137660 0.01879709 0.01908265 
        28         29         30         31         32         33         34         35         36 
0.01926470 0.01706707 0.01986619 0.01854726 0.02059450 0.02266290 0.02293221 0.02203311 0.02628388 
        37         38         39         40         41         42         43         44         45 
0.02413456 0.02509059 0.02421153 0.02383762 0.02234317 0.02121176 0.02262272 0.02098506 0.02135703 
        46         47         48         49         50 
0.02029648 0.02005581 0.01843558 0.01853047 0.01829375 

$`NAIVE BAYES`$`Micro Ave Recalls`
        1         2         3         4         5         6         7         8         9        10 
      NaN 0.7220377 0.7364341 0.7102252 0.7615356 0.7534145 0.7737172 0.7681801 0.7659653 0.7707641 
       11        12        13        14        15        16        17        18        19        20 
0.7788852 0.7855297 0.8124769 0.8139535 0.8124769 0.8124769 0.8121078 0.8084164 0.8183832 0.8301956 
       21        22        23        24        25        26        27        28        29        30 
0.8331488 0.8324105 0.8320413 0.8305648 0.8338870 0.8346253 0.8442230 0.8482835 0.8530823 0.8552972 
       31        32        33        34        35        36        37        38        39        40 
0.8567737 0.8567737 0.8582503 0.8571429 0.8575120 0.8571429 0.8567737 0.8575120 0.8567737 0.8552972 
       41        42        43        44        45        46        47        48        49        50 
0.8567737 0.8578811 0.8578811 0.8597268 0.8600960 0.8630491 0.8652639 0.8689553 0.8708010 0.8708010 

$`NAIVE BAYES`$`F1 Measure`
   1         2         3         4         5         6         7         8         9        10
1  0 0.8177778 0.8256071 0.8044944 0.8362069 0.8387097 0.8510638 0.8522484 0.8492569 0.8468085
2  0 0.8477366 0.8494845 0.8326360 0.8646465 0.8640974 0.8548057 0.8518519 0.8600406 0.8600406
3  0 0.8067941 0.8384458 0.8067227 0.8484848 0.8455285 0.8508065 0.8536585 0.8395062 0.8384458
4  0 0.8288660 0.8582834 0.8367347 0.8806262 0.8796844 0.8974855 0.8867188 0.8862745 0.8957529
5  0 0.8488613 0.8464730 0.8212766 0.8524590 0.8375000 0.8559671 0.8577320 0.8547718 0.8618557
6  0 0.8358209 0.8283262 0.8078603 0.8458333 0.8511530 0.8535565 0.8487395 0.8474576 0.8474576
7  0 0.7965368 0.8235294 0.8102345 0.8418891 0.8388430 0.8623482 0.8600406 0.8560000 0.8537074
8  0 0.8211921 0.8263736 0.7972973 0.8253275 0.8245614 0.8479657 0.8497854 0.8553191 0.8504274
9  0 0.8559499 0.8427673 0.8634538 0.8612245 0.8500000 0.8676171 0.8629857 0.8559671 0.8681542
10 0 0.8432203 0.8474576 0.8217391 0.8553459 0.8565401 0.8612836 0.8607069 0.8535565 0.8577406
          11        12        13        14        15        16        17        18        19
1  0.8505263 0.8505263 0.8719008 0.8695652 0.8737060 0.8726514 0.8721174 0.8739496 0.8739496
2  0.8714859 0.8814229 0.8867188 0.8836292 0.8875740 0.8858268 0.8923679 0.8923679 0.8923679
3  0.8363636 0.8433735 0.8610568 0.8537549 0.8560158 0.8582677 0.8577075 0.8525896 0.8727984
4  0.8957529 0.9045802 0.9011407 0.9053030 0.9049430 0.9032258 0.8981132 0.8964218 0.8977273
5  0.8577320 0.8477366 0.8686869 0.8849206 0.8844622 0.8844622 0.8844622 0.8790323 0.8755020
6  0.8487395 0.8607069 0.8785425 0.8762677 0.8716904 0.8716904 0.8752556 0.8747433 0.8747433
7  0.8588469 0.8588469 0.8745098 0.8841699 0.8815534 0.8815534 0.8815534 0.8815534 0.8810916
8  0.8498943 0.8498943 0.8724280 0.8677686 0.8677686 0.8677686 0.8677686 0.8677686 0.8933602
9  0.8669355 0.8646465 0.8707753 0.8725100 0.8702595 0.8702595 0.8685259 0.8657315 0.8657315
10 0.8659794 0.8706366 0.8888889 0.8884381 0.8848485 0.8870968 0.8843813 0.8861789 0.9021956
          20        21        22        23        24        25        26        27        28
1  0.8952772 0.8952772 0.8847737 0.8870637 0.8925620 0.8898129 0.8916667 0.8921162 0.9079755
2  0.9066148 0.9048544 0.9048544 0.9048544 0.9048544 0.9048544 0.9087379 0.9122807 0.9147287
3  0.8727984 0.8750000 0.8727984 0.8750000 0.8688845 0.8923077 0.8832685 0.8837209 0.8837209
4  0.8977273 0.9039548 0.9039548 0.9039548 0.9018868 0.8968105 0.8971963 0.9037037 0.9037037
5  0.8910891 0.8875740 0.8875740 0.8875740 0.8915187 0.8915187 0.8897638 0.8897638 0.8893281
6  0.8848485 0.8848485 0.8840000 0.8795181 0.8755020 0.8727273 0.8844622 0.8866799 0.8849206
7  0.8810916 0.8901734 0.8932039 0.8932039 0.8893204 0.8849903 0.8871595 0.8982726 0.9066667
8  0.8951613 0.8947368 0.8943089 0.8924949 0.8943089 0.9076305 0.9054326 0.9098196 0.9098196
9  0.8712871 0.8730159 0.8717949 0.8735178 0.8735178 0.8717949 0.8735178 0.8828125 0.8845401
10 0.9021956 0.9021956 0.9043825 0.9021956 0.9003984 0.8982036 0.9014085 0.9145129 0.9123506
          29        30        31        32        33        34        35        36        37
1  0.9079755 0.9020408 0.9016393 0.9026915 0.8985507 0.8985507 0.8985507 0.8966942 0.9016393
2  0.9153846 0.9254302 0.9233716 0.9219048 0.9239544 0.9219048 0.9219048 0.9257143 0.9236641
3  0.8914729 0.8897485 0.8910506 0.8910506 0.8910506 0.8875969 0.8953488 0.8936170 0.8949416
4  0.9044118 0.9087591 0.9034608 0.9034608 0.9074410 0.9107468 0.9107468 0.9107468 0.9107468
5  0.8915187 0.8897638 0.9044834 0.9044834 0.9066148 0.9083821 0.9066148 0.9101563 0.9101563
6  0.8875740 0.8897638 0.8897638 0.8897638 0.8897638 0.8888889 0.8906561 0.8830645 0.8853119
7  0.9063098 0.9063098 0.9104762 0.9080460 0.9045802 0.9045802 0.9024857 0.9087452 0.9007634
8  0.9098196 0.9072581 0.9072581 0.9072581 0.9116466 0.9116466 0.9116466 0.9101796 0.9058116
9  0.8932039 0.8936170 0.8918919 0.8918919 0.8936170 0.8936170 0.8936170 0.8914729 0.8936170
10 0.9145129 0.9145129 0.9145129 0.9191321 0.9169960 0.9133858 0.9133858 0.9169960 0.9209486
          38        39        40        41        42        43        44        45        46
1  0.9034908 0.9012346 0.8989691 0.8989691 0.9012346 0.8966942 0.9012346 0.9030928 0.9030928
2  0.9219048 0.9198473 0.9216061 0.9216061 0.9216061 0.9236641 0.9216061 0.9216061 0.9219048
3  0.8949416 0.8949416 0.8988327 0.9031008 0.9031008 0.9013540 0.9052224 0.9069767 0.9069767
4  0.9104205 0.9120879 0.9104205 0.9120879 0.9120879 0.9120879 0.9120879 0.9140768 0.9140768
5  0.9101563 0.9101563 0.9119374 0.9119374 0.9133858 0.9119374 0.9176471 0.9137255 0.9176471
6  0.8853119 0.8857715 0.8857715 0.8880000 0.8880000 0.8897796 0.8897796 0.8897796 0.8986083
7  0.9007634 0.9003831 0.8982726 0.8965517 0.9021113 0.9017341 0.9042146 0.9021113 0.9003831
8  0.9145129 0.9141717 0.9138277 0.9116466 0.9116466 0.9098196 0.9094567 0.9101796 0.9101796
9  0.8914729 0.8932039 0.8927875 0.8932039 0.8974855 0.8996139 0.8996139 0.9017341 0.9017341
10 0.9209486 0.9212598 0.9209486 0.9230769 0.9230769 0.9212598 0.9215686 0.9194499 0.9218750
          47        48        49        50
1  0.9075975 0.9164969 0.9186992 0.9164969
2  0.9259962 0.9242424 0.9242424 0.9259962
3  0.9094412 0.9073359 0.9094412 0.9094412
4  0.9157509 0.9140768 0.9157509 0.9120879
5  0.9176471 0.9158513 0.9158513 0.9200780
6  0.8968254 0.9019608 0.9041096 0.9041096
7  0.9024857 0.9024857 0.9024857 0.9024857
8  0.9120000 0.9203187 0.9203187 0.9184891
9  0.8996139 0.8996139 0.8996139 0.8996139
10 0.9218750 0.9236791 0.9260700 0.9260700

$`NAIVE BAYES`$`Mean F1 Measure`
        1         2         3         4         5         6         7         8         9        10 
0.0000000 0.8302756 0.8386748 0.8202449 0.8512044 0.8486617 0.8602900 0.8584468 0.8558150 0.8580391 
       11        12        13        14        15        16        17        18        19        20 
0.8602256 0.8632371 0.8774648 0.8786327 0.8782821 0.8782802 0.8782253 0.8770337 0.8829467 0.8898091 
       21        22        23        24        25        26        27        28        29        30 
0.8911631 0.8901645 0.8899377 0.8892754 0.8910651 0.8922614 0.8973683 0.8997754 0.9022184 0.9027204 
       31        32        33        34        35        36        37        38        39        40 
0.9037909 0.9039683 0.9044215 0.9039300 0.9044957 0.9047387 0.9047601 0.9053924 0.9053058 0.9053374 
       41        42        43        44        45        46        47        48        49        50 
0.9060180 0.9073736 0.9067945 0.9082431 0.9082732 0.9096478 0.9109233 0.9126061 0.9136583 0.9134869 

$`NAIVE BAYES`$`St Dev F1 Measure`
          1           2           3           4           5           6           7           8 
0.000000000 0.019545344 0.012086087 0.019739604 0.015574261 0.015568525 0.014389298 0.011066246 
          9          10          11          12          13          14          15          16 
0.012160783 0.015783251 0.016252752 0.018549658 0.011709154 0.014003366 0.013433906 0.012720633 
         17          18          19          20          21          22          23          24 
0.012265307 0.013101935 0.012439387 0.011980387 0.011288124 0.012235314 0.011554770 0.012562915 
         25          26          27          28          29          30          31          32 
0.012001686 0.010947452 0.012065035 0.012615933 0.010342186 0.012074258 0.010857469 0.011033975 
         33          34          35          36          37          38          39          40 
0.011307030 0.011387431 0.010053972 0.013061731 0.012064697 0.012369575 0.011973962 0.012124192 
         41          42          43          44          45          46          47          48 
0.011898730 0.010967306 0.010830734 0.010277637 0.009550973 0.008844692 0.009591146 0.009175148 
         49          50 
0.009286008 0.009499055 

$`NAIVE BAYES`$`Micro Ave F1 Measure`
        1         2         3         4         5         6         7         8         9        10 
      NaN 0.8305732 0.8389403 0.8208191 0.8515996 0.8490017 0.8606036 0.8586755 0.8560231 0.8583762 
       11        12        13        14        15        16        17        18        19        20 
0.8605220 0.8636364 0.8775917 0.8788362 0.8784674 0.8784674 0.8784188 0.8772281 0.8830910 0.8898121 
       21        22        23        24        25        26        27        28        29        30 
0.8912142 0.8902487 0.8900296 0.8893281 0.8911243 0.8922652 0.8973906 0.8997651 0.9022057 0.9027859 
       31        32        33        34        35        36        37        38        39        40 
0.9038162 0.9039922 0.9044933 0.9040296 0.9045950 0.9049104 0.9048733 0.9054765 0.9054028 0.9054318 
       41        42        43        44        45        46        47        48        49        50 
0.9061097 0.9074580 0.9069268 0.9083463 0.9083821 0.9097276 0.9109988 0.9125800 0.9136328 0.9134560 


$SVM
$SVM$`Accuracy per Fold`
   1         2         3         4         5         6         7         8         9        10
1  0 0.8915835 0.8972896 0.8944365 0.9044223 0.9044223 0.9129815 0.9129815 0.9129815 0.9115549
2  0 0.8997175 0.9039548 0.9053672 0.9138418 0.9166667 0.9166667 0.9138418 0.9180791 0.9180791
3  0 0.8712871 0.8939180 0.8939180 0.9123055 0.9137199 0.9151344 0.9151344 0.9123055 0.9123055
4  0 0.8827684 0.9053672 0.9053672 0.9194915 0.9223164 0.9307910 0.9307910 0.9307910 0.9378531
5  0 0.9067797 0.9053672 0.9039548 0.9110169 0.9096045 0.9110169 0.9124294 0.9110169 0.9124294
6  0 0.8981612 0.8967468 0.8981612 0.8995757 0.9009901 0.9009901 0.9009901 0.9009901 0.9009901
7  0 0.8728814 0.8855932 0.8884181 0.8968927 0.8968927 0.9124294 0.9124294 0.9110169 0.9110169
8  0 0.8939180 0.8981612 0.8967468 0.8981612 0.9009901 0.9038190 0.9038190 0.9080622 0.9066478
9  0 0.9124294 0.9096045 0.9096045 0.9081921 0.9110169 0.9223164 0.9180791 0.9180791 0.9194915
10 0 0.8972896 0.8972896 0.9015692 0.9101284 0.9115549 0.9144080 0.9144080 0.9144080 0.9144080
          11        12        13        14        15        16        17        18        19
1  0.9144080 0.9129815 0.9243937 0.9243937 0.9243937 0.9243937 0.9243937 0.9243937 0.9243937
2  0.9180791 0.9322034 0.9350282 0.9364407 0.9364407 0.9378531 0.9392655 0.9392655 0.9378531
3  0.9123055 0.9123055 0.9236209 0.9250354 0.9250354 0.9250354 0.9250354 0.9250354 0.9335219
4  0.9392655 0.9420904 0.9435028 0.9435028 0.9406780 0.9406780 0.9435028 0.9463277 0.9449153
5  0.9166667 0.9166667 0.9279661 0.9307910 0.9307910 0.9322034 0.9336158 0.9322034 0.9322034
6  0.9009901 0.9179632 0.9264498 0.9264498 0.9264498 0.9250354 0.9264498 0.9250354 0.9264498
7  0.9166667 0.9166667 0.9237288 0.9406780 0.9406780 0.9392655 0.9406780 0.9378531 0.9378531
8  0.9066478 0.9066478 0.9250354 0.9236209 0.9222065 0.9236209 0.9222065 0.9250354 0.9321075
9  0.9209040 0.9194915 0.9237288 0.9223164 0.9223164 0.9223164 0.9251412 0.9251412 0.9265537
10 0.9172611 0.9229672 0.9329529 0.9329529 0.9329529 0.9343795 0.9343795 0.9358060 0.9429387
          20        21        22        23        24        25        26        27        28
1  0.9358060 0.9443652 0.9415121 0.9386591 0.9386591 0.9400856 0.9400856 0.9514979 0.9657632
2  0.9364407 0.9364407 0.9491525 0.9463277 0.9463277 0.9435028 0.9449153 0.9449153 0.9519774
3  0.9292786 0.9306931 0.9306931 0.9321075 0.9306931 0.9377652 0.9377652 0.9377652 0.9434229
4  0.9449153 0.9435028 0.9449153 0.9477401 0.9477401 0.9477401 0.9463277 0.9590395 0.9576271
5  0.9336158 0.9392655 0.9364407 0.9364407 0.9364407 0.9378531 0.9378531 0.9378531 0.9378531
6  0.9236209 0.9250354 0.9236209 0.9264498 0.9236209 0.9236209 0.9278642 0.9278642 0.9292786
7  0.9378531 0.9364407 0.9392655 0.9378531 0.9378531 0.9378531 0.9336158 0.9477401 0.9463277
8  0.9321075 0.9321075 0.9306931 0.9306931 0.9321075 0.9476662 0.9490806 0.9490806 0.9476662
9  0.9209040 0.9237288 0.9265537 0.9251412 0.9265537 0.9265537 0.9251412 0.9477401 0.9477401
10 0.9429387 0.9429387 0.9429387 0.9415121 0.9415121 0.9415121 0.9400856 0.9514979 0.9500713
          29        30        31        32        33        34        35        36        37
1  0.9629101 0.9629101 0.9629101 0.9629101 0.9629101 0.9629101 0.9629101 0.9629101 0.9600571
2  0.9548023 0.9576271 0.9562147 0.9548023 0.9548023 0.9562147 0.9562147 0.9548023 0.9548023
3  0.9420085 0.9504950 0.9504950 0.9533239 0.9547383 0.9533239 0.9547383 0.9519095 0.9519095
4  0.9590395 0.9590395 0.9562147 0.9562147 0.9632768 0.9675141 0.9675141 0.9661017 0.9661017
5  0.9350282 0.9350282 0.9604520 0.9618644 0.9618644 0.9646893 0.9646893 0.9646893 0.9646893
6  0.9363508 0.9349364 0.9405941 0.9405941 0.9363508 0.9363508 0.9363508 0.9377652 0.9363508
7  0.9491525 0.9477401 0.9519774 0.9519774 0.9533898 0.9548023 0.9505650 0.9491525 0.9505650
8  0.9490806 0.9476662 0.9476662 0.9504950 0.9519095 0.9504950 0.9519095 0.9504950 0.9504950
9  0.9505650 0.9491525 0.9463277 0.9477401 0.9477401 0.9477401 0.9477401 0.9491525 0.9477401
10 0.9486448 0.9443652 0.9486448 0.9486448 0.9486448 0.9472183 0.9472183 0.9457917 0.9457917
          38        39        40        41        42        43        44        45        46
1  0.9600571 0.9586305 0.9600571 0.9572040 0.9586305 0.9586305 0.9586305 0.9614836 0.9614836
2  0.9533898 0.9533898 0.9533898 0.9548023 0.9548023 0.9576271 0.9562147 0.9562147 0.9562147
3  0.9490806 0.9504950 0.9519095 0.9547383 0.9547383 0.9533239 0.9547383 0.9561528 0.9547383
4  0.9661017 0.9661017 0.9675141 0.9675141 0.9675141 0.9675141 0.9675141 0.9632768 0.9632768
5  0.9646893 0.9646893 0.9646893 0.9675141 0.9661017 0.9661017 0.9675141 0.9675141 0.9717514
6  0.9363508 0.9377652 0.9377652 0.9377652 0.9391796 0.9377652 0.9420085 0.9420085 0.9504950
7  0.9505650 0.9505650 0.9505650 0.9505650 0.9519774 0.9519774 0.9533898 0.9533898 0.9519774
8  0.9533239 0.9533239 0.9533239 0.9533239 0.9533239 0.9490806 0.9519095 0.9533239 0.9533239
9  0.9477401 0.9477401 0.9477401 0.9463277 0.9519774 0.9519774 0.9519774 0.9505650 0.9519774
10 0.9457917 0.9486448 0.9500713 0.9500713 0.9500713 0.9500713 0.9500713 0.9500713 0.9457917
          47        48        49        50
1  0.9600571 0.9714693 0.9728959 0.9728959
2  0.9562147 0.9562147 0.9576271 0.9576271
3  0.9561528 0.9561528 0.9561528 0.9547383
4  0.9632768 0.9618644 0.9618644 0.9632768
5  0.9703390 0.9703390 0.9717514 0.9717514
6  0.9504950 0.9547383 0.9547383 0.9547383
7  0.9505650 0.9590395 0.9590395 0.9576271
8  0.9575672 0.9589816 0.9632249 0.9632249
9  0.9505650 0.9519774 0.9477401 0.9491525
10 0.9457917 0.9486448 0.9500713 0.9529244

$SVM$`Mean Accuracy`
        1         2         3         4         5         6         7         8         9        10 
0.0000000 0.8926816 0.8993292 0.8997544 0.9074028 0.9088174 0.9140553 0.9134903 0.9137730 0.9144776 
       11        12        13        14        15        16        17        18        19        20 
0.9163194 0.9199984 0.9286408 0.9306182 0.9301942 0.9304781 0.9314668 0.9316097 0.9338790 0.9337481 
       21        22        23        24        25        26        27        28        29        30 
0.9354518 0.9365786 0.9362924 0.9361508 0.9384153 0.9382734 0.9454994 0.9477728 0.9487582 0.9488960 
       31        32        33        34        35        36        37        38        39        40 
0.9521497 0.9528567 0.9535627 0.9541259 0.9539850 0.9532770 0.9528502 0.9527090 0.9531345 0.9537025 
       41        42        43        44        45        46        47        48        49        50 
0.9539826 0.9548317 0.9544069 0.9553968 0.9554001 0.9561030 0.9561024 0.9589422 0.9595106 0.9597957 

$SVM$`St Dev Accuracy`
          1           2           3           4           5           6           7           8 
0.000000000 0.013500099 0.006945866 0.006526946 0.007444354 0.007922333 0.008465265 0.008002351 
          9          10          11          12          13          14          15          16 
0.007753753 0.009759207 0.010000332 0.010323048 0.006582980 0.007540736 0.007202985 0.007178247 
         17          18          19          20          21          22          23          24 
0.007788607 0.007858113 0.006994926 0.007657418 0.007428036 0.008415011 0.007725518 0.007966149 
         25          26          27          28          29          30          31          32 
0.007968135 0.007712058 0.008868107 0.010028738 0.009031211 0.009361301 0.006834109 0.006651084 
         33          34          35          36          37          38          39          40 
0.008237296 0.009375425 0.009396057 0.009006868 0.009014402 0.009040763 0.008373300 0.008614480 
         41          42          43          44          45          46          47          48 
0.008986647 0.008086430 0.008652981 0.007751042 0.007352195 0.007503320 0.007234420 0.007324266 
         49          50 
0.008258345 0.007884458 

$SVM$`Precisions per Fold`
   1         2         3         4         5         6         7         8         9        10
1  0 0.9693878 0.9700000 0.9696970 0.9406393 0.9406393 0.9461883 0.9461883 0.9461883 0.9459459
2  0 0.9547511 0.9594595 0.9638009 0.9489362 0.9493671 0.9493671 0.9489362 0.9458333 0.9458333
3  0 0.9793814 0.9675926 0.9675926 0.9574468 0.9576271 0.9656652 0.9656652 0.9653680 0.9460581
4  0 0.9901478 0.9735683 0.9735683 0.9629630 0.9670782 0.9716599 0.9716599 0.9716599 0.9648438
5  0 0.9594595 0.9551570 0.9549550 0.9480519 0.9478261 0.9404255 0.9444444 0.9442060 0.9482759
6  0 0.9805825 0.9758454 0.9805825 0.9502262 0.9504505 0.9504505 0.9545455 0.9545455 0.9545455
7  0 0.9947090 0.9757282 0.9805825 0.9553571 0.9553571 0.9735683 0.9735683 0.9692982 0.9692982
8  0 0.9696970 0.9701493 0.9700000 0.9395349 0.9400922 0.9406393 0.9406393 0.9454545 0.9493088
9  0 0.9907407 0.9772727 0.9411765 0.9409283 0.9451477 0.9581590 0.9576271 0.9576271 0.9578059
10 0 0.9619048 0.9532710 0.9539171 0.9511111 0.9513274 0.9401709 0.9439655 0.9439655 0.9439655
          11        12        13        14        15        16        17        18        19
1  0.9424779 0.9422222 0.9519651 0.9519651 0.9559471 0.9559471 0.9559471 0.9559471 0.9559471
2  0.9458333 0.9552846 0.9520000 0.9521912 0.9521912 0.9560000 0.9561753 0.9561753 0.9560000
3  0.9460581 0.9460581 0.9477912 0.9516129 0.9516129 0.9516129 0.9516129 0.9516129 0.9600000
4  0.9686275 0.9725490 0.9726562 0.9726562 0.9724409 0.9724409 0.9726562 0.9728682 0.9727626
5  0.9451477 0.9451477 0.9543568 0.9623431 0.9662447 0.9663866 0.9665272 0.9663866 0.9663866
6  0.9545455 0.9690265 0.9658120 0.9658120 0.9658120 0.9617021 0.9658120 0.9617021 0.9658120
7  0.9658120 0.9658120 0.9626556 0.9718876 0.9718876 0.9717742 0.9757085 0.9716599 0.9716599
8  0.9493088 0.9452055 0.9561404 0.9559471 0.9557522 0.9559471 0.9557522 0.9601770 0.9531915
9  0.9658120 0.9617021 0.9583333 0.9581590 0.9581590 0.9620253 0.9702128 0.9702128 0.9703390
10 0.9482759 0.9491525 0.9543568 0.9543568 0.9543568 0.9583333 0.9583333 0.9585062 0.9669421
          20        21        22        23        24        25        26        27        28
1  0.9574468 0.9742489 0.9699571 0.9617021 0.9617021 0.9658120 0.9658120 0.9829060 0.9836066
2  0.9558233 0.9595142 0.9836066 0.9756098 0.9756098 0.9677419 0.9716599 0.9716599 0.9760000
3  0.9558233 0.9596774 0.9596774 0.9598394 0.9596774 0.9498069 0.9498069 0.9498069 0.9540230
4  0.9764706 0.9726562 0.9727626 0.9729730 0.9729730 0.9729730 0.9765625 0.9702602 0.9701493
5  0.9704641 0.9789030 0.9707113 0.9707113 0.9707113 0.9747899 0.9747899 0.9747899 0.9747899
6  0.9537815 0.9502075 0.9462810 0.9541667 0.9537815 0.9537815 0.9433198 0.9362550 0.9435484
7  0.9716599 0.9715447 0.9756098 0.9716599 0.9716599 0.9716599 0.9752066 0.9724409 0.9723320
8  0.9531915 0.9531915 0.9529915 0.9529915 0.9570815 0.9628099 0.9629630 0.9629630 0.9590164
9  0.9579832 0.9661017 0.9703390 0.9702128 0.9743590 0.9784483 0.9742489 0.9683794 0.9683794
10 0.9593496 0.9631148 0.9631148 0.9629630 0.9629630 0.9629630 0.9628099 0.9603175 0.9601594
          29        30        31        32        33        34        35        36        37
1  0.9795082 0.9795082 0.9795082 0.9795082 0.9756098 0.9756098 0.9756098 0.9756098 0.9754098
2  0.9838710 0.9689922 0.9688716 0.9651163 0.9615385 0.9652510 0.9652510 0.9651163 0.9651163
3  0.9503817 0.9618321 0.9618321 0.9656489 0.9729730 0.9728682 0.9729730 0.9691120 0.9691120
4  0.9702602 0.9702602 0.9630996 0.9630996 0.9740741 0.9778598 0.9778598 0.9777778 0.9777778
5  0.9705882 0.9705882 0.9763780 0.9691120 0.9691120 0.9766537 0.9766537 0.9766537 0.9766537
6  0.9482072 0.9480000 0.9596774 0.9596774 0.9482072 0.9518072 0.9518072 0.9556452 0.9518072
7  0.9762846 0.9761905 0.9764706 0.9764706 0.9765625 0.9766537 0.9763780 0.9762846 0.9801587
8  0.9629630 0.9590164 0.9590164 0.9631148 0.9632653 0.9631148 0.9632653 0.9631148 0.9631148
9  0.9686275 0.9648438 0.9645669 0.9575290 0.9575290 0.9575290 0.9575290 0.9612403 0.9575290
10 0.9600000 0.9486166 0.9600000 0.9600000 0.9600000 0.9598394 0.9598394 0.9560000 0.9523810
          38        39        40        41        42        43        44        45        46
1  0.9754098 0.9753086 0.9754098 0.9752066 0.9753086 0.9753086 0.9753086 0.9755102 0.9755102
2  0.9686275 0.9686275 0.9686275 0.9687500 0.9687500 0.9726562 0.9688716 0.9725490 0.9688716
3  0.9688716 0.9726562 0.9764706 0.9803922 0.9803922 0.9765625 0.9766537 0.9804687 0.9766537
4  0.9777778 0.9777778 0.9778598 0.9778598 0.9778598 0.9778598 0.9778598 0.9776119 0.9776119
5  0.9766537 0.9766537 0.9766537 0.9843137 0.9842520 0.9804688 0.9805447 0.9731801 0.9807692
6  0.9518072 0.9556452 0.9556452 0.9556452 0.9595142 0.9593496 0.9673469 0.9673469 0.9718876
7  0.9763780 0.9763780 0.9763780 0.9763780 0.9764706 0.9764706 0.9765625 0.9765625 0.9727626
8  0.9672131 0.9672131 0.9634146 0.9596774 0.9596774 0.9554656 0.9595142 0.9634146 0.9634146
9  0.9575290 0.9575290 0.9575290 0.9538462 0.9615385 0.9580153 0.9580153 0.9543726 0.9580153
10 0.9523810 0.9492188 0.9529412 0.9529412 0.9529412 0.9529412 0.9529412 0.9494163 0.9351145
          47        48        49        50
1  0.9715447 0.9800000 0.9800797 0.9800797
2  0.9688716 0.9688716 0.9726562 0.9726562
3  0.9767442 0.9767442 0.9767442 0.9729730
4  0.9776119 0.9775281 0.9775281 0.9776119
5  0.9806950 0.9806950 0.9844961 0.9844961
6  0.9718876 0.9760000 0.9760000 0.9760000
7  0.9726562 0.9732824 0.9732824 0.9731801
8  0.9753086 0.9754098 0.9718876 0.9718876
9  0.9543726 0.9580153 0.9540230 0.9576923
10 0.9318182 0.9356061 0.9358491 0.9396226

$SVM$`Mean Precisions`
        1         2         3         4         5         6         7         8         9        10 
0.0000000 0.9750762 0.9678044 0.9655872 0.9495195 0.9504913 0.9536294 0.9547240 0.9544146 0.9525881 
       11        12        13        14        15        16        17        18        19        20 
0.9531898 0.9552160 0.9576067 0.9596931 0.9604405 0.9612170 0.9628738 0.9625248 0.9639041 0.9611994 
       21        22        23        24        25        26        27        28        29        30 
0.9649160 0.9665051 0.9652829 0.9660518 0.9660786 0.9657180 0.9649779 0.9662004 0.9670691 0.9647848 
       31        32        33        34        35        36        37        38        39        40 
0.9669421 0.9659277 0.9658871 0.9677186 0.9677166 0.9676554 0.9669060 0.9672649 0.9677008 0.9680929 
       41        42        43        44        45        46        47        48        49        50 
0.9685010 0.9696704 0.9685098 0.9693619 0.9690433 0.9680611 0.9681511 0.9702152 0.9702546 0.9706200 

$SVM$`St Dev Precisions`
          1           2           3           4           5           6           7           8 
0.000000000 0.014136651 0.008828578 0.012481601 0.007713869 0.008114103 0.012892269 0.012001172 
          9          10          11          12          13          14          15          16 
0.010975874 0.008797545 0.009901774 0.011237668 0.007473775 0.008078519 0.007943905 0.007058159 
         17          18          19          20          21          22          23          24 
0.008348358 0.007374460 0.007109123 0.008388295 0.009437912 0.011098365 0.008046429 0.007898994 
         25          26          27          28          29          30          31          32 
0.009109175 0.011396466 0.013492612 0.011926776 0.011775823 0.010611144 0.007829863 0.007204252 
         33          34          35          36          37          38          39          40 
0.009303589 0.009414362 0.009384068 0.008638417 0.010596042 0.010043011 0.010170306 0.009884523 
         41          42          43          44          45          46          47          48 
0.011954093 0.010658995 0.010690880 0.009645478 0.010364096 0.013447126 0.014636896 0.013824159 
         49          50 
0.014499771 0.012934317 

$SVM$`Micro Ave Precisions`
        1         2         3         4         5         6         7         8         9        10 
      NaN 0.9746959 0.9676966 0.9651325 0.9496718 0.9506766 0.9537997 0.9549003 0.9545455 0.9526882 
       11        12        13        14        15        16        17        18        19        20 
0.9533390 0.9553951 0.9576588 0.9598011 0.9605154 0.9613145 0.9629630 0.9625935 0.9639901 0.9613009 
       21        22        23        24        25        26        27        28        29        30 
0.9649195 0.9665704 0.9653894 0.9661437 0.9659836 0.9655879 0.9648000 0.9661355 0.9669717 0.9647664 
       31        32        33        34        35        36        37        38        39        40 
0.9669161 0.9658824 0.9659491 0.9678305 0.9678179 0.9677546 0.9669811 0.9673357 0.9677419 0.9681604 
       41        42        43        44        45        46        47        48        49        50 
0.9685535 0.9697327 0.9685905 0.9694118 0.9690439 0.9680062 0.9680062 0.9700738 0.9701203 0.9705083 

$SVM$`Recalls per Fold`
   1         2         3         4         5         6         7         8         9        10
1  0 0.7307692 0.7461538 0.7384615 0.7923077 0.7923077 0.8115385 0.8115385 0.8115385 0.8076923
2  0 0.7757353 0.7830882 0.7830882 0.8198529 0.8272059 0.8272059 0.8198529 0.8345588 0.8345588
3  0 0.6859206 0.7545126 0.7545126 0.8122744 0.8158845 0.8122744 0.8122744 0.8050542 0.8231047
4  0 0.7127660 0.7836879 0.7836879 0.8297872 0.8333333 0.8510638 0.8510638 0.8510638 0.8758865
5  0 0.7888889 0.7888889 0.7851852 0.8111111 0.8074074 0.8185185 0.8185185 0.8148148 0.8148148
6  0 0.7481481 0.7481481 0.7481481 0.7777778 0.7814815 0.7814815 0.7777778 0.7777778 0.7777778
7  0 0.6787004 0.7256318 0.7292419 0.7725632 0.7725632 0.7978339 0.7978339 0.7978339 0.7978339
8  0 0.7356322 0.7471264 0.7432950 0.7739464 0.7816092 0.7892720 0.7892720 0.7969349 0.7892720
9  0 0.7810219 0.7846715 0.8175182 0.8138686 0.8175182 0.8357664 0.8248175 0.8248175 0.8284672
10 0 0.7593985 0.7669173 0.7781955 0.8045113 0.8082707 0.8270677 0.8233083 0.8233083 0.8233083
          11        12        13        14        15        16        17        18        19
1  0.8192308 0.8153846 0.8384615 0.8384615 0.8346154 0.8346154 0.8346154 0.8346154 0.8346154
2  0.8345588 0.8639706 0.8750000 0.8786765 0.8786765 0.8786765 0.8823529 0.8823529 0.8786765
3  0.8231047 0.8231047 0.8519856 0.8519856 0.8519856 0.8519856 0.8519856 0.8519856 0.8664260
4  0.8758865 0.8794326 0.8829787 0.8829787 0.8758865 0.8758865 0.8829787 0.8900709 0.8865248
5  0.8296296 0.8296296 0.8518519 0.8518519 0.8481481 0.8518519 0.8555556 0.8518519 0.8518519
6  0.7777778 0.8111111 0.8370370 0.8370370 0.8370370 0.8370370 0.8370370 0.8370370 0.8370370
7  0.8158845 0.8158845 0.8375451 0.8736462 0.8736462 0.8700361 0.8700361 0.8664260 0.8664260
8  0.7892720 0.7931034 0.8352490 0.8314176 0.8275862 0.8314176 0.8275862 0.8314176 0.8582375
9  0.8248175 0.8248175 0.8394161 0.8357664 0.8357664 0.8321168 0.8321168 0.8321168 0.8357664
10 0.8270677 0.8421053 0.8646617 0.8646617 0.8646617 0.8646617 0.8646617 0.8684211 0.8796992
          20        21        22        23        24        25        26        27        28
1  0.8653846 0.8730769 0.8692308 0.8692308 0.8692308 0.8692308 0.8692308 0.8846154 0.9230769
2  0.8750000 0.8713235 0.8823529 0.8823529 0.8823529 0.8823529 0.8823529 0.8823529 0.8970588
3  0.8592058 0.8592058 0.8592058 0.8628159 0.8592058 0.8880866 0.8880866 0.8880866 0.8989170
4  0.8829787 0.8829787 0.8865248 0.8936170 0.8936170 0.8936170 0.8865248 0.9255319 0.9219858
5  0.8518519 0.8592593 0.8592593 0.8592593 0.8592593 0.8592593 0.8592593 0.8592593 0.8592593
6  0.8407407 0.8481481 0.8481481 0.8481481 0.8407407 0.8407407 0.8629630 0.8703704 0.8666667
7  0.8664260 0.8628159 0.8664260 0.8664260 0.8664260 0.8664260 0.8519856 0.8916968 0.8880866
8  0.8582375 0.8582375 0.8544061 0.8544061 0.8544061 0.8927203 0.8965517 0.8965517 0.8965517
9  0.8321168 0.8321168 0.8357664 0.8321168 0.8321168 0.8284672 0.8284672 0.8941606 0.8941606
10 0.8872180 0.8834586 0.8834586 0.8796992 0.8796992 0.8796992 0.8759398 0.9097744 0.9060150
          29        30        31        32        33        34        35        36        37
1  0.9192308 0.9192308 0.9192308 0.9192308 0.9230769 0.9230769 0.9230769 0.9230769 0.9153846
2  0.8970588 0.9191176 0.9154412 0.9154412 0.9191176 0.9191176 0.9191176 0.9154412 0.9154412
3  0.8989170 0.9097473 0.9097473 0.9133574 0.9097473 0.9061372 0.9097473 0.9061372 0.9061372
4  0.9255319 0.9255319 0.9255319 0.9255319 0.9326241 0.9397163 0.9397163 0.9361702 0.9361702
5  0.8555556 0.8555556 0.9185185 0.9296296 0.9296296 0.9296296 0.9296296 0.9296296 0.9296296
6  0.8814815 0.8777778 0.8814815 0.8814815 0.8814815 0.8777778 0.8777778 0.8777778 0.8777778
7  0.8916968 0.8880866 0.8989170 0.8989170 0.9025271 0.9061372 0.8953069 0.8916968 0.8916968
8  0.8965517 0.8965517 0.8965517 0.9003831 0.9042146 0.9003831 0.9042146 0.9003831 0.9003831
9  0.9014599 0.9014599 0.8941606 0.9051095 0.9051095 0.9051095 0.9051095 0.9051095 0.9051095
10 0.9022556 0.9022556 0.9022556 0.9022556 0.9022556 0.8984962 0.8984962 0.8984962 0.9022556
          38        39        40        41        42        43        44        45        46
1  0.9153846 0.9115385 0.9153846 0.9076923 0.9115385 0.9115385 0.9115385 0.9192308 0.9192308
2  0.9080882 0.9080882 0.9080882 0.9117647 0.9117647 0.9154412 0.9154412 0.9117647 0.9154412
3  0.8989170 0.8989170 0.8989170 0.9025271 0.9025271 0.9025271 0.9061372 0.9061372 0.9061372
4  0.9361702 0.9361702 0.9397163 0.9397163 0.9397163 0.9397163 0.9397163 0.9290780 0.9290780
5  0.9296296 0.9296296 0.9296296 0.9296296 0.9259259 0.9296296 0.9333333 0.9407407 0.9444444
6  0.8777778 0.8777778 0.8777778 0.8777778 0.8777778 0.8740741 0.8777778 0.8777778 0.8962963
7  0.8953069 0.8953069 0.8953069 0.8953069 0.8989170 0.8989170 0.9025271 0.9025271 0.9025271
8  0.9042146 0.9042146 0.9080460 0.9118774 0.9118774 0.9042146 0.9080460 0.9080460 0.9080460
9  0.9051095 0.9051095 0.9051095 0.9051095 0.9124088 0.9160584 0.9160584 0.9160584 0.9160584
10 0.9022556 0.9135338 0.9135338 0.9135338 0.9135338 0.9135338 0.9135338 0.9172932 0.9210526
          47        48        49        50
1  0.9192308 0.9423077 0.9461538 0.9461538
2  0.9154412 0.9154412 0.9154412 0.9154412
3  0.9097473 0.9097473 0.9097473 0.9097473
4  0.9290780 0.9255319 0.9255319 0.9290780
5  0.9407407 0.9407407 0.9407407 0.9407407
6  0.8962963 0.9037037 0.9037037 0.9037037
7  0.8989170 0.9205776 0.9205776 0.9169675
8  0.9080460 0.9118774 0.9272031 0.9272031
9  0.9160584 0.9160584 0.9087591 0.9087591
10 0.9248120 0.9285714 0.9323308 0.9360902

$SVM$`Mean Recalls`
        1         2         3         4         5         6         7         8         9        10 
0.0000000 0.7396981 0.7628827 0.7661334 0.8008001 0.8037582 0.8152023 0.8126258 0.8137702 0.8172716 
       11        12        13        14        15        16        17        18        19        20 
0.8217230 0.8298544 0.8514187 0.8546483 0.8528010 0.8528285 0.8538926 0.8546295 0.8595261 0.8619160 
       21        22        23        24        25        26        27        28        29        30 
0.8630621 0.8644779 0.8648072 0.8637055 0.8700600 0.8701362 0.8902400 0.8951778 0.8969739 0.8995315 
       31        32        33        34        35        36        37        38        39        40 
0.9061836 0.9091338 0.9109784 0.9105582 0.9102193 0.9083919 0.9079986 0.9072854 0.9080286 0.9091510 
       41        42        43        44        45        46        47        48        49        50 
0.9094935 0.9105987 0.9105650 0.9124110 0.9128654 0.9158312 0.9158368 0.9214557 0.9230189 0.9233885 

$SVM$`St Dev Recalls`
         1          2          3          4          5          6          7          8          9 
0.00000000 0.03847065 0.02163173 0.02759089 0.02040260 0.02077825 0.02144225 0.02056718 0.02095203 
        10         11         12         13         14         15         16         17         18 
0.02738557 0.02630074 0.02571090 0.01732280 0.01921927 0.01916355 0.01857737 0.02071209 0.02140723 
        19         20         21         22         23         24         25         26         27 
0.01929081 0.01746725 0.01568420 0.01646450 0.01786037 0.01882043 0.02200391 0.02029739 0.01867123 
        28         29         30         31         32         33         34         35         36 
0.02051620 0.01928227 0.02137021 0.01378764 0.01436686 0.01537789 0.01775217 0.01815363 0.01789442 
        37         38         39         40         41         42         43         44         45 
0.01717014 0.01674488 0.01661402 0.01735588 0.01707562 0.01625271 0.01779256 0.01687667 0.01672633 
        46         47         48         49         50 
0.01393005 0.01355526 0.01284094 0.01404659 0.01460441 

$SVM$`Micro Ave Recalls`
        1         2         3         4         5         6         7         8         9        10 
      NaN 0.7393872 0.7630122 0.7663344 0.8010336 0.8039867 0.8154300 0.8128461 0.8139535 0.8176449 
       11        12        13        14        15        16        17        18        19        20 
0.8220746 0.8301956 0.8516058 0.8549280 0.8530823 0.8530823 0.8541897 0.8549280 0.8597268 0.8619417 
       21        22        23        24        25        26        27        28        29        30 
0.8630491 0.8645257 0.8648948 0.8637874 0.8700628 0.8700628 0.8903654 0.8951643 0.8970100 0.8995939 
       31        32        33        34        35        36        37        38        39        40 
0.9062385 0.9091916 0.9110373 0.9106681 0.9102990 0.9084533 0.9080842 0.9073459 0.9080842 0.9091916 
       41        42        43        44        45        46        47        48        49        50 
0.9095607 0.9106681 0.9106681 0.9125138 0.9128830 0.9158361 0.9158361 0.9213732 0.9228498 0.9232189 

$SVM$`F1 Measure`
   1         2         3         4         5         6         7         8         9        10
1  0 0.8333333 0.8434783 0.8384279 0.8601253 0.8601253 0.8737060 0.8737060 0.8737060 0.8713693
2  0 0.8559838 0.8623482 0.8640974 0.8796844 0.8840864 0.8840864 0.8796844 0.8867188 0.8867188
3  0 0.8067941 0.8478702 0.8478702 0.8789062 0.8810916 0.8823529 0.8823529 0.8779528 0.8803089
4  0 0.8288660 0.8683694 0.8683694 0.8914286 0.8952381 0.9073724 0.9073724 0.9073724 0.9182156
5  0 0.8658537 0.8640974 0.8617886 0.8742515 0.8720000 0.8752475 0.8769841 0.8747515 0.8764940
6  0 0.8487395 0.8469602 0.8487395 0.8553971 0.8577236 0.8577236 0.8571429 0.8571429 0.8571429
7  0 0.8068670 0.8322981 0.8364389 0.8542914 0.8542914 0.8769841 0.8769841 0.8752475 0.8752475
8  0 0.8366013 0.8441558 0.8416486 0.8487395 0.8535565 0.8583333 0.8583333 0.8648649 0.8619247
9  0 0.8734694 0.8704453 0.8750000 0.8727984 0.8767123 0.8927875 0.8862745 0.8862745 0.8884540
10 0 0.8487395 0.8500000 0.8571429 0.8716904 0.8739837 0.8800000 0.8795181 0.8795181 0.8795181
          11        12        13        14        15        16        17        18        19
1  0.8765432 0.8742268 0.8916155 0.8916155 0.8911704 0.8911704 0.8911704 0.8911704 0.8911704
2  0.8867188 0.9073359 0.9118774 0.9139579 0.9139579 0.9157088 0.9177820 0.9177820 0.9157088
3  0.8803089 0.8803089 0.8973384 0.8990476 0.8990476 0.8990476 0.8990476 0.8990476 0.9108159
4  0.9199255 0.9236499 0.9256506 0.9256506 0.9216418 0.9216418 0.9256506 0.9296296 0.9276438
5  0.8836292 0.8836292 0.9001957 0.9037328 0.9033531 0.9055118 0.9076621 0.9055118 0.9055118
6  0.8571429 0.8830645 0.8968254 0.8968254 0.8968254 0.8950495 0.8968254 0.8950495 0.8968254
7  0.8845401 0.8845401 0.8957529 0.9201521 0.9201521 0.9180952 0.9198473 0.9160305 0.9160305
8  0.8619247 0.8625000 0.8916155 0.8893443 0.8870637 0.8893443 0.8870637 0.8911704 0.9032258
9  0.8897638 0.8880157 0.8949416 0.8927875 0.8927875 0.8923679 0.8958743 0.8958743 0.8980392
10 0.8835341 0.8924303 0.9072978 0.9072978 0.9072978 0.9090909 0.9090909 0.9112426 0.9212598
          20        21        22        23        24        25        26        27        28
1  0.9090909 0.9208925 0.9168357 0.9131313 0.9131313 0.9149798 0.9149798 0.9311741 0.9523810
2  0.9136276 0.9132948 0.9302326 0.9266409 0.9266409 0.9230769 0.9248555 0.9248555 0.9348659
3  0.9049430 0.9066667 0.9066667 0.9087452 0.9066667 0.9179104 0.9179104 0.9179104 0.9256506
4  0.9273743 0.9256506 0.9276438 0.9316081 0.9316081 0.9316081 0.9293680 0.9473684 0.9454545
5  0.9072978 0.9151874 0.9115914 0.9115914 0.9115914 0.9133858 0.9133858 0.9133858 0.9133858
6  0.8937008 0.8962818 0.8945312 0.8980392 0.8937008 0.8937008 0.9013540 0.9021113 0.9034749
7  0.9160305 0.9139579 0.9177820 0.9160305 0.9160305 0.9160305 0.9094412 0.9303202 0.9283019
8  0.9032258 0.9032258 0.9010101 0.9010101 0.9028340 0.9264414 0.9285714 0.9285714 0.9267327
9  0.8906250 0.8941176 0.8980392 0.8958743 0.8976378 0.8972332 0.8954635 0.9297913 0.9297913
10 0.9218750 0.9215686 0.9215686 0.9194499 0.9194499 0.9194499 0.9173228 0.9343629 0.9323017
          29        30        31        32        33        34        35        36        37
1  0.9484127 0.9484127 0.9484127 0.9484127 0.9486166 0.9486166 0.9486166 0.9486166 0.9444444
2  0.9384615 0.9433962 0.9413989 0.9396226 0.9398496 0.9416196 0.9416196 0.9396226 0.9396226
3  0.9239332 0.9350649 0.9350649 0.9387755 0.9402985 0.9383178 0.9402985 0.9365672 0.9365672
4  0.9473684 0.9473684 0.9439421 0.9439421 0.9528986 0.9584087 0.9584087 0.9565217 0.9565217
5  0.9094488 0.9094488 0.9465649 0.9489603 0.9489603 0.9525617 0.9525617 0.9525617 0.9525617
6  0.9136276 0.9115385 0.9189189 0.9189189 0.9136276 0.9132948 0.9132948 0.9150579 0.9132948
7  0.9320755 0.9300567 0.9360902 0.9360902 0.9380863 0.9400749 0.9340866 0.9320755 0.9338374
8  0.9285714 0.9267327 0.9267327 0.9306931 0.9328063 0.9306931 0.9328063 0.9306931 0.9306931
9  0.9338374 0.9320755 0.9280303 0.9305816 0.9305816 0.9305816 0.9305816 0.9323308 0.9305816
10 0.9302326 0.9248555 0.9302326 0.9302326 0.9302326 0.9281553 0.9281553 0.9263566 0.9266409
          38        39        40        41        42        43        44        45        46
1  0.9444444 0.9423459 0.9444444 0.9402390 0.9423459 0.9423459 0.9423459 0.9465347 0.9465347
2  0.9373814 0.9373814 0.9373814 0.9393939 0.9393939 0.9431818 0.9413989 0.9411765 0.9413989
3  0.9325843 0.9343340 0.9360902 0.9398496 0.9398496 0.9380863 0.9400749 0.9418386 0.9400749
4  0.9565217 0.9565217 0.9584087 0.9584087 0.9584087 0.9584087 0.9584087 0.9527273 0.9527273
5  0.9525617 0.9525617 0.9525617 0.9561905 0.9541985 0.9543726 0.9563567 0.9566855 0.9622642
6  0.9132948 0.9150579 0.9150579 0.9150579 0.9168279 0.9147287 0.9203883 0.9203883 0.9325626
7  0.9340866 0.9340866 0.9340866 0.9340866 0.9360902 0.9360902 0.9380863 0.9380863 0.9363296
8  0.9346535 0.9346535 0.9349112 0.9351670 0.9351670 0.9291339 0.9330709 0.9349112 0.9349112
9  0.9305816 0.9305816 0.9305816 0.9288390 0.9363296 0.9365672 0.9365672 0.9348231 0.9365672
10 0.9266409 0.9310345 0.9328215 0.9328215 0.9328215 0.9328215 0.9328215 0.9330784 0.9280303
          47        48        49        50
1  0.9446640 0.9607843 0.9628180 0.9628180
2  0.9413989 0.9413989 0.9431818 0.9431818
3  0.9420561 0.9420561 0.9420561 0.9402985
4  0.9527273 0.9508197 0.9508197 0.9527273
5  0.9603025 0.9603025 0.9621212 0.9621212
6  0.9325626 0.9384615 0.9384615 0.9384615
7  0.9343340 0.9461967 0.9461967 0.9442379
8  0.9404762 0.9425743 0.9490196 0.9490196
9  0.9348231 0.9365672 0.9308411 0.9325843
10 0.9283019 0.9320755 0.9340866 0.9378531

$SVM$`Mean F1 Measure`
        1         2         3         4         5         6         7         8         9        10 
0.0000000 0.8405247 0.8530023 0.8539523 0.8687313 0.8708809 0.8788594 0.8778353 0.8783549 0.8795394 
       11        12        13        14        15        16        17        18        19        20 
0.8824031 0.8879701 0.9013111 0.9040412 0.9033297 0.9037028 0.9050014 0.9052509 0.9086232 0.9087791 
       21        22        23        24        25        26        27        28        29        30 
0.9110844 0.9125901 0.9122121 0.9119291 0.9153817 0.9152653 0.9259851 0.9292340 0.9305969 0.9308950 
       31        32        33        34        35        36        37        38        39        40 
0.9355388 0.9366230 0.9375958 0.9382324 0.9380430 0.9370404 0.9364765 0.9362751 0.9368559 0.9376345 
       41        42        43        44        45        46        47        48        49        50 
0.9380054 0.9391433 0.9385737 0.9399519 0.9400250 0.9411401 0.9411646 0.9451236 0.9459602 0.9463303 

$SVM$`St Dev F1 Measure`
          1           2           3           4           5           6           7           8 
0.000000000 0.022544997 0.012562471 0.013285905 0.013558446 0.014067097 0.014753432 0.014131622 
          9          10          11          12          13          14          15          16 
0.013549861 0.016778901 0.016945188 0.017058559 0.010731657 0.012514939 0.012162068 0.011989144 
         17          18          19          20          21          22          23          24 
0.013049455 0.013040579 0.011671288 0.011538096 0.010731727 0.012344572 0.011822263 0.012136137 
         25          26          27          28          29          30          31          32 
0.011887296 0.011067027 0.012425349 0.014043542 0.012723834 0.013508942 0.009609595 0.009337055 
         33          34          35          36          37          38          39          40 
0.011538520 0.013224238 0.013183408 0.012674670 0.012663294 0.012549943 0.011695775 0.012045400 
         41          42          43          44          45          46          47          48 
0.012553026 0.011448558 0.012381490 0.011122910 0.010417576 0.010214816 0.009659988 0.009585198 
         49          50 
0.010683081 0.010234788 

$SVM$`Micro Ave F1 Measure`
        1         2         3         4         5         6         7         8         9        10 
      NaN 0.8408900 0.8532508 0.8543210 0.8690429 0.8712000 0.8792040 0.8781655 0.8786611 0.8800159 
       11        12        13        14        15        16        17        18        19        20 
0.8828543 0.8884061 0.9015240 0.9043342 0.9036168 0.9039703 0.9053208 0.9055718 0.9088780 0.9089140 
       21        22        23        24        25        26        27        28        29        30 
0.9111458 0.9127046 0.9123832 0.9121029 0.9155176 0.9153398 0.9260895 0.9292968 0.9306779 0.9310411 
       31        32        33        34        35        36        37        38        39        40 
0.9355945 0.9366800 0.9376900 0.9383796 0.9381777 0.9371668 0.9366077 0.9363810 0.9369644 0.9377499 
       41        42        43        44        45        46        47        48        49        50 
0.9381306 0.9392728 0.9387367 0.9401027 0.9401255 0.9411988 0.9411988 0.9450966 0.9458948 0.9462732 

