> chisq_10
$`NAIVE BAYES`
$`NAIVE BAYES`$`Accuracy per Fold`
   1         2         3         4         5         6         7         8         9        10
1  0 0.9871612 0.9871612 0.9814551 0.9857347 0.9786020 0.9743224 0.9700428 0.9686163 0.9671897
2  0 0.9887006 0.9858757 0.9858757 0.9858757 0.9774011 0.9802260 0.9774011 0.9788136 0.9788136
3  0 0.9872702 0.9886846 0.9830269 0.9844413 0.9745403 0.9702970 0.9646393 0.9646393 0.9646393
4  0 0.9858757 0.9830508 0.9745763 0.9632768 0.9590395 0.9548023 0.9533898 0.9505650 0.9519774
5  0 0.9943503 0.9872881 0.9858757 0.9788136 0.9731638 0.9646893 0.9590395 0.9548023 0.9519774
6  0 0.9929279 0.9929279 0.9886846 0.9886846 0.9844413 0.9773692 0.9674682 0.9660537 0.9603960
7  0 0.9830508 0.9844633 0.9774011 0.9788136 0.9759887 0.9703390 0.9703390 0.9646893 0.9646893
8  0 0.9872702 0.9858557 0.9801980 0.9816124 0.9702970 0.9618105 0.9660537 0.9688826 0.9688826
9  0 0.9929379 0.9915254 0.9887006 0.9872881 0.9788136 0.9689266 0.9661017 0.9661017 0.9646893
10 0 0.9857347 0.9800285 0.9786020 0.9686163 0.9557775 0.9514979 0.9529244 0.9457917 0.9472183
          11        12        13        14         15         16         17        18         19
1  0.9686163 0.9671897 0.9657632 0.9572040 0.95007133 0.94579173 0.93865906 0.9358060 0.90870185
2  0.9759887 0.9731638 0.9731638 0.9745763 0.97457627 0.97033898 0.95621469 0.9463277 0.94491525
3  0.9618105 0.9589816 0.9603960 0.9547383 0.95049505 0.93917963 0.93069307 0.9236209 0.90806223
4  0.9449153 0.9350282 0.9166667 0.8771186 0.08898305 0.08757062 0.08333333 0.1045198 0.09322034
5  0.9519774 0.9477401 0.9406780 0.9364407 0.92514124 0.89689266 0.89406780 0.8502825 0.12570621
6  0.9603960 0.9575672 0.9561528 0.9434229 0.94200849 0.93210750 0.91796322 0.9179632 0.89250354
7  0.9646893 0.9618644 0.9548023 0.9449153 0.93220339 0.92796610 0.91242938 0.9025424 0.88276836
8  0.9674682 0.9674682 0.9646393 0.9632249 0.95756719 0.94342291 0.92644979 0.9250354 0.90947666
9  0.9646893 0.9646893 0.9604520 0.9576271 0.95621469 0.94209040 0.93926554 0.9307910 0.91384181
10 0.9443652 0.9400856 0.9358060 0.9258203 0.92154066 0.90299572 0.88873039 0.8858773 0.88587732
          20        21        22        23        24        25        26        27        28        29
1  0.8972896 0.1283880 0.8873039 0.1383738 0.1383738 0.1383738 0.8673324 0.1340942 0.1340942 0.1540656
2  0.9435028 0.9279661 0.9194915 0.9039548 0.9152542 0.9152542 0.9053672 0.8968927 0.8799435 0.8700565
3  0.8995757 0.8826025 0.8967468 0.8910891 0.8882603 0.8811881 0.8585573 0.8628006 0.8486563 0.8486563
4  0.1045198 0.1087571 0.1087571 0.1129944 0.1045198 0.1059322 0.1087571 0.1115819 0.1129944 0.1031073
5  0.1186441 0.1257062 0.1355932 0.1341808 0.1355932 0.1398305 0.1313559 0.1341808 0.1341808 0.1384181
6  0.8811881 0.8500707 0.8698727 0.8670438 0.8613861 0.8613861 0.8387553 0.8472419 0.8330976 0.8302687
7  0.8954802 0.8912429 0.8827684 0.8827684 0.8629944 0.8502825 0.8474576 0.8432203 0.1652542 0.1793785
8  0.8882603 0.8628006 0.8811881 0.8684583 0.8698727 0.8698727 0.8458274 0.8486563 0.8373409 0.8373409
9  0.9124294 0.8968927 0.8855932 0.8629944 0.8785311 0.8686441 0.8629944 0.8700565 0.8418079 0.8389831
10 0.8659058 0.8530670 0.1226819 0.8487874 0.1340942 0.8145506 0.8330956 0.1340942 0.1355207 0.1340942
          30        31        32        33        34        35        36        37        38        39
1  0.1540656 0.1469330 0.1483595 0.1583452 0.1611983 0.1726106 0.1726106 0.1597718 0.1540656 0.1540656
2  0.8601695 0.8615819 0.8615819 0.8093220 0.8064972 0.7951977 0.1807910 0.1906780 0.1991525 0.1822034
3  0.8415842 0.7793494 0.7736917 0.1810467 0.1796322 0.1951909 0.1966054 0.1810467 0.1697313 0.1697313
4  0.1031073 0.1101695 0.1144068 0.1398305 0.1398305 0.1384181 0.1313559 0.1313559 0.1313559 0.1327684
5  0.1398305 0.1257062 0.1257062 0.1384181 0.1341808 0.1525424 0.1539548 0.1384181 0.1242938 0.1285311
6  0.8274399 0.7751061 0.7708628 0.7623762 0.7397454 0.2065064 0.7369165 0.1909477 0.1838755 0.1867044
7  0.1793785 0.1765537 0.1920904 0.1920904 0.1807910 0.1694915 0.1694915 0.1723164 0.1737288 0.1680791
8  0.8231966 0.7736917 0.7666195 0.7510608 0.1654880 0.1782178 0.1796322 0.1683168 0.1584158 0.1598303
9  0.8220339 0.8220339 0.8149718 0.7485876 0.7457627 0.1680791 0.1553672 0.1454802 0.1610169 0.1638418
10 0.1340942 0.1355207 0.1326676 0.1326676 0.1469330 0.1440799 0.1597718 0.1611983 0.1554922 0.1583452
          40        41        42        43        44        45        46        47        48        49
1  0.1540656 0.1554922 0.1512126 0.1540656 0.1554922 0.1583452 0.1697575 0.1697575 0.1697575 0.1726106
2  0.1723164 0.1723164 0.1666667 0.1567797 0.1581921 0.1610169 0.1610169 0.1836158 0.1850282 0.1864407
3  0.1570014 0.1541726 0.1570014 0.1584158 0.1584158 0.1909477 0.1867044 0.1867044 0.1881188 0.1895332
4  0.1327684 0.1313559 0.1313559 0.1440678 0.1440678 0.1440678 0.1412429 0.1426554 0.1440678 0.1440678
5  0.1285311 0.1172316 0.1172316 0.1214689 0.1214689 0.1228814 0.1610169 0.1610169 0.1610169 0.1652542
6  0.1867044 0.1782178 0.1796322 0.1838755 0.1838755 0.1838755 0.2093352 0.2036775 0.2050919 0.2135785
7  0.1638418 0.1666667 0.1666667 0.1666667 0.2019774 0.1977401 0.1991525 0.2019774 0.2019774 0.2019774
8  0.1598303 0.1499293 0.1371994 0.1471004 0.1499293 0.1541726 0.1852900 0.1881188 0.1881188 0.1881188
9  0.1553672 0.1454802 0.1483051 0.1483051 0.1370056 0.1313559 0.1341808 0.1370056 0.1384181 0.1680791
10 0.1583452 0.1497860 0.1383738 0.1398003 0.1440799 0.1455064 0.1697575 0.1654779 0.1654779 0.1697575
          50
1  0.1711840
2  0.1850282
3  0.1937765
4  0.1384181
5  0.1652542
6  0.2135785
7  0.2019774
8  0.1867044
9  0.1709040
10 0.1697575

$`NAIVE BAYES`$`Mean Accuracy`
        1         2         3         4         5         6         7         8         9        10 
0.0000000 0.9885279 0.9866861 0.9824396 0.9803157 0.9728065 0.9674280 0.9647400 0.9628955 0.9620473 
       11        12        13        14        15        16        17        18        19        20 
0.9604916 0.9573778 0.9528520 0.9435088 0.8598801 0.8488356 0.8387806 0.8322766 0.7465074 0.7406796 
       21        22        23        24        25        26        27        28        29        30 
0.6527494 0.6589997 0.6510645 0.5788880 0.6445315 0.7099500 0.5682819 0.4922890 0.4934369 0.4884900 
       31        32        33        34        35        36        37        38        39        40 
0.4706646 0.4700958 0.4013745 0.3400059 0.2320334 0.2236497 0.1639530 0.1611128 0.1604100 0.1568772 
       41        42        43        44        45        46        47        48        49        50 
0.1520649 0.1493645 0.1520546 0.1554505 0.1589910 0.1717455 0.1740007 0.1747073 0.1799418 0.1796583 

$`NAIVE BAYES`$`St Dev Accuracy`
          1           2           3           4           5           6           7           8 
0.000000000 0.003690881 0.003812061 0.004831578 0.008362261 0.008976677 0.009317456 0.007686465 
          9          10          11          12          13          14          15          16 
0.009767016 0.009430357 0.010365581 0.012538350 0.016982780 0.027160799 0.271342934 0.268314044 
         17          18          19          20          21          22          23          24 
0.266237935 0.257225746 0.336289633 0.332198897 0.367711118 0.370602022 0.360972115 0.388338765 
         25          26          27          28          29          30          31          32 
0.357394293 0.311589922 0.378868261 0.375543053 0.371256003 0.365765167 0.350974976 0.346816675 
         33          34          35          36          37          38          39          40 
0.316358276 0.293494931 0.199000383 0.181231947 0.020830092 0.022430767 0.018705321 0.016938943 
         41          42          43          44          45          46          47          48 
0.018314619 0.018866023 0.016603090 0.023029804 0.025037395 0.023923431 0.022917603 0.022817973 
         49          50 
0.020052569 0.021294864 

$`NAIVE BAYES`$`Precisions per Fold`
   1         2         3         4         5         6         7         8         9        10
1  0 0.6000000 0.6000000 0.4736842 0.5625000 0.4347826 0.3846154 0.3448276 0.3333333 0.3225806
2  0 0.8571429 0.6000000 0.6153846 0.6153846 0.4210526 0.4800000 0.4444444 0.4583333 0.4583333
3  0 0.7272727 0.7500000 0.5500000 0.5882353 0.4230769 0.3870968 0.3428571 0.3428571 0.3428571
4  0 0.8181818 0.6315789 0.4814815 0.3783784 0.3500000 0.3333333 0.3260870 0.3043478 0.3111111
5  0 0.9090909 0.6111111 0.5882353 0.4545455 0.3928571 0.3235294 0.2894737 0.2682927 0.2558140
6  0 0.8947368 0.8947368 0.8000000 0.8000000 0.6956522 0.5714286 0.4571429 0.4444444 0.4000000
7  0 0.7368421 0.7500000 0.5862069 0.6071429 0.5625000 0.5000000 0.5000000 0.4545455 0.4545455
8  0 0.8125000 0.8000000 0.6315789 0.6666667 0.4583333 0.3571429 0.4193548 0.4571429 0.4571429
9  0 0.9090909 0.9000000 0.7142857 0.6923077 0.4761905 0.3571429 0.3333333 0.3333333 0.3225806
10 0 0.6363636 0.5714286 0.5294118 0.3846154 0.2857143 0.2750000 0.2820513 0.2500000 0.2558140
          11        12        13        14         15         16         17         18         19
1  0.3333333 0.3225806 0.3125000 0.2631579 0.23255814 0.24000000 0.21818182 0.21052632 0.15789474
2  0.4230769 0.3928571 0.3928571 0.4074074 0.41379310 0.37500000 0.28571429 0.24489796 0.24000000
3  0.3243243 0.3076923 0.3157895 0.2857143 0.26666667 0.23636364 0.21311475 0.20588235 0.17721519
4  0.2962963 0.2622951 0.2162162 0.1568627 0.02424242 0.02420575 0.02409639 0.02465331 0.02435312
5  0.2558140 0.2391304 0.2156863 0.2037037 0.18750000 0.14285714 0.13953488 0.10256410 0.01904762
6  0.4000000 0.3809524 0.3720930 0.3076923 0.31578947 0.28125000 0.24324324 0.25000000 0.20833333
7  0.4545455 0.4347826 0.3962264 0.3500000 0.30434783 0.29166667 0.25301205 0.23333333 0.20192308
8  0.4444444 0.4444444 0.4210526 0.4054054 0.36585366 0.30188679 0.24615385 0.25714286 0.22891566
9  0.3225806 0.3225806 0.2941176 0.2777778 0.27027027 0.22448980 0.22641509 0.22222222 0.18666667
10 0.2444444 0.2291667 0.2156863 0.2000000 0.19047619 0.17500000 0.15555556 0.15957447 0.15957447
           20         21         22         23         24         25         26         27         28
1  0.14285714 0.01926164 0.13186813 0.01948052 0.01948052 0.01948052 0.11428571 0.01938611 0.01938611
2  0.23529412 0.20312500 0.18571429 0.16049383 0.17808219 0.17808219 0.16250000 0.15116279 0.13265306
3  0.16470588 0.14432990 0.16091954 0.15384615 0.15053763 0.14285714 0.12280702 0.12612613 0.11570248
4  0.02465331 0.02476780 0.02476780 0.02488336 0.02465331 0.02469136 0.02476780 0.02484472 0.02488336
5  0.01889764 0.01904762 0.01926164 0.01923077 0.01926164 0.01935484 0.01916933 0.01923077 0.01923077
6  0.19230769 0.15873016 0.17857143 0.17543860 0.16949153 0.16949153 0.14925373 0.15625000 0.14492754
7  0.22105263 0.21428571 0.20192308 0.20192308 0.17796610 0.16535433 0.16279070 0.15909091 0.03431373
8  0.19387755 0.16379310 0.18446602 0.16964286 0.17117117 0.17117117 0.14843750 0.15079365 0.14179104
9  0.18421053 0.16091954 0.14736842 0.12612613 0.14000000 0.12380952 0.11926606 0.12500000 0.11111111
10 0.13888889 0.13445378 0.02535658 0.13114754 0.02568218 0.10958904 0.12030075 0.02568218 0.02572347
           29         30         31         32         33         34         35         36         37
1  0.01824212 0.01824212 0.01809211 0.01812191 0.01833333 0.01839465 0.01864407 0.01864407 0.01836394
2  0.12380952 0.11607143 0.11711712 0.11711712 0.08783784 0.08666667 0.08227848 0.02192243 0.02218430
3  0.11570248 0.11111111 0.08235294 0.08045977 0.02360877 0.02356902 0.02401372 0.02405498 0.02360877
4  0.02461538 0.02461538 0.02480620 0.02492212 0.02564103 0.02564103 0.02560000 0.02539683 0.02539683
5  0.01932367 0.01935484 0.01904762 0.01904762 0.01932367 0.01923077 0.01963993 0.01967213 0.01932367
6  0.14285714 0.14084507 0.11173184 0.10989011 0.10638298 0.09803922 0.03442341 0.09708738 0.03378378
7  0.03488372 0.03488372 0.03476821 0.03541315 0.03541315 0.03494176 0.03448276 0.03448276 0.03459638
8  0.14179104 0.13194444 0.10614525 0.10326087 0.09743590 0.03119869 0.03010033 0.03015075 0.02975207
9  0.10317460 0.09420290 0.09420290 0.09090909 0.07291667 0.07216495 0.02321725 0.02287582 0.02261712
10 0.02568218 0.02568218 0.02572347 0.02564103 0.02564103 0.02605863 0.02597403 0.02644628 0.02649007
           38         39         40         41         42         43         44         45         46
1  0.01824212 0.01824212 0.01824212 0.01827243 0.01976936 0.01983471 0.01986755 0.01993355 0.01858108
2  0.02241379 0.02195946 0.02170284 0.02170284 0.02155887 0.02131148 0.02134647 0.02141680 0.02141680
3  0.02329451 0.02329451 0.02295082 0.02287582 0.02295082 0.02298851 0.02298851 0.02389078 0.02376910
4  0.02539683 0.02543720 0.02543720 0.02539683 0.02539683 0.02576490 0.02576490 0.02576490 0.02568218
5  0.01901743 0.01910828 0.01910828 0.01886792 0.01886792 0.01895735 0.01895735 0.01898734 0.01983471
6  0.03350084 0.03361345 0.03361345 0.03327787 0.03333333 0.03350084 0.03350084 0.03350084 0.03454231
7  0.03465347 0.03442623 0.03425775 0.03436989 0.03436989 0.03436989 0.03583618 0.03565365 0.03571429
8  0.03094463 0.03099511 0.03099511 0.03064516 0.03020668 0.03054662 0.03064516 0.03079417 0.03193277
9  0.02302632 0.02310231 0.02287582 0.02261712 0.02269044 0.02269044 0.02240000 0.02225755 0.02232855
10 0.02631579 0.02640264 0.02640264 0.02614379 0.02580645 0.02584814 0.02597403 0.02601626 0.02675585
           47         48         49         50
1  0.01858108 0.01858108 0.02027027 0.01861252
2  0.02199662 0.02203390 0.02207131 0.02203390
3  0.02376910 0.02380952 0.02385009 0.02397260
4  0.02572347 0.02576490 0.02576490 0.02560000
5  0.01983471 0.01983471 0.01993355 0.01993355
6  0.03430532 0.03436426 0.03472222 0.03472222
7  0.03583618 0.03583618 0.03583618 0.03583618
8  0.03204047 0.03204047 0.03045685 0.03040541
9  0.02240000 0.02243590 0.02321725 0.02329451
10 0.02662230 0.02662230 0.02675585 0.02675585

$`NAIVE BAYES`$`Mean Precisions`
         1          2          3          4          5          6          7          8          9 
0.00000000 0.79012218 0.71088555 0.59702689 0.57497763 0.45001596 0.39692892 0.37395721 0.36466304 
        10         11         12         13         14         15         16         17         18 
0.35807791 0.34988598 0.33364824 0.31522251 0.28577215 0.25714978 0.22927198 0.20050219 0.19107969 
        19         20         21         22         23         24         25         26         27 
0.16039239 0.15167454 0.12427143 0.12602169 0.11822128 0.10763263 0.11238816 0.11435786 0.09575673 
        28         29         30         31         32         33         34         35         36 
0.07697227 0.07500819 0.07169532 0.06339877 0.06247828 0.05125344 0.04359054 0.03183740 0.03207334 
        37         38         39         40         41         42         43         44         45 
0.02561169 0.02568057 0.02565813 0.02555860 0.02541697 0.02549506 0.02558129 0.02572810 0.02582158 
        46         47         48         49         50 
0.02605577 0.02611092 0.02613232 0.02628785 0.02611667 

$`NAIVE BAYES`$`St Dev Precisions`
          1           2           3           4           5           6           7           8 
0.000000000 0.111359368 0.125100304 0.101116227 0.135482689 0.113434316 0.091704407 0.075408375 
          9          10          11          12          13          14          15          16 
0.081841271 0.079443872 0.076212805 0.077536598 0.079647388 0.084982355 0.108745215 0.097614753 
         17          18          19          20          21          22          23          24 
0.075959494 0.074989033 0.077832599 0.074886154 0.075217469 0.073780974 0.070293426 0.074419056 
         25          26          27          28          29          30          31          32 
0.066568058 0.051919367 0.064269111 0.056169312 0.054569005 0.051344883 0.042302358 0.041341166 
         33          34          35          36          37          38          39          40 
0.035606143 0.030043880 0.018537196 0.023330074 0.005600231 0.005705765 0.005705259 0.005723642 
         41          42          43          44          45          46          47          48 
0.005694412 0.005467502 0.005526992 0.005819483 0.005750520 0.006107289 0.006051371 0.006052989 
         49          50 
0.005675690 0.005881864 

$`NAIVE BAYES`$`Micro Ave Precisions`
         1          2          3          4          5          6          7          8          9 
       NaN 0.77464789 0.70700637 0.58974359 0.54761905 0.43911439 0.38940810 0.37142857 0.35890411 
        10         11         12         13         14         15         16         17         18 
0.35309973 0.34455959 0.32598039 0.30316742 0.26377953 0.12454874 0.12083333 0.11468971 0.11477869 
        19         20         21         22         23         24         25         26         27 
0.07973251 0.07808564 0.06024559 0.06128025 0.05996944 0.05025608 0.05860255 0.07078040 0.04879575 
        28         29         30         31         32         33         34         35         36 
0.04201231 0.04161074 0.04122340 0.03988677 0.03984576 0.03563271 0.03241895 0.02780768 0.02751154 
        37         38         39         40         41         42         43         44         45 
0.02559445 0.02566634 0.02564524 0.02554028 0.02539889 0.02547461 0.02555339 0.02565359 0.02575882 
        46         47         48         49         50 
0.02598701 0.02605646 0.02607823 0.02624054 0.02607233 

$`NAIVE BAYES`$`Recalls per Fold`
   1         2         3         4         5         6         7         8         9        10
1  0 0.7500000 0.7500000 0.7500000 0.7500000 0.8333333 0.8333333 0.8333333 0.8333333 0.8333333
2  0 0.4615385 0.6923077 0.6153846 0.6153846 0.6153846 0.9230769 0.9230769 0.8461538 0.8461538
3  0 0.5714286 0.6428571 0.7857143 0.7142857 0.7857143 0.8571429 0.8571429 0.8571429 0.8571429
4  0 0.5294118 0.7058824 0.7647059 0.8235294 0.8235294 0.8823529 0.8823529 0.8235294 0.8235294
5  0 0.7692308 0.8461538 0.7692308 0.7692308 0.8461538 0.8461538 0.8461538 0.8461538 0.8461538
6  0 0.8500000 0.8500000 0.8000000 0.8000000 0.8000000 0.8000000 0.8000000 0.8000000 0.8000000
7  0 0.6666667 0.7142857 0.8095238 0.8095238 0.8571429 0.8571429 0.9523810 0.9523810 0.9523810
8  0 0.6842105 0.6315789 0.6315789 0.6315789 0.5789474 0.5263158 0.6842105 0.8421053 0.8421053
9  0 0.7142857 0.6428571 0.7142857 0.6428571 0.7142857 0.7142857 0.7142857 0.7142857 0.7142857
10 0 0.8750000 0.5000000 0.5625000 0.6250000 0.6250000 0.6875000 0.6875000 0.6875000 0.6875000
          11        12        13        14        15        16        17        18        19        20
1  0.8333333 0.8333333 0.8333333 0.8333333 0.8333333 1.0000000 1.0000000 1.0000000 1.0000000 1.0000000
2  0.8461538 0.8461538 0.8461538 0.8461538 0.9230769 0.9230769 0.9230769 0.9230769 0.9230769 0.9230769
3  0.8571429 0.8571429 0.8571429 0.8571429 0.8571429 0.9285714 0.9285714 1.0000000 1.0000000 1.0000000
4  0.9411765 0.9411765 0.9411765 0.9411765 0.9411765 0.9411765 0.9411765 0.9411765 0.9411765 0.9411765
5  0.8461538 0.8461538 0.8461538 0.8461538 0.9230769 0.9230769 0.9230769 0.9230769 0.9230769 0.9230769
6  0.8000000 0.8000000 0.8000000 0.8000000 0.9000000 0.9000000 0.9000000 0.9500000 1.0000000 1.0000000
7  0.9523810 0.9523810 1.0000000 1.0000000 1.0000000 1.0000000 1.0000000 1.0000000 1.0000000 1.0000000
8  0.8421053 0.8421053 0.8421053 0.7894737 0.7894737 0.8421053 0.8421053 0.9473684 1.0000000 1.0000000
9  0.7142857 0.7142857 0.7142857 0.7142857 0.7142857 0.7857143 0.8571429 1.0000000 1.0000000 1.0000000
10 0.6875000 0.6875000 0.6875000 0.7500000 0.7500000 0.8750000 0.8750000 0.9375000 0.9375000 0.9375000
          21        22        23        24        25        26        27        28        29        30
1  1.0000000 1.0000000 1.0000000 1.0000000 1.0000000 1.0000000 1.0000000 1.0000000 0.9166667 0.9166667
2  1.0000000 1.0000000 1.0000000 1.0000000 1.0000000 1.0000000 1.0000000 1.0000000 1.0000000 1.0000000
3  1.0000000 1.0000000 1.0000000 1.0000000 1.0000000 1.0000000 1.0000000 1.0000000 1.0000000 1.0000000
4  0.9411765 0.9411765 0.9411765 0.9411765 0.9411765 0.9411765 0.9411765 0.9411765 0.9411765 0.9411765
5  0.9230769 0.9230769 0.9230769 0.9230769 0.9230769 0.9230769 0.9230769 0.9230769 0.9230769 0.9230769
6  1.0000000 1.0000000 1.0000000 1.0000000 1.0000000 1.0000000 1.0000000 1.0000000 1.0000000 1.0000000
7  1.0000000 1.0000000 1.0000000 1.0000000 1.0000000 1.0000000 1.0000000 1.0000000 1.0000000 1.0000000
8  1.0000000 1.0000000 1.0000000 1.0000000 1.0000000 1.0000000 1.0000000 1.0000000 1.0000000 1.0000000
9  1.0000000 1.0000000 1.0000000 1.0000000 0.9285714 0.9285714 0.9285714 1.0000000 0.9285714 0.9285714
10 1.0000000 1.0000000 1.0000000 1.0000000 1.0000000 1.0000000 1.0000000 1.0000000 1.0000000 1.0000000
          31        32        33        34        35        36        37        38        39        40
1  0.9166667 0.9166667 0.9166667 0.9166667 0.9166667 0.9166667 0.9166667 0.9166667 0.9166667 0.9166667
2  1.0000000 1.0000000 1.0000000 1.0000000 1.0000000 1.0000000 1.0000000 1.0000000 1.0000000 1.0000000
3  1.0000000 1.0000000 1.0000000 1.0000000 1.0000000 1.0000000 1.0000000 1.0000000 1.0000000 1.0000000
4  0.9411765 0.9411765 0.9411765 0.9411765 0.9411765 0.9411765 0.9411765 0.9411765 0.9411765 0.9411765
5  0.9230769 0.9230769 0.9230769 0.9230769 0.9230769 0.9230769 0.9230769 0.9230769 0.9230769 0.9230769
6  1.0000000 1.0000000 1.0000000 1.0000000 1.0000000 1.0000000 1.0000000 1.0000000 1.0000000 1.0000000
7  1.0000000 1.0000000 1.0000000 1.0000000 1.0000000 1.0000000 1.0000000 1.0000000 1.0000000 1.0000000
8  1.0000000 1.0000000 1.0000000 1.0000000 0.9473684 0.9473684 0.9473684 1.0000000 1.0000000 1.0000000
9  0.9285714 0.9285714 1.0000000 1.0000000 1.0000000 1.0000000 1.0000000 1.0000000 1.0000000 1.0000000
10 1.0000000 1.0000000 1.0000000 1.0000000 1.0000000 1.0000000 1.0000000 1.0000000 1.0000000 1.0000000
          41        42        43        44        45        46        47        48        49        50
1  0.9166667 1.0000000 1.0000000 1.0000000 1.0000000 0.9166667 0.9166667 0.9166667 1.0000000 0.9166667
2  1.0000000 1.0000000 1.0000000 1.0000000 1.0000000 1.0000000 1.0000000 1.0000000 1.0000000 1.0000000
3  1.0000000 1.0000000 1.0000000 1.0000000 1.0000000 1.0000000 1.0000000 1.0000000 1.0000000 1.0000000
4  0.9411765 0.9411765 0.9411765 0.9411765 0.9411765 0.9411765 0.9411765 0.9411765 0.9411765 0.9411765
5  0.9230769 0.9230769 0.9230769 0.9230769 0.9230769 0.9230769 0.9230769 0.9230769 0.9230769 0.9230769
6  1.0000000 1.0000000 1.0000000 1.0000000 1.0000000 1.0000000 1.0000000 1.0000000 1.0000000 1.0000000
7  1.0000000 1.0000000 1.0000000 1.0000000 1.0000000 1.0000000 1.0000000 1.0000000 1.0000000 1.0000000
8  1.0000000 1.0000000 1.0000000 1.0000000 1.0000000 1.0000000 1.0000000 1.0000000 0.9473684 0.9473684
9  1.0000000 1.0000000 1.0000000 1.0000000 1.0000000 1.0000000 1.0000000 1.0000000 1.0000000 1.0000000
10 1.0000000 1.0000000 1.0000000 1.0000000 1.0000000 1.0000000 1.0000000 1.0000000 1.0000000 1.0000000

$`NAIVE BAYES`$`Mean Recalls`
        1         2         3         4         5         6         7         8         9        10 
0.0000000 0.6871772 0.6975923 0.7202924 0.7181390 0.7479491 0.7927304 0.8180437 0.8202585 0.8202585 
       11        12        13        14        15        16        17        18        19        20 
0.8320232 0.8320232 0.8367851 0.8377720 0.8631566 0.9118721 0.9190150 0.9622199 0.9724830 0.9724830 
       21        22        23        24        25        26        27        28        29        30 
0.9864253 0.9864253 0.9864253 0.9864253 0.9792825 0.9792825 0.9792825 0.9864253 0.9709491 0.9709491 
       31        32        33        34        35        36        37        38        39        40 
0.9709491 0.9709491 0.9780920 0.9780920 0.9728288 0.9728288 0.9728288 0.9780920 0.9780920 0.9780920 
       41        42        43        44        45        46        47        48        49        50 
0.9780920 0.9864253 0.9864253 0.9864253 0.9864253 0.9780920 0.9780920 0.9780920 0.9811622 0.9728288 

$`NAIVE BAYES`$`St Dev Recalls`
         1          2          3          4          5          6          7          8          9 
0.00000000 0.13450858 0.10425017 0.08670248 0.08312856 0.10598241 0.11835897 0.09534215 0.07459694 
        10         11         12         13         14         15         16         17         18 
0.07459694 0.08387073 0.08387073 0.09238335 0.08449726 0.09108803 0.06600124 0.05351506 0.03366086 
        19         20         21         22         23         24         25         26         27 
0.03594586 0.03594586 0.02893413 0.02893413 0.02893413 0.02893413 0.03364397 0.03364397 0.03364397 
        28         29         30         31         32         33         34         35         36 
0.02893413 0.03798294 0.03798294 0.03798294 0.03798294 0.03578052 0.03578052 0.03606965 0.03606965 
        37         38         39         40         41         42         43         44         45 
0.03606965 0.03578052 0.03578052 0.03578052 0.03578052 0.02893413 0.02893413 0.02893413 0.02893413 
        46         47         48         49         50 
0.03578052 0.03578052 0.03578052 0.03090993 0.03606965 

$`NAIVE BAYES`$`Micro Ave Recalls`
        1         2         3         4         5         6         7         8         9        10 
      NaN 0.6918239 0.6981132 0.7232704 0.7232704 0.7484277 0.7861635 0.8176101 0.8238994 0.8238994 
       11        12        13        14        15        16        17        18        19        20 
0.8364780 0.8364780 0.8427673 0.8427673 0.8679245 0.9119497 0.9182390 0.9622642 0.9748428 0.9748428 
       21        22        23        24        25        26        27        28        29        30 
0.9874214 0.9874214 0.9874214 0.9874214 0.9811321 0.9811321 0.9811321 0.9874214 0.9748428 0.9748428 
       31        32        33        34        35        36        37        38        39        40 
0.9748428 0.9748428 0.9811321 0.9811321 0.9748428 0.9748428 0.9748428 0.9811321 0.9811321 0.9811321 
       41        42        43        44        45        46        47        48        49        50 
0.9811321 0.9874214 0.9874214 0.9874214 0.9874214 0.9811321 0.9811321 0.9811321 0.9811321 0.9748428 

$`NAIVE BAYES`$`F1 Measure`
   1         2         3         4         5         6         7         8         9        10
1  0 0.6666667 0.6666667 0.5806452 0.6428571 0.5714286 0.5263158 0.4878049 0.4761905 0.4651163
2  0 0.6000000 0.6428571 0.6153846 0.6153846 0.5000000 0.6315789 0.6000000 0.5945946 0.5945946
3  0 0.6400000 0.6923077 0.6470588 0.6451613 0.5500000 0.5333333 0.4897959 0.4897959 0.4897959
4  0 0.6428571 0.6666667 0.5909091 0.5185185 0.4912281 0.4838710 0.4761905 0.4444444 0.4516129
5  0 0.8333333 0.7096774 0.6666667 0.5714286 0.5365854 0.4680851 0.4313725 0.4074074 0.3928571
6  0 0.8717949 0.8717949 0.8000000 0.8000000 0.7441860 0.6666667 0.5818182 0.5714286 0.5333333
7  0 0.7000000 0.7317073 0.6800000 0.6938776 0.6792453 0.6315789 0.6557377 0.6153846 0.6153846
8  0 0.7428571 0.7058824 0.6315789 0.6486486 0.5116279 0.4255319 0.5200000 0.5925926 0.5925926
9  0 0.8000000 0.7500000 0.7142857 0.6666667 0.5714286 0.4761905 0.4545455 0.4545455 0.4444444
10 0 0.7368421 0.5333333 0.5454545 0.4761905 0.3921569 0.3928571 0.4000000 0.3666667 0.3728814
          11        12        13        14         15         16         17         18         19
1  0.4761905 0.4651163 0.4545455 0.4000000 0.36363636 0.38709677 0.35820896 0.34782609 0.27272727
2  0.5641026 0.5365854 0.5365854 0.5500000 0.57142857 0.53333333 0.43636364 0.38709677 0.38095238
3  0.4705882 0.4528302 0.4615385 0.4285714 0.40677966 0.37681159 0.34666667 0.34146341 0.30107527
4  0.4507042 0.4102564 0.3516484 0.2689076 0.04726736 0.04719764 0.04698972 0.04804805 0.04747774
5  0.3928571 0.3728814 0.3437500 0.3283582 0.31168831 0.24742268 0.24242424 0.18461538 0.03732504
6  0.5333333 0.5161290 0.5079365 0.4444444 0.46753247 0.42857143 0.38297872 0.39583333 0.34482759
7  0.6153846 0.5970149 0.5675676 0.5185185 0.46666667 0.45161290 0.40384615 0.37837838 0.33600000
8  0.5818182 0.5818182 0.5614035 0.5357143 0.50000000 0.44444444 0.38095238 0.40449438 0.37254902
9  0.4444444 0.4444444 0.4166667 0.4000000 0.39215686 0.34920635 0.35820896 0.36363636 0.31460674
10 0.3606557 0.3437500 0.3283582 0.3157895 0.30379747 0.29166667 0.26415094 0.27272727 0.27272727
           20         21         22         23         24         25         26         27         28
1  0.25000000 0.03779528 0.23300971 0.03821656 0.03821656 0.03821656 0.20512821 0.03803487 0.03803487
2  0.37500000 0.33766234 0.31325301 0.27659574 0.30232558 0.30232558 0.27956989 0.26262626 0.23423423
3  0.28282828 0.25225225 0.27722772 0.26666667 0.26168224 0.25000000 0.21875000 0.22400000 0.20740741
4  0.04804805 0.04826546 0.04826546 0.04848485 0.04804805 0.04812030 0.04826546 0.04841150 0.04848485
5  0.03703704 0.03732504 0.03773585 0.03767661 0.03773585 0.03791469 0.03755869 0.03767661 0.03767661
6  0.32258065 0.27397260 0.30303030 0.29850746 0.28985507 0.28985507 0.25974026 0.27027027 0.25316456
7  0.36206897 0.35294118 0.33600000 0.33600000 0.30215827 0.28378378 0.28000000 0.27450980 0.06635071
8  0.32478632 0.28148148 0.31147541 0.29007634 0.29230769 0.29230769 0.25850340 0.26206897 0.24836601
9  0.31111111 0.27722772 0.25688073 0.22400000 0.24561404 0.21848739 0.21138211 0.22033898 0.20000000
10 0.24193548 0.23703704 0.04945904 0.23188406 0.05007825 0.19753086 0.21476510 0.05007825 0.05015674
           29         30         31         32         33         34         35         36         37
1  0.03577236 0.03577236 0.03548387 0.03554120 0.03594771 0.03606557 0.03654485 0.03654485 0.03600655
2  0.22033898 0.20800000 0.20967742 0.20967742 0.16149068 0.15950920 0.15204678 0.04290429 0.04340568
3  0.20740741 0.20000000 0.15217391 0.14893617 0.04612850 0.04605263 0.04690117 0.04697987 0.04612850
4  0.04797601 0.04797601 0.04833837 0.04855842 0.04992200 0.04992200 0.04984424 0.04945904 0.04945904
5  0.03785489 0.03791469 0.03732504 0.03732504 0.03785489 0.03767661 0.03846154 0.03852327 0.03785489
6  0.25000000 0.24691358 0.20100503 0.19801980 0.19230769 0.17857143 0.06655574 0.17699115 0.06535948
7  0.06741573 0.06741573 0.06720000 0.06840391 0.06840391 0.06752412 0.06666667 0.06666667 0.06687898
8  0.24836601 0.23312883 0.19191919 0.18719212 0.17757009 0.06050955 0.05834684 0.05844156 0.05769231
9  0.18571429 0.17105263 0.17105263 0.16560510 0.13592233 0.13461538 0.04538088 0.04472843 0.04423381
10 0.05007825 0.05007825 0.05015674 0.05000000 0.05000000 0.05079365 0.05063291 0.05152979 0.05161290
           38         39         40         41         42         43         44         45         46
1  0.03577236 0.03577236 0.03577236 0.03583062 0.03877221 0.03889789 0.03896104 0.03908795 0.03642384
2  0.04384486 0.04297521 0.04248366 0.04248366 0.04220779 0.04173355 0.04180064 0.04193548 0.04193548
3  0.04552846 0.04552846 0.04487179 0.04472843 0.04487179 0.04494382 0.04494382 0.04666667 0.04643449
4  0.04945904 0.04953560 0.04953560 0.04945904 0.04945904 0.05015674 0.05015674 0.05015674 0.05000000
5  0.03726708 0.03744150 0.03744150 0.03697997 0.03697997 0.03715170 0.03715170 0.03720930 0.03883495
6  0.06482982 0.06504065 0.06504065 0.06441224 0.06451613 0.06482982 0.06482982 0.06482982 0.06677796
7  0.06698565 0.06656101 0.06624606 0.06645570 0.06645570 0.06645570 0.06919275 0.06885246 0.06896552
8  0.06003160 0.06012658 0.06012658 0.05946792 0.05864198 0.05928237 0.05946792 0.05974843 0.06188925
9  0.04501608 0.04516129 0.04472843 0.04423381 0.04437401 0.04437401 0.04381847 0.04354588 0.04368175
10 0.05128205 0.05144695 0.05144695 0.05095541 0.05031447 0.05039370 0.05063291 0.05071315 0.05211726
           47         48         49         50
1  0.03642384 0.03642384 0.03973510 0.03648425
2  0.04304636 0.04311774 0.04318937 0.04311774
3  0.04643449 0.04651163 0.04658902 0.04682274
4  0.05007825 0.05015674 0.05015674 0.04984424
5  0.03883495 0.03883495 0.03902439 0.03902439
6  0.06633499 0.06644518 0.06711409 0.06711409
7  0.06919275 0.06919275 0.06919275 0.06919275
8  0.06209150 0.06209150 0.05901639 0.05891980
9  0.04381847 0.04388715 0.04538088 0.04552846
10 0.05186386 0.05186386 0.05211726 0.05211726

$`NAIVE BAYES`$`Mean F1 Measure`
         1          2          3          4          5          6          7          8          9 
0.00000000 0.72343513 0.69708935 0.64719836 0.62787335 0.55478867 0.52360093 0.50972652 0.50130507 
        10         11         12         13         14         15         16         17         18 
0.49526132 0.48900790 0.47208262 0.45300001 0.41903039 0.38309537 0.35573638 0.32207904 0.31241194 
        19         20         21         22         23         24         25         26         27 
0.26802683 0.25553959 0.21359604 0.21663372 0.20481083 0.18680216 0.19585419 0.20136631 0.16880155 
        28         29         30         31         32         33         34         35         36 
0.13838760 0.13509239 0.12982521 0.11643322 0.11492592 0.09555478 0.08212401 0.06113816 0.06127689 
        37         38         39         40         41         42         43         44         45 
0.04986321 0.05000170 0.04995896 0.04976936 0.04950068 0.04965931 0.04982193 0.05009558 0.05027459 
        46         47         48         49         50 
0.05070605 0.05081195 0.05085253 0.05115160 0.05081657 

$`NAIVE BAYES`$`St Dev F1 Measure`
         1          2          3          4          5          6          7          8          9 
0.00000000 0.09004301 0.08588548 0.07341642 0.09113617 0.09867037 0.09280092 0.08027590 0.08698331 
        10         11         12         13         14         15         16         17         18 
0.08570568 0.08290869 0.08502702 0.09068890 0.09634675 0.14469860 0.13597805 0.11329002 0.11444790 
        19         20         21         22         23         24         25         26         27 
0.12443966 0.12007111 0.12403746 0.12197551 0.11712556 0.12459466 0.11169098 0.08809100 0.10931995 
        28         29         30         31         32         33         34         35         36 
0.09677309 0.09416893 0.08904688 0.07458774 0.07298255 0.06349516 0.05389590 0.03356592 0.04164233 
        37         38         39         40         41         42         43         44         45 
0.01063399 0.01084373 0.01084346 0.01087916 0.01082529 0.01037987 0.01049140 0.01103632 0.01090682 
        46         47         48         49         50 
0.01158871 0.01148203 0.01148483 0.01074442 0.01115173 

$`NAIVE BAYES`$`Micro Ave F1 Measure`
         1          2          3          4          5          6          7          8          9 
       NaN 0.73089701 0.70253165 0.64971751 0.62330623 0.55348837 0.52083333 0.51080550 0.50000000 
        10         11         12         13         14         15         16         17         18 
0.49433962 0.48807339 0.46913580 0.44592346 0.40179910 0.21783741 0.21339220 0.20391061 0.20509383 
        19         20         21         22         23         24         25         26         27 
0.14740846 0.14458955 0.11356239 0.11539875 0.11307166 0.09564423 0.11059908 0.13203555 0.09296782 
        28         29         30         31         32         33         34         35         36 
0.08059548 0.07981462 0.07910181 0.07663782 0.07656211 0.06876791 0.06276403 0.05407291 0.05351286 
        37         38         39         40         41         42         43         44         45 
0.04987932 0.05002405 0.04998398 0.04978459 0.04951595 0.04966783 0.04981755 0.05000796 0.05020787 
        46         47         48         49         50 
0.05063291 0.05076473 0.05080606 0.05111402 0.05078637 


$SVM
$SVM$`Accuracy per Fold`
   1         2         3         4         5         6         7         8         9        10
1  0 0.9914408 0.9914408 0.9928673 0.9928673 0.9928673 0.9900143 0.9914408 0.9914408 0.9914408
2  0 0.9971751 0.9971751 0.9985876 1.0000000 0.9985876 0.9957627 0.9957627 0.9943503 0.9943503
3  0 0.9957567 0.9957567 0.9971711 0.9971711 0.9957567 0.9929279 0.9929279 0.9929279 0.9957567
4  0 0.9915254 0.9915254 0.9915254 0.9929379 0.9915254 0.9915254 0.9915254 0.9901130 0.9901130
5  0 0.9957627 0.9971751 0.9971751 0.9971751 0.9971751 0.9971751 0.9971751 0.9971751 0.9957627
6  0 0.9915134 0.9915134 0.9915134 0.9915134 0.9915134 0.9900990 0.9886846 0.9886846 0.9886846
7  0 0.9887006 0.9901130 0.9915254 0.9943503 0.9887006 0.9872881 0.9872881 0.9872881 0.9844633
8  0 0.9943423 0.9943423 0.9915134 0.9915134 0.9915134 0.9915134 0.9929279 0.9915134 0.9915134
9  0 0.9971751 0.9985876 0.9985876 0.9985876 0.9971751 0.9971751 0.9957627 0.9957627 0.9957627
10 0 0.9857347 0.9871612 0.9871612 0.9871612 0.9871612 0.9885877 0.9885877 0.9885877 0.9900143
          11        12        13        14        15        16        17        18        19        20
1  0.9942939 0.9942939 0.9914408 0.9914408 0.9914408 0.9914408 0.9914408 0.9914408 0.9914408 0.9914408
2  0.9929379 0.9943503 0.9929379 0.9943503 0.9929379 0.9901130 0.9901130 0.9901130 0.9901130 0.9901130
3  0.9929279 0.9929279 0.9943423 0.9943423 0.9929279 0.9929279 0.9915134 0.9915134 0.9900990 0.9900990
4  0.9901130 0.9901130 0.9901130 0.9901130 0.9887006 0.9887006 0.9887006 0.9887006 0.9887006 0.9858757
5  0.9957627 0.9957627 0.9943503 0.9943503 0.9943503 0.9943503 0.9943503 0.9943503 0.9943503 0.9943503
6  0.9900990 0.9900990 0.9900990 0.9886846 0.9886846 0.9886846 0.9886846 0.9886846 0.9886846 0.9872702
7  0.9872881 0.9887006 0.9887006 0.9872881 0.9858757 0.9858757 0.9858757 0.9858757 0.9844633 0.9802260
8  0.9886846 0.9886846 0.9900990 0.9886846 0.9886846 0.9886846 0.9886846 0.9886846 0.9886846 0.9872702
9  0.9971751 0.9971751 0.9943503 0.9943503 0.9957627 0.9929379 0.9929379 0.9929379 0.9929379 0.9943503
10 0.9871612 0.9871612 0.9857347 0.9857347 0.9857347 0.9857347 0.9857347 0.9857347 0.9857347 0.9857347
          21        22        23        24        25        26        27        28        29        30
1  0.9914408 0.9885877 0.9885877 0.9871612 0.9871612 0.9871612 0.9871612 0.9885877 0.9885877 0.9885877
2  0.9901130 0.9915254 0.9915254 0.9901130 0.9901130 0.9901130 0.9887006 0.9887006 0.9887006 0.9901130
3  0.9900990 0.9915134 0.9915134 0.9915134 0.9915134 0.9915134 0.9915134 0.9915134 0.9915134 0.9915134
4  0.9858757 0.9858757 0.9858757 0.9858757 0.9858757 0.9844633 0.9844633 0.9844633 0.9844633 0.9844633
5  0.9957627 0.9957627 0.9957627 0.9957627 0.9943503 0.9943503 0.9943503 0.9943503 0.9943503 0.9943503
6  0.9872702 0.9858557 0.9858557 0.9858557 0.9858557 0.9858557 0.9858557 0.9858557 0.9858557 0.9858557
7  0.9802260 0.9802260 0.9802260 0.9802260 0.9788136 0.9774011 0.9774011 0.9774011 0.9745763 0.9731638
8  0.9872702 0.9872702 0.9872702 0.9872702 0.9872702 0.9872702 0.9872702 0.9886846 0.9886846 0.9886846
9  0.9943503 0.9943503 0.9943503 0.9915254 0.9915254 0.9915254 0.9915254 0.9915254 0.9915254 0.9915254
10 0.9857347 0.9871612 0.9857347 0.9857347 0.9857347 0.9843081 0.9843081 0.9843081 0.9828816 0.9828816
          31        32        33        34        35        36        37        38        39        40
1  0.9885877 0.9885877 0.9885877 0.9885877 0.9900143 0.9900143 0.9900143 0.9900143 0.9900143 0.9900143
2  0.9901130 0.9901130 0.9901130 0.9901130 0.9901130 0.9901130 0.9901130 0.9901130 0.9901130 0.9901130
3  0.9915134 0.9915134 0.9915134 0.9915134 0.9915134 0.9915134 0.9915134 0.9915134 0.9900990 0.9900990
4  0.9844633 0.9844633 0.9844633 0.9844633 0.9858757 0.9858757 0.9844633 0.9844633 0.9844633 0.9844633
5  0.9943503 0.9943503 0.9929379 0.9929379 0.9929379 0.9929379 0.9929379 0.9929379 0.9957627 0.9957627
6  0.9858557 0.9858557 0.9858557 0.9858557 0.9858557 0.9858557 0.9858557 0.9858557 0.9858557 0.9858557
7  0.9731638 0.9731638 0.9745763 0.9745763 0.9745763 0.9745763 0.9745763 0.9745763 0.9759887 0.9759887
8  0.9886846 0.9886846 0.9886846 0.9886846 0.9872702 0.9872702 0.9872702 0.9872702 0.9872702 0.9872702
9  0.9915254 0.9915254 0.9915254 0.9915254 0.9915254 0.9915254 0.9915254 0.9915254 0.9915254 0.9915254
10 0.9800285 0.9814551 0.9814551 0.9814551 0.9814551 0.9814551 0.9814551 0.9814551 0.9814551 0.9814551
          41        42        43        44        45        46        47        48        49        50
1  0.9900143 0.9900143 0.9900143 0.9914408 0.9914408 0.9914408 0.9914408 0.9914408 0.9914408 0.9914408
2  0.9901130 0.9901130 0.9901130 0.9901130 0.9901130 0.9901130 0.9901130 0.9901130 0.9901130 0.9901130
3  0.9886846 0.9915134 0.9915134 0.9915134 0.9915134 0.9915134 0.9900990 0.9900990 0.9915134 0.9915134
4  0.9844633 0.9830508 0.9830508 0.9830508 0.9830508 0.9830508 0.9830508 0.9830508 0.9830508 0.9830508
5  0.9957627 0.9943503 0.9943503 0.9943503 0.9943503 0.9943503 0.9943503 0.9943503 0.9943503 0.9943503
6  0.9858557 0.9858557 0.9858557 0.9844413 0.9830269 0.9830269 0.9830269 0.9830269 0.9830269 0.9830269
7  0.9774011 0.9774011 0.9774011 0.9788136 0.9802260 0.9802260 0.9802260 0.9774011 0.9759887 0.9774011
8  0.9872702 0.9872702 0.9872702 0.9872702 0.9872702 0.9872702 0.9872702 0.9872702 0.9872702 0.9872702
9  0.9915254 0.9915254 0.9915254 0.9915254 0.9915254 0.9915254 0.9915254 0.9915254 0.9915254 0.9915254
10 0.9814551 0.9814551 0.9828816 0.9828816 0.9814551 0.9814551 0.9814551 0.9814551 0.9814551 0.9800285

$SVM$`Mean Accuracy`
        1         2         3         4         5         6         7         8         9        10 
0.0000000 0.9929127 0.9934791 0.9937628 0.9943277 0.9931976 0.9922069 0.9922083 0.9917844 0.9917862 
       11        12        13        14        15        16        17        18        19        20 
0.9916443 0.9919268 0.9912168 0.9909339 0.9905100 0.9899450 0.9898035 0.9898035 0.9895209 0.9886730 
       21        22        23        24        25        26        27        28        29        30 
0.9888142 0.9888128 0.9886702 0.9881038 0.9878213 0.9873962 0.9872549 0.9875390 0.9871139 0.9871139 
       31        32        33        34        35        36        37        38        39        40 
0.9868286 0.9869712 0.9869712 0.9869712 0.9871137 0.9871137 0.9869724 0.9869724 0.9872547 0.9872547 
       41        42        43        44        45        46        47        48        49        50 
0.9872545 0.9872549 0.9873976 0.9875400 0.9873972 0.9873972 0.9872557 0.9869733 0.9869735 0.9869720 

$SVM$`St Dev Accuracy`
          1           2           3           4           5           6           7           8 
0.000000000 0.003799222 0.003688307 0.003863385 0.003912634 0.003836695 0.003496335 0.003362559 
          9          10          11          12          13          14          15          16 
0.003262708 0.003701998 0.003503326 0.003415649 0.002838639 0.003299924 0.003482728 0.002954071 
         17          18          19          20          21          22          23          24 
0.002826486 0.002826486 0.003006590 0.004320204 0.004543744 0.004593221 0.004671697 0.004285678 
         25          26          27          28          29          30          31          32 
0.004334790 0.004833059 0.004765000 0.004799897 0.005598142 0.006017953 0.006301832 0.006144992 
         33          34          35          36          37          38          39          40 
0.005617330 0.005617330 0.005602556 0.005602556 0.005654794 0.005654794 0.005625423 0.005625423 
         41          42          43          44          45          46          47          48 
0.005259203 0.005300593 0.005144044 0.005028441 0.005064025 0.005064025 0.004954856 0.005455409 
         49          50 
0.005847423 0.005739484 

$SVM$`Precisions per Fold`
   1         2         3         4         5         6         7         8         9        10
1  0 0.6666667 0.6666667 0.7058824 0.7333333 0.7333333 0.6470588 0.6875000 0.6875000 0.6875000
2  0 0.9230769 1.0000000 1.0000000 1.0000000 1.0000000 0.9166667 0.9166667 0.8461538 0.8461538
3  0 0.8235294 0.8235294 0.8750000 0.8750000 0.8666667 0.7647059 0.8000000 0.8000000 0.8666667
4  0 0.8666667 0.9230769 0.9230769 1.0000000 0.8666667 0.8666667 1.0000000 1.0000000 1.0000000
5  0 0.8125000 0.8666667 0.8666667 0.8666667 0.8666667 0.8666667 0.8666667 0.8666667 0.9166667
6  0 0.8888889 0.8888889 0.9375000 0.9375000 0.9375000 0.9333333 0.8750000 0.8750000 0.8750000
7  0 0.7826087 0.7916667 0.8260870 0.8695652 0.7826087 0.7500000 0.7500000 0.7727273 0.7083333
8  0 0.8571429 0.8571429 0.8421053 0.8421053 0.8421053 0.8421053 0.8500000 0.8421053 0.8421053
9  0 0.9285714 0.9333333 0.9333333 0.9333333 0.9285714 0.9285714 0.8666667 0.8666667 0.8666667
10 0 0.6363636 0.6521739 0.6666667 0.6666667 0.6666667 0.6818182 0.6818182 0.6666667 0.6956522
          11        12        13        14        15        16        17        18        19        20
1  0.7857143 0.7857143 0.7500000 0.7500000 0.7500000 0.7500000 0.7500000 0.7500000 0.7500000 0.7500000
2  0.7857143 0.8461538 0.8333333 0.9090909 0.9000000 1.0000000 1.0000000 1.0000000 1.0000000 1.0000000
3  0.8000000 0.8000000 0.8571429 0.9166667 0.9090909 0.9090909 0.9000000 0.9000000 0.8888889 0.8888889
4  1.0000000 1.0000000 1.0000000 1.0000000 1.0000000 1.0000000 1.0000000 1.0000000 1.0000000 1.0000000
5  0.9166667 0.9166667 0.9090909 0.9090909 0.9090909 0.9090909 0.9090909 0.9090909 0.9090909 0.9090909
6  0.9333333 0.9333333 0.9333333 0.9285714 0.9285714 0.9285714 0.9285714 0.9285714 0.9285714 0.9230769
7  0.7727273 0.8095238 0.8421053 0.8333333 0.8235294 0.8235294 0.8235294 0.8235294 0.8125000 0.7692308
8  0.7894737 0.7894737 0.8750000 0.8666667 0.8666667 0.8666667 0.8666667 0.8666667 0.8666667 0.8571429
9  0.9285714 0.9285714 0.8125000 0.8125000 0.8666667 0.8461538 0.8461538 0.8461538 0.8461538 0.9166667
10 0.6842105 0.6842105 0.6666667 0.6666667 0.6666667 0.6666667 0.6666667 0.6666667 0.6666667 0.6666667
          21        22        23        24        25        26        27        28        29        30
1  0.7500000 0.7000000 0.7000000 0.6666667 0.6666667 0.6666667 0.6666667 0.7000000 0.7000000 0.7000000
2  1.0000000 1.0000000 1.0000000 1.0000000 1.0000000 1.0000000 1.0000000 1.0000000 1.0000000 1.0000000
3  0.8888889 1.0000000 1.0000000 1.0000000 1.0000000 1.0000000 1.0000000 1.0000000 1.0000000 1.0000000
4  1.0000000 1.0000000 1.0000000 1.0000000 1.0000000 1.0000000 1.0000000 1.0000000 1.0000000 1.0000000
5  0.9166667 0.9166667 0.9166667 0.9166667 0.9090909 0.9090909 0.9090909 0.9090909 0.9090909 0.9090909
6  0.9230769 0.9166667 0.9166667 0.9166667 0.9166667 0.9166667 0.9166667 0.9166667 0.9166667 0.9166667
7  0.7692308 0.7692308 0.7692308 0.7692308 0.7500000 0.7272727 0.7272727 0.7272727 0.6666667 0.6250000
8  0.8571429 0.8571429 0.8571429 0.8571429 0.8571429 0.8571429 0.8571429 0.9230769 0.9230769 0.9230769
9  0.9166667 0.9166667 0.9166667 0.9000000 0.9000000 0.9000000 0.9000000 0.9000000 0.9000000 0.9000000
10 0.6666667 0.6842105 0.6666667 0.6666667 0.6666667 0.6470588 0.6470588 0.6470588 0.6250000 0.6250000
          31        32        33        34        35        36        37        38        39        40
1  0.7000000 0.7000000 0.7000000 0.7000000 0.7777778 0.7777778 0.7777778 0.7777778 0.7777778 0.7777778
2  1.0000000 1.0000000 1.0000000 1.0000000 1.0000000 1.0000000 1.0000000 1.0000000 1.0000000 1.0000000
3  1.0000000 1.0000000 1.0000000 1.0000000 1.0000000 1.0000000 1.0000000 1.0000000 1.0000000 1.0000000
4  1.0000000 1.0000000 1.0000000 1.0000000 1.0000000 1.0000000 1.0000000 1.0000000 1.0000000 1.0000000
5  0.9090909 0.9090909 0.9000000 0.9000000 0.9000000 0.9000000 0.9000000 0.9000000 0.9166667 0.9166667
6  0.9166667 0.9166667 0.9166667 0.9166667 0.9166667 0.9166667 0.9166667 0.9166667 0.9166667 0.9166667
7  0.6250000 0.6250000 0.6666667 0.6666667 0.6666667 0.6666667 0.6666667 0.6666667 0.7000000 0.7000000
8  0.9230769 0.9230769 0.9230769 0.9230769 0.9166667 0.9166667 0.9166667 0.9166667 0.9166667 0.9166667
9  0.9000000 0.9000000 0.9000000 0.9000000 0.9000000 0.9000000 0.9000000 0.9000000 0.9000000 0.9000000
10 0.5714286 0.6000000 0.6000000 0.6000000 0.6000000 0.6000000 0.6000000 0.6000000 0.6000000 0.6000000
          41        42        43        44        45        46        47        48        49        50
1  0.7777778 0.7777778 0.7777778 0.8750000 0.8750000 0.8750000 0.8750000 0.8750000 0.8750000 0.8750000
2  1.0000000 1.0000000 1.0000000 1.0000000 1.0000000 1.0000000 1.0000000 1.0000000 1.0000000 1.0000000
3  0.8750000 1.0000000 1.0000000 1.0000000 1.0000000 1.0000000 0.8888889 0.8888889 1.0000000 1.0000000
4  1.0000000 1.0000000 1.0000000 1.0000000 1.0000000 1.0000000 1.0000000 1.0000000 1.0000000 1.0000000
5  0.9166667 0.9090909 0.9090909 0.9090909 0.9090909 0.9090909 0.9090909 0.9090909 0.9090909 0.9090909
6  0.9166667 0.9166667 0.9166667 0.9090909 0.9000000 0.9000000 0.9000000 0.9000000 0.9000000 0.9000000
7  0.7777778 0.7777778 0.7777778 0.8000000 0.8888889 0.8888889 0.8888889 1.0000000 0.8333333 0.8571429
8  0.9166667 0.9166667 0.9166667 0.9166667 0.9166667 0.9166667 0.9166667 0.9166667 0.9166667 0.9166667
9  0.9000000 1.0000000 1.0000000 1.0000000 1.0000000 1.0000000 1.0000000 1.0000000 1.0000000 1.0000000
10 0.6000000 0.6000000 0.6250000 0.6250000 0.6000000 0.6000000 0.6000000 0.6000000 0.6000000 0.5714286

$SVM$`Mean Precisions`
        1         2         3         4         5         6         7         8         9        10 
0.0000000 0.8186015 0.8403145 0.8576318 0.8724170 0.8490785 0.8197593 0.8294318 0.8223486 0.8304745 
       11        12        13        14        15        16        17        18        19        20 
0.8396411 0.8493648 0.8479172 0.8592587 0.8620283 0.8699770 0.8690679 0.8690679 0.8668538 0.8680764 
       21        22        23        24        25        26        27        28        29        30 
0.8688339 0.8760584 0.8743040 0.8693040 0.8666234 0.8623899 0.8623899 0.8723166 0.8640501 0.8598834 
       31        32        33        34        35        36        37        38        39        40 
0.8545263 0.8573834 0.8606410 0.8606410 0.8677778 0.8677778 0.8677778 0.8677778 0.8727778 0.8727778 
       41        42        43        44        45        46        47        48        49        50 
0.8680556 0.8897980 0.8922980 0.9034848 0.9089646 0.9089646 0.8978535 0.9089646 0.9034091 0.9029329 

$SVM$`St Dev Precisions`
         1          2          3          4          5          6          7          8          9 
0.00000000 0.09966407 0.11182202 0.10423074 0.10705428 0.09943211 0.10316145 0.10060145 0.09695367 
        10         11         12         13         14         15         16         17         18 
0.10257171 0.09824870 0.09398208 0.09364608 0.09707790 0.09520592 0.10475926 0.10442101 0.10442101 
        19         20         21         22         23         24         25         26         27 
0.10469371 0.10888680 0.10922967 0.12046381 0.12365376 0.12865084 0.13014780 0.13593721 0.13593721 
        28         29         30         31         32         33         34         35         36 
0.13209559 0.14454468 0.15130895 0.16117574 0.15576202 0.14898303 0.14898303 0.14124665 0.14124665 
        37         38         39         40         41         42         43         44         45 
0.14124665 0.14124665 0.13677277 0.13677277 0.12070644 0.13311396 0.12716854 0.11858969 0.12032605 
        46         47         48         49         50 
0.12032605 0.11603939 0.12032605 0.12261668 0.12939832 

$SVM$`Micro Ave Precisions`
        1         2         3         4         5         6         7         8         9        10 
      NaN 0.8079096 0.8228571 0.8443114 0.8606061 0.8363636 0.8058824 0.8132530 0.8060606 0.8098160 
       11        12        13        14        15        16        17        18        19        20 
0.8246753 0.8355263 0.8391608 0.8467153 0.8484848 0.8492063 0.8480000 0.8480000 0.8455285 0.8434783 
       21        22        23        24        25        26        27        28        29        30 
0.8448276 0.8508772 0.8495575 0.8440367 0.8411215 0.8365385 0.8349515 0.8446602 0.8400000 0.8400000 
       31        32        33        34        35        36        37        38        39        40 
0.8367347 0.8383838 0.8383838 0.8383838 0.8469388 0.8469388 0.8453608 0.8453608 0.8484848 0.8484848 
       41        42        43        44        45        46        47        48        49        50 
0.8484848 0.8631579 0.8645833 0.8736842 0.8804348 0.8804348 0.8709677 0.8764045 0.8764045 0.8764045 

$SVM$`Recalls per Fold`
   1         2         3         4         5         6         7         8         9        10
1  0 1.0000000 1.0000000 1.0000000 0.9166667 0.9166667 0.9166667 0.9166667 0.9166667 0.9166667
2  0 0.9230769 0.8461538 0.9230769 1.0000000 0.9230769 0.8461538 0.8461538 0.8461538 0.8461538
3  0 1.0000000 1.0000000 1.0000000 1.0000000 0.9285714 0.9285714 0.8571429 0.8571429 0.9285714
4  0 0.7647059 0.7058824 0.7058824 0.7058824 0.7647059 0.7647059 0.6470588 0.5882353 0.5882353
5  0 1.0000000 1.0000000 1.0000000 1.0000000 1.0000000 1.0000000 1.0000000 1.0000000 0.8461538
6  0 0.8000000 0.8000000 0.7500000 0.7500000 0.7500000 0.7000000 0.7000000 0.7000000 0.7000000
7  0 0.8571429 0.9047619 0.9047619 0.9523810 0.8571429 0.8571429 0.8571429 0.8095238 0.8095238
8  0 0.9473684 0.9473684 0.8421053 0.8421053 0.8421053 0.8421053 0.8947368 0.8421053 0.8421053
9  0 0.9285714 1.0000000 1.0000000 1.0000000 0.9285714 0.9285714 0.9285714 0.9285714 0.9285714
10 0 0.8750000 0.9375000 0.8750000 0.8750000 0.8750000 0.9375000 0.9375000 1.0000000 1.0000000
          11        12        13        14        15        16        17        18        19        20
1  0.9166667 0.9166667 0.7500000 0.7500000 0.7500000 0.7500000 0.7500000 0.7500000 0.7500000 0.7500000
2  0.8461538 0.8461538 0.7692308 0.7692308 0.6923077 0.4615385 0.4615385 0.4615385 0.4615385 0.4615385
3  0.8571429 0.8571429 0.8571429 0.7857143 0.7142857 0.7142857 0.6428571 0.6428571 0.5714286 0.5714286
4  0.5882353 0.5882353 0.5882353 0.5882353 0.5294118 0.5294118 0.5294118 0.5294118 0.5294118 0.4117647
5  0.8461538 0.8461538 0.7692308 0.7692308 0.7692308 0.7692308 0.7692308 0.7692308 0.7692308 0.7692308
6  0.7000000 0.7000000 0.7000000 0.6500000 0.6500000 0.6500000 0.6500000 0.6500000 0.6500000 0.6000000
7  0.8095238 0.8095238 0.7619048 0.7142857 0.6666667 0.6666667 0.6666667 0.6666667 0.6190476 0.4761905
8  0.7894737 0.7894737 0.7368421 0.6842105 0.6842105 0.6842105 0.6842105 0.6842105 0.6842105 0.6315789
9  0.9285714 0.9285714 0.9285714 0.9285714 0.9285714 0.7857143 0.7857143 0.7857143 0.7857143 0.7857143
10 0.8125000 0.8125000 0.7500000 0.7500000 0.7500000 0.7500000 0.7500000 0.7500000 0.7500000 0.7500000
          21        22        23        24        25        26        27        28        29        30
1  0.7500000 0.5833333 0.5833333 0.5000000 0.5000000 0.5000000 0.5000000 0.5833333 0.5833333 0.5833333
2  0.4615385 0.5384615 0.5384615 0.4615385 0.4615385 0.4615385 0.3846154 0.3846154 0.3846154 0.4615385
3  0.5714286 0.5714286 0.5714286 0.5714286 0.5714286 0.5714286 0.5714286 0.5714286 0.5714286 0.5714286
4  0.4117647 0.4117647 0.4117647 0.4117647 0.4117647 0.3529412 0.3529412 0.3529412 0.3529412 0.3529412
5  0.8461538 0.8461538 0.8461538 0.8461538 0.7692308 0.7692308 0.7692308 0.7692308 0.7692308 0.7692308
6  0.6000000 0.5500000 0.5500000 0.5500000 0.5500000 0.5500000 0.5500000 0.5500000 0.5500000 0.5500000
7  0.4761905 0.4761905 0.4761905 0.4761905 0.4285714 0.3809524 0.3809524 0.3809524 0.2857143 0.2380952
8  0.6315789 0.6315789 0.6315789 0.6315789 0.6315789 0.6315789 0.6315789 0.6315789 0.6315789 0.6315789
9  0.7857143 0.7857143 0.7857143 0.6428571 0.6428571 0.6428571 0.6428571 0.6428571 0.6428571 0.6428571
10 0.7500000 0.8125000 0.7500000 0.7500000 0.7500000 0.6875000 0.6875000 0.6875000 0.6250000 0.6250000
          31        32        33        34        35        36        37        38        39        40
1  0.5833333 0.5833333 0.5833333 0.5833333 0.5833333 0.5833333 0.5833333 0.5833333 0.5833333 0.5833333
2  0.4615385 0.4615385 0.4615385 0.4615385 0.4615385 0.4615385 0.4615385 0.4615385 0.4615385 0.4615385
3  0.5714286 0.5714286 0.5714286 0.5714286 0.5714286 0.5714286 0.5714286 0.5714286 0.5000000 0.5000000
4  0.3529412 0.3529412 0.3529412 0.3529412 0.4117647 0.4117647 0.3529412 0.3529412 0.3529412 0.3529412
5  0.7692308 0.7692308 0.6923077 0.6923077 0.6923077 0.6923077 0.6923077 0.6923077 0.8461538 0.8461538
6  0.5500000 0.5500000 0.5500000 0.5500000 0.5500000 0.5500000 0.5500000 0.5500000 0.5500000 0.5500000
7  0.2380952 0.2380952 0.2857143 0.2857143 0.2857143 0.2857143 0.2857143 0.2857143 0.3333333 0.3333333
8  0.6315789 0.6315789 0.6315789 0.6315789 0.5789474 0.5789474 0.5789474 0.5789474 0.5789474 0.5789474
9  0.6428571 0.6428571 0.6428571 0.6428571 0.6428571 0.6428571 0.6428571 0.6428571 0.6428571 0.6428571
10 0.5000000 0.5625000 0.5625000 0.5625000 0.5625000 0.5625000 0.5625000 0.5625000 0.5625000 0.5625000
          41        42        43        44        45        46        47        48        49        50
1  0.5833333 0.5833333 0.5833333 0.5833333 0.5833333 0.5833333 0.5833333 0.5833333 0.5833333 0.5833333
2  0.4615385 0.4615385 0.4615385 0.4615385 0.4615385 0.4615385 0.4615385 0.4615385 0.4615385 0.4615385
3  0.5000000 0.5714286 0.5714286 0.5714286 0.5714286 0.5714286 0.5714286 0.5714286 0.5714286 0.5714286
4  0.3529412 0.2941176 0.2941176 0.2941176 0.2941176 0.2941176 0.2941176 0.2941176 0.2941176 0.2941176
5  0.8461538 0.7692308 0.7692308 0.7692308 0.7692308 0.7692308 0.7692308 0.7692308 0.7692308 0.7692308
6  0.5500000 0.5500000 0.5500000 0.5000000 0.4500000 0.4500000 0.4500000 0.4500000 0.4500000 0.4500000
7  0.3333333 0.3333333 0.3333333 0.3809524 0.3809524 0.3809524 0.3809524 0.2380952 0.2380952 0.2857143
8  0.5789474 0.5789474 0.5789474 0.5789474 0.5789474 0.5789474 0.5789474 0.5789474 0.5789474 0.5789474
9  0.6428571 0.5714286 0.5714286 0.5714286 0.5714286 0.5714286 0.5714286 0.5714286 0.5714286 0.5714286
10 0.5625000 0.5625000 0.6250000 0.6250000 0.5625000 0.5625000 0.5625000 0.5625000 0.5625000 0.5000000

$SVM$`Mean Recalls`
        1         2         3         4         5         6         7         8         9        10 
0.0000000 0.9095866 0.9141667 0.9000826 0.9042035 0.8785840 0.8721417 0.8584973 0.8488399 0.8405982 
       11        12        13        14        15        16        17        18        19        20 
0.8094421 0.8094421 0.7611158 0.7389479 0.7134685 0.6761058 0.6689630 0.6689630 0.6570582 0.6207446 
       21        22        23        24        25        26        27        28        29        30 
0.6284369 0.6207126 0.6144626 0.5841512 0.5716970 0.5548027 0.5471104 0.5554438 0.5396700 0.5426004 
       31        32        33        34        35        36        37        38        39        40 
0.5301004 0.5363504 0.5334200 0.5334200 0.5340392 0.5340392 0.5281568 0.5281568 0.5411605 0.5411605 
       41        42        43        44        45        46        47        48        49        50 
0.5411605 0.5275858 0.5338358 0.5335977 0.5223477 0.5223477 0.5223477 0.5080620 0.5080620 0.5065739 

$SVM$`St Dev Recalls`
         1          2          3          4          5          6          7          8          9 
0.00000000 0.08395756 0.10124054 0.10786494 0.10903787 0.07779930 0.08941060 0.10845145 0.12840547 
        10         11         12         13         14         15         16         17         18 
0.12071934 0.10109286 0.10109286 0.08935202 0.09095359 0.10189746 0.10617557 0.10572335 0.10572335 
        19         20         21         22         23         24         25         26         27 
0.11080379 0.13967102 0.15045908 0.14722896 0.13929565 0.13608130 0.12617036 0.13342047 0.14137538 
        28         29         30         31         32         33         34         35         36 
0.14074455 0.15110669 0.15417510 0.15180113 0.15171074 0.12953386 0.12953386 0.11816764 0.11816764 
        37         38         39         40         41         42         43         44         45 
0.12612680 0.12612680 0.14672558 0.14672558 0.14672558 0.13593606 0.13911922 0.13259903 0.13136786 
        46         47         48         49         50 
0.13136786 0.13136786 0.15423058 0.15423058 0.14442201 

$SVM$`Micro Ave Recalls`
        1         2         3         4         5         6         7         8         9        10 
      NaN 0.8993711 0.9056604 0.8867925 0.8930818 0.8679245 0.8616352 0.8490566 0.8364780 0.8301887 
       11        12        13        14        15        16        17        18        19        20 
0.7987421 0.7987421 0.7547170 0.7295597 0.7044025 0.6729560 0.6666667 0.6666667 0.6540881 0.6100629 
       21        22        23        24        25        26        27        28        29        30 
0.6163522 0.6100629 0.6037736 0.5786164 0.5660377 0.5471698 0.5408805 0.5471698 0.5283019 0.5283019 
       31        32        33        34        35        36        37        38        39        40 
0.5157233 0.5220126 0.5220126 0.5220126 0.5220126 0.5220126 0.5157233 0.5157233 0.5283019 0.5283019 
       41        42        43        44        45        46        47        48        49        50 
0.5283019 0.5157233 0.5220126 0.5220126 0.5094340 0.5094340 0.5094340 0.4905660 0.4905660 0.4905660 

$SVM$`F1 Measure`
   1         2         3         4         5         6         7         8         9        10
1  0 0.8000000 0.8000000 0.8275862 0.8148148 0.8148148 0.7586207 0.7857143 0.7857143 0.7857143
2  0 0.9230769 0.9166667 0.9600000 1.0000000 0.9600000 0.8800000 0.8800000 0.8461538 0.8461538
3  0 0.9032258 0.9032258 0.9333333 0.9333333 0.8965517 0.8387097 0.8275862 0.8275862 0.8965517
4  0 0.8125000 0.8000000 0.8000000 0.8275862 0.8125000 0.8125000 0.7857143 0.7407407 0.7407407
5  0 0.8965517 0.9285714 0.9285714 0.9285714 0.9285714 0.9285714 0.9285714 0.9285714 0.8800000
6  0 0.8421053 0.8421053 0.8333333 0.8333333 0.8333333 0.8000000 0.7777778 0.7777778 0.7777778
7  0 0.8181818 0.8444444 0.8636364 0.9090909 0.8181818 0.8000000 0.8000000 0.7906977 0.7555556
8  0 0.9000000 0.9000000 0.8421053 0.8421053 0.8421053 0.8421053 0.8717949 0.8421053 0.8421053
9  0 0.9285714 0.9655172 0.9655172 0.9655172 0.9285714 0.9285714 0.8965517 0.8965517 0.8965517
10 0 0.7368421 0.7692308 0.7567568 0.7567568 0.7567568 0.7894737 0.7894737 0.8000000 0.8205128
          11        12        13        14        15        16        17        18        19        20
1  0.8461538 0.8461538 0.7500000 0.7500000 0.7500000 0.7500000 0.7500000 0.7500000 0.7500000 0.7500000
2  0.8148148 0.8461538 0.8000000 0.8333333 0.7826087 0.6315789 0.6315789 0.6315789 0.6315789 0.6315789
3  0.8275862 0.8275862 0.8571429 0.8461538 0.8000000 0.8000000 0.7500000 0.7500000 0.6956522 0.6956522
4  0.7407407 0.7407407 0.7407407 0.7407407 0.6923077 0.6923077 0.6923077 0.6923077 0.6923077 0.5833333
5  0.8800000 0.8800000 0.8333333 0.8333333 0.8333333 0.8333333 0.8333333 0.8333333 0.8333333 0.8333333
6  0.8000000 0.8000000 0.8000000 0.7647059 0.7647059 0.7647059 0.7647059 0.7647059 0.7647059 0.7272727
7  0.7906977 0.8095238 0.8000000 0.7692308 0.7368421 0.7368421 0.7368421 0.7368421 0.7027027 0.5882353
8  0.7894737 0.7894737 0.8000000 0.7647059 0.7647059 0.7647059 0.7647059 0.7647059 0.7647059 0.7272727
9  0.9285714 0.9285714 0.8666667 0.8666667 0.8965517 0.8148148 0.8148148 0.8148148 0.8148148 0.8461538
10 0.7428571 0.7428571 0.7058824 0.7058824 0.7058824 0.7058824 0.7058824 0.7058824 0.7058824 0.7058824
          21        22        23        24        25        26        27        28        29        30
1  0.7500000 0.6363636 0.6363636 0.5714286 0.5714286 0.5714286 0.5714286 0.6363636 0.6363636 0.6363636
2  0.6315789 0.7000000 0.7000000 0.6315789 0.6315789 0.6315789 0.5555556 0.5555556 0.5555556 0.6315789
3  0.6956522 0.7272727 0.7272727 0.7272727 0.7272727 0.7272727 0.7272727 0.7272727 0.7272727 0.7272727
4  0.5833333 0.5833333 0.5833333 0.5833333 0.5833333 0.5217391 0.5217391 0.5217391 0.5217391 0.5217391
5  0.8800000 0.8800000 0.8800000 0.8800000 0.8333333 0.8333333 0.8333333 0.8333333 0.8333333 0.8333333
6  0.7272727 0.6875000 0.6875000 0.6875000 0.6875000 0.6875000 0.6875000 0.6875000 0.6875000 0.6875000
7  0.5882353 0.5882353 0.5882353 0.5882353 0.5454545 0.5000000 0.5000000 0.5000000 0.4000000 0.3448276
8  0.7272727 0.7272727 0.7272727 0.7272727 0.7272727 0.7272727 0.7272727 0.7500000 0.7500000 0.7500000
9  0.8461538 0.8461538 0.8461538 0.7500000 0.7500000 0.7500000 0.7500000 0.7500000 0.7500000 0.7500000
10 0.7058824 0.7428571 0.7058824 0.7058824 0.7058824 0.6666667 0.6666667 0.6666667 0.6250000 0.6250000
          31        32        33        34        35        36        37        38        39        40
1  0.6363636 0.6363636 0.6363636 0.6363636 0.6666667 0.6666667 0.6666667 0.6666667 0.6666667 0.6666667
2  0.6315789 0.6315789 0.6315789 0.6315789 0.6315789 0.6315789 0.6315789 0.6315789 0.6315789 0.6315789
3  0.7272727 0.7272727 0.7272727 0.7272727 0.7272727 0.7272727 0.7272727 0.7272727 0.6666667 0.6666667
4  0.5217391 0.5217391 0.5217391 0.5217391 0.5833333 0.5833333 0.5217391 0.5217391 0.5217391 0.5217391
5  0.8333333 0.8333333 0.7826087 0.7826087 0.7826087 0.7826087 0.7826087 0.7826087 0.8800000 0.8800000
6  0.6875000 0.6875000 0.6875000 0.6875000 0.6875000 0.6875000 0.6875000 0.6875000 0.6875000 0.6875000
7  0.3448276 0.3448276 0.4000000 0.4000000 0.4000000 0.4000000 0.4000000 0.4000000 0.4516129 0.4516129
8  0.7500000 0.7500000 0.7500000 0.7500000 0.7096774 0.7096774 0.7096774 0.7096774 0.7096774 0.7096774
9  0.7500000 0.7500000 0.7500000 0.7500000 0.7500000 0.7500000 0.7500000 0.7500000 0.7500000 0.7500000
10 0.5333333 0.5806452 0.5806452 0.5806452 0.5806452 0.5806452 0.5806452 0.5806452 0.5806452 0.5806452
          41        42        43        44        45        46        47        48        49        50
1  0.6666667 0.6666667 0.6666667 0.7000000 0.7000000 0.7000000 0.7000000 0.7000000 0.7000000 0.7000000
2  0.6315789 0.6315789 0.6315789 0.6315789 0.6315789 0.6315789 0.6315789 0.6315789 0.6315789 0.6315789
3  0.6363636 0.7272727 0.7272727 0.7272727 0.7272727 0.7272727 0.6956522 0.6956522 0.7272727 0.7272727
4  0.5217391 0.4545455 0.4545455 0.4545455 0.4545455 0.4545455 0.4545455 0.4545455 0.4545455 0.4545455
5  0.8800000 0.8333333 0.8333333 0.8333333 0.8333333 0.8333333 0.8333333 0.8333333 0.8333333 0.8333333
6  0.6875000 0.6875000 0.6875000 0.6451613 0.6000000 0.6000000 0.6000000 0.6000000 0.6000000 0.6000000
7  0.4666667 0.4666667 0.4666667 0.5161290 0.5333333 0.5333333 0.5333333 0.3846154 0.3703704 0.4285714
8  0.7096774 0.7096774 0.7096774 0.7096774 0.7096774 0.7096774 0.7096774 0.7096774 0.7096774 0.7096774
9  0.7500000 0.7272727 0.7272727 0.7272727 0.7272727 0.7272727 0.7272727 0.7272727 0.7272727 0.7272727
10 0.5806452 0.5806452 0.6250000 0.6250000 0.5806452 0.5806452 0.5806452 0.5806452 0.5806452 0.5333333

$SVM$`Mean F1 Measure`
        1         2         3         4         5         6         7         8         9        10 
0.0000000 0.8561055 0.8669762 0.8710840 0.8811109 0.8591387 0.8378552 0.8343184 0.8235899 0.8241664 
       11        12        13        14        15        16        17        18        19        20 
0.8160896 0.8211061 0.7953766 0.7874753 0.7726938 0.7494171 0.7444171 0.7444171 0.7355684 0.7088715 
       21        22        23        24        25        26        27        28        29        30 
0.7135381 0.7118989 0.7082014 0.6852504 0.6763057 0.6616792 0.6540769 0.6628431 0.6486764 0.6507615 
       31        32        33        34        35        36        37        38        39        40 
0.6415949 0.6463261 0.6467708 0.6467708 0.6519283 0.6519283 0.6457689 0.6457689 0.6546087 0.6546087 
       41        42        43        44        45        46        47        48        49        50 
0.6530838 0.6485159 0.6529514 0.6569971 0.6497659 0.6497659 0.6466039 0.6317321 0.6334696 0.6345585 

$SVM$`St Dev F1 Measure`
         1          2          3          4          5          6          7          8          9 
0.00000000 0.06361924 0.06500435 0.07175540 0.07713607 0.06537915 0.05810110 0.05518011 0.05700697 
        10         11         12         13         14         15         16         17         18 
0.05745822 0.05814430 0.05819104 0.05107391 0.05326667 0.06029145 0.06105187 0.05844056 0.05844056 
        19         20         21         22         23         24         25         26         27 
0.06144939 0.09017064 0.09817962 0.09773988 0.09713611 0.09528755 0.09131720 0.10611153 0.11111313 
        28         29         30         31         32         33         34         35         36 
0.10937871 0.12894981 0.13812795 0.14298385 0.13974973 0.11978886 0.11978886 0.11098461 0.11098461 
        37         38         39         40         41         42         43         44         45 
0.11677272 0.11677272 0.11980007 0.11980007 0.11711707 0.11913563 0.11713691 0.10966450 0.11109412 
        46         47         48         49         50 
0.11109412 0.10907458 0.13361280 0.13861488 0.13034732 

$SVM$`Micro Ave F1 Measure`
        1         2         3         4         5         6         7         8         9        10 
      NaN 0.8511905 0.8622754 0.8650307 0.8765432 0.8518519 0.8328267 0.8307692 0.8209877 0.8198758 
       11        12        13        14        15        16        17        18        19        20 
0.8115016 0.8167203 0.7947020 0.7837838 0.7697595 0.7508772 0.7464789 0.7464789 0.7375887 0.7080292 
       21        22        23        24        25        26        27        28        29        30 
0.7127273 0.7106227 0.7058824 0.6865672 0.6766917 0.6615970 0.6564885 0.6641221 0.6486486 0.6486486 
       31        32        33        34        35        36        37        38        39        40 
0.6381323 0.6434109 0.6434109 0.6434109 0.6459144 0.6459144 0.6406250 0.6406250 0.6511628 0.6511628 
       41        42        43        44        45        46        47        48        49        50 
0.6511628 0.6456693 0.6509804 0.6535433 0.6454183 0.6454183 0.6428571 0.6290323 0.6290323 0.6290323 

