> chisq_2
$`NAIVE BAYES`
$`NAIVE BAYES`$`Accuracy per Fold`
   1         2         3         4         5         6         7         8         9        10
1  0 0.8188302 0.8345221 0.8345221 0.8345221 0.8445078 0.8445078 0.8559201 0.8687589 0.8673324
2  0 0.8474576 0.8502825 0.8559322 0.8601695 0.8601695 0.8686441 0.8700565 0.8771186 0.8771186
3  0 0.8797737 0.8727016 0.8783593 0.8712871 0.8712871 0.8769448 0.8854314 0.9009901 0.9080622
4  0 0.8333333 0.8389831 0.8333333 0.8502825 0.8573446 0.8587571 0.8545198 0.8714689 0.8855932
5  0 0.8474576 0.8418079 0.8488701 0.8672316 0.8658192 0.8700565 0.8714689 0.8855932 0.8912429
6  0 0.8330976 0.8387553 0.8359264 0.8528996 0.8543140 0.8528996 0.8698727 0.8840170 0.8981612
7  0 0.8432203 0.8460452 0.8587571 0.8644068 0.8615819 0.8672316 0.8700565 0.8757062 0.8799435
8  0 0.8387553 0.8373409 0.8528996 0.8557284 0.8571429 0.8656294 0.8684583 0.8670438 0.8769448
9  0 0.8460452 0.8827684 0.8813559 0.8884181 0.8926554 0.8954802 0.8968927 0.9096045 0.9152542
10 0 0.8416548 0.8388017 0.8330956 0.8530670 0.8630528 0.8630528 0.8587732 0.8687589 0.8773181
          11        12        13        14        15        16        17        18        19        20
1  0.8773181 0.8815977 0.8815977 0.8830243 0.8944365 0.8915835 0.8930100 0.8972896 0.8930100 0.8972896
2  0.8757062 0.8870056 0.8884181 0.8841808 0.8912429 0.8983051 0.8940678 0.8954802 0.8870056 0.8870056
3  0.9080622 0.9123055 0.9123055 0.9080622 0.9094767 0.9137199 0.9123055 0.9137199 0.9151344 0.9052334
4  0.8813559 0.8940678 0.8983051 0.9096045 0.9096045 0.9081921 0.9011299 0.9124294 0.9067797 0.9138418
5  0.8983051 0.9025424 0.8997175 0.8940678 0.9067797 0.9039548 0.9110169 0.9081921 0.9096045 0.9039548
6  0.8910891 0.8967468 0.9080622 0.9038190 0.9038190 0.8854314 0.8925035 0.8953324 0.8953324 0.8995757
7  0.8841808 0.8870056 0.8870056 0.8870056 0.8841808 0.8940678 0.8940678 0.8926554 0.9011299 0.9011299
8  0.8854314 0.8896747 0.8840170 0.8783593 0.8811881 0.8840170 0.8811881 0.8882603 0.8840170 0.8826025
9  0.9124294 0.9237288 0.9223164 0.9209040 0.9209040 0.9251412 0.9237288 0.9194915 0.9223164 0.9293785
10 0.8801712 0.8801712 0.8744650 0.8758916 0.8873039 0.8858773 0.8830243 0.8901569 0.8844508 0.8844508
          21        22        23        24        25        26        27        28        29        30
1  0.8987161 0.9044223 0.9115549 0.9129815 0.9101284 0.9072753 0.9044223 0.9072753 0.9101284 0.9144080
2  0.8912429 0.8954802 0.8940678 0.8954802 0.8983051 0.8940678 0.8898305 0.8884181 0.8870056 0.8884181
3  0.9080622 0.9123055 0.9264498 0.9250354 0.9292786 0.9250354 0.9179632 0.9165488 0.9151344 0.9236209
4  0.9124294 0.9152542 0.9152542 0.9166667 0.9209040 0.9194915 0.9180791 0.9251412 0.9237288 0.9223164
5  0.9011299 0.9025424 0.9096045 0.9081921 0.9053672 0.8997175 0.9067797 0.9081921 0.9039548 0.9053672
6  0.9094767 0.9193777 0.9165488 0.9207921 0.9250354 0.9236209 0.9207921 0.9278642 0.9292786 0.9264498
7  0.8940678 0.8912429 0.8884181 0.8954802 0.8968927 0.8940678 0.8954802 0.8940678 0.8870056 0.8841808
8  0.8910891 0.8896747 0.8953324 0.8967468 0.8995757 0.9024045 0.8981612 0.8953324 0.8981612 0.9038190
9  0.9265537 0.9293785 0.9265537 0.9251412 0.9223164 0.9237288 0.9293785 0.9293785 0.9265537 0.9279661
10 0.8773181 0.8915835 0.9058488 0.9044223 0.9101284 0.9101284 0.9087019 0.9072753 0.9029957 0.9029957
          31        32        33        34        35        36        37        38        39        40
1  0.9172611 0.9158345 0.9158345 0.9158345 0.9158345 0.9158345 0.9158345 0.9115549 0.9172611 0.9172611
2  0.8884181 0.8926554 0.8940678 0.8954802 0.8940678 0.8926554 0.8940678 0.8912429 0.8898305 0.8870056
3  0.9207921 0.9222065 0.9207921 0.9207921 0.9222065 0.9222065 0.9222065 0.9222065 0.9222065 0.9236209
4  0.9265537 0.9265537 0.9237288 0.9209040 0.9194915 0.9152542 0.9166667 0.9180791 0.9180791 0.9166667
5  0.9067797 0.9081921 0.9081921 0.9067797 0.9039548 0.9152542 0.9124294 0.9110169 0.9096045 0.9081921
6  0.9292786 0.9391796 0.9391796 0.9405941 0.9405941 0.9420085 0.9476662 0.9377652 0.9321075 0.9306931
7  0.8898305 0.8926554 0.8926554 0.8954802 0.8983051 0.8997175 0.9025424 0.9025424 0.9011299 0.8954802
8  0.9080622 0.9066478 0.9066478 0.9080622 0.9066478 0.9137199 0.9123055 0.9137199 0.9151344 0.9123055
9  0.9322034 0.9364407 0.9350282 0.9293785 0.9293785 0.9293785 0.9279661 0.9293785 0.9265537 0.9265537
10 0.9058488 0.9044223 0.9044223 0.9044223 0.9087019 0.9058488 0.9072753 0.9087019 0.9072753 0.9072753
          41        42        43        44        45        46        47        48        49        50
1  0.9129815 0.9129815 0.9144080 0.9172611 0.9129815 0.9158345 0.9186876 0.9186876 0.9129815 0.9115549
2  0.8884181 0.8898305 0.8898305 0.8870056 0.8841808 0.8870056 0.8926554 0.8983051 0.9039548 0.9039548
3  0.9207921 0.9193777 0.9179632 0.9207921 0.9193777 0.9222065 0.9207921 0.9236209 0.9236209 0.9165488
4  0.9110169 0.9096045 0.9053672 0.9067797 0.9053672 0.9053672 0.9053672 0.9081921 0.9067797 0.9110169
5  0.9081921 0.9124294 0.9223164 0.9067797 0.9138418 0.9124294 0.9138418 0.9152542 0.9180791 0.9166667
6  0.9335219 0.9321075 0.9321075 0.9335219 0.9306931 0.9321075 0.9321075 0.9306931 0.9321075 0.9335219
7  0.8968927 0.8968927 0.9011299 0.8997175 0.9053672 0.9053672 0.9096045 0.9152542 0.9209040 0.9209040
8  0.9094767 0.9080622 0.9080622 0.9137199 0.9123055 0.9094767 0.9080622 0.9080622 0.9094767 0.9094767
9  0.9265537 0.9279661 0.9279661 0.9265537 0.9265537 0.9251412 0.9237288 0.9237288 0.9223164 0.9223164
10 0.9087019 0.9058488 0.9072753 0.9044223 0.9044223 0.9015692 0.9029957 0.9015692 0.9015692 0.8987161

$`NAIVE BAYES`$`Mean Accuracy`
        1         2         3         4         5         6         7         8         9        10 
0.0000000 0.8429626 0.8482009 0.8513052 0.8598013 0.8627875 0.8663204 0.8701450 0.8809060 0.8876971 
       11        12        13        14        15        16        17        18        19        20 
0.8894049 0.8954846 0.8956210 0.8944919 0.8988936 0.8990290 0.8986043 0.9013008 0.8998781 0.9004463 
       21        22        23        24        25        26        27        28        29        30 
0.9010086 0.9051262 0.9089633 0.9100938 0.9117932 0.9099538 0.9089589 0.9099494 0.9083947 0.9099542 
       31        32        33        34        35        36        37        38        39        40 
0.9125028 0.9144788 0.9140549 0.9137728 0.9139182 0.9151878 0.9158960 0.9146208 0.9139182 0.9125054 
       41        42        43        44        45        46        47        48        49        50 
0.9116547 0.9115101 0.9126426 0.9116553 0.9115091 0.9116505 0.9127843 0.9143367 0.9151790 0.9144677 

$`NAIVE BAYES`$`St Dev Accuracy`
          1           2           3           4           5           6           7           8 
0.000000000 0.015623555 0.016372823 0.017929295 0.014401457 0.012690044 0.013774482 0.013036752 
          9          10          11          12          13          14          15          16 
0.014438864 0.015314156 0.012854503 0.013900352 0.015183226 0.015265863 0.013082223 0.013620634 
         17          18          19          20          21          22          23          24 
0.013479012 0.011110801 0.013346427 0.014212032 0.013795712 0.013583144 0.013161078 0.011816693 
         25          26          27          28          29          30          31          32 
0.011901907 0.012331852 0.012520193 0.014604586 0.015340648 0.015603232 0.015453075 0.016513694 
         33          34          35          36          37          38          39          40 
0.015820958 0.014550590 0.014419122 0.014168931 0.014717593 0.013222886 0.012452847 0.013653347 
         41          42          43          44          45          46          47          48 
0.013204060 0.012872041 0.012885611 0.013618841 0.013068310 0.013007335 0.011458485 0.010326346 
         49          50 
0.009826679 0.009883728 

$`NAIVE BAYES`$`Precisions per Fold`
   1         2         3         4         5         6         7         8         9        10
1  0 0.6969697 0.7604167 0.7358491 0.7659574 0.7938144 0.7878788 0.7876106 0.8245614 0.8173913
2  0 0.8133333 0.7752809 0.7977528 0.8500000 0.8111111 0.7980769 0.7739130 0.7786885 0.7786885
3  0 0.8000000 0.7272727 0.7619048 0.7096774 0.7241379 0.7087379 0.7168142 0.7380952 0.7600000
4  0 0.7272727 0.7289720 0.6800000 0.7394958 0.7583333 0.7404580 0.7205882 0.7686567 0.7808219
5  0 0.6923077 0.6500000 0.6666667 0.7368421 0.7304348 0.7258065 0.7317073 0.7445255 0.7591241
6  0 0.6210526 0.6336634 0.6126126 0.6761905 0.6727273 0.6528926 0.6991870 0.7218045 0.7716535
7  0 0.7288136 0.7042254 0.7500000 0.7625000 0.7439024 0.7682927 0.7346939 0.7358491 0.7431193
8  0 0.7500000 0.7196262 0.7636364 0.7678571 0.7850467 0.7815126 0.7674419 0.7463768 0.7659574
9  0 0.6829268 0.7916667 0.7619048 0.7884615 0.7692308 0.7826087 0.7894737 0.8151261 0.8110236
10 0 0.7464789 0.6896552 0.6629213 0.7362637 0.7551020 0.7232143 0.6910569 0.7177419 0.7542373
          11        12        13        14        15        16        17        18        19        20
1  0.8278689 0.8074074 0.7943262 0.8000000 0.7948718 0.8000000 0.8137931 0.8133333 0.7935484 0.8051948
2  0.7518797 0.7819549 0.7714286 0.7517241 0.7468354 0.7677419 0.7469136 0.7484663 0.7218935 0.7167630
3  0.7642276 0.7656250 0.7537313 0.7181208 0.7200000 0.7379310 0.7266667 0.7284768 0.7302632 0.7058824
4  0.7615894 0.8098592 0.8095238 0.8278146 0.8278146 0.8266667 0.7852761 0.8216561 0.7939394 0.8269231
5  0.7753623 0.7762238 0.7619048 0.7482993 0.7733333 0.7597403 0.7607362 0.7515152 0.7530120 0.7325581
6  0.7388060 0.7537313 0.7714286 0.7517241 0.7517241 0.6851852 0.6969697 0.7133758 0.7133758 0.7215190
7  0.7500000 0.7543860 0.7377049 0.7265625 0.7153846 0.7142857 0.7032258 0.6987179 0.7266667 0.7266667
8  0.7832168 0.7658228 0.7500000 0.7405063 0.7468354 0.7247191 0.7294118 0.7398844 0.7380952 0.7337278
9  0.7810219 0.8102190 0.8043478 0.7985612 0.7985612 0.8257576 0.7931034 0.7697368 0.7800000 0.8027211
10 0.7421875 0.7500000 0.7230769 0.7322835 0.7596899 0.7260274 0.7191781 0.7197452 0.7124183 0.7044025
          21        22        23        24        25        26        27        28        29        30
1  0.8104575 0.8113208 0.8291139 0.8260870 0.8121212 0.7988166 0.7894737 0.7988166 0.8011696 0.8081395
2  0.7294118 0.7396450 0.7380952 0.7425150 0.7455621 0.7325581 0.7175141 0.7183908 0.7167630 0.7183908
3  0.7124183 0.7266667 0.7500000 0.7421384 0.7564103 0.7421384 0.7195122 0.7151515 0.7108434 0.7317073
4  0.8176101 0.8159509 0.8121212 0.8132530 0.8165680 0.8117647 0.8000000 0.8197674 0.8150289 0.8103448
5  0.7191011 0.7337278 0.7530120 0.7426901 0.7396450 0.7225434 0.7411765 0.7455621 0.7325581 0.7396450
6  0.7619048 0.7800000 0.7662338 0.7777778 0.7857143 0.7843137 0.7741935 0.7960526 0.8053691 0.7908497
7  0.7086093 0.7163121 0.7062937 0.7162162 0.7181208 0.7086093 0.7077922 0.7006369 0.6812500 0.6728395
8  0.7514793 0.7560976 0.7650602 0.7696970 0.7791411 0.7751479 0.7616279 0.7444444 0.7556818 0.7701149
9  0.8085106 0.8156028 0.8129496 0.8028169 0.7876712 0.7891156 0.7908497 0.7908497 0.7919463 0.7933333
10 0.6875000 0.7160494 0.7564103 0.7484277 0.7610063 0.7577640 0.7530864 0.7484663 0.7349398 0.7378049
          31        32        33        34        35        36        37        38        39        40
1  0.8214286 0.8128655 0.8128655 0.8128655 0.8128655 0.8128655 0.8057143 0.7888889 0.8103448 0.8103448
2  0.7183908 0.7309942 0.7325581 0.7341040 0.7298851 0.7257143 0.7272727 0.7166667 0.7127072 0.7049180
3  0.7256098 0.7272727 0.7228916 0.7176471 0.7218935 0.7218935 0.7245509 0.7272727 0.7272727 0.7317073
4  0.8208092 0.8171429 0.8114286 0.8057143 0.8045977 0.7877095 0.7921348 0.7932961 0.7966102 0.7921348
5  0.7411765 0.7455621 0.7455621 0.7383721 0.7352941 0.7558140 0.7471264 0.7428571 0.7386364 0.7371429
6  0.7935484 0.8141026 0.8101266 0.8074534 0.8074534 0.8048780 0.8209877 0.8012422 0.7818182 0.7839506
7  0.6851852 0.6962025 0.6962025 0.7025316 0.7062500 0.7080745 0.7142857 0.7169811 0.7151899 0.6927711
8  0.7771429 0.7790698 0.7823529 0.7803468 0.7790698 0.7988166 0.7906977 0.7953216 0.7965116 0.7840909
9  0.8053691 0.8133333 0.8079470 0.7834395 0.7834395 0.7798742 0.7784810 0.7798742 0.7735849 0.7735849
10 0.7439024 0.7423313 0.7393939 0.7423313 0.7500000 0.7469136 0.7515528 0.7562500 0.7547170 0.7515528
          41        42        43        44        45        46        47        48        49        50
1  0.8000000 0.7966102 0.8011364 0.7967033 0.7837838 0.7860963 0.7883598 0.7883598 0.7837838 0.7795699
2  0.7065217 0.7150838 0.7127072 0.7049180 0.6994536 0.7049180 0.7206704 0.7398844 0.7543860 0.7514451
3  0.7202381 0.7185629 0.7117647 0.7176471 0.7134503 0.7218935 0.7176471 0.7261905 0.7261905 0.7076023
4  0.7659574 0.7619048 0.7553191 0.7566138 0.7553191 0.7553191 0.7553191 0.7606383 0.7566138 0.7688172
5  0.7344633 0.7471264 0.7784431 0.7303371 0.7485714 0.7443182 0.7485714 0.7528736 0.7556818 0.7486034
6  0.7937500 0.7924528 0.7924528 0.7937500 0.7804878 0.7852761 0.7852761 0.7804878 0.7852761 0.7901235
7  0.6923077 0.6946108 0.7098765 0.7080745 0.7261146 0.7232704 0.7402597 0.7500000 0.7628205 0.7628205
8  0.7784091 0.7771429 0.7771429 0.7853107 0.7777778 0.7692308 0.7650273 0.7650273 0.7634409 0.7634409
9  0.7701863 0.7750000 0.7750000 0.7701863 0.7701863 0.7687500 0.7607362 0.7639752 0.7592593 0.7560976
10 0.7562500 0.7500000 0.7515528 0.7423313 0.7365269 0.7305389 0.7349398 0.7278107 0.7278107 0.7192982

$`NAIVE BAYES`$`Mean Precisions`
        1         2         3         4         5         6         7         8         9        10 
0.0000000 0.7259155 0.7180779 0.7193248 0.7533246 0.7543841 0.7469479 0.7412487 0.7591426 0.7742017 
       11        12        13        14        15        16        17        18        19        20 
0.7676160 0.7775229 0.7677473 0.7595596 0.7635050 0.7568055 0.7475274 0.7504908 0.7463212 0.7476358 
       21        22        23        24        25        26        27        28        29        30 
0.7507003 0.7611373 0.7689290 0.7681619 0.7701960 0.7622772 0.7555226 0.7578138 0.7545550 0.7573170 
       31        32        33        34        35        36        37        38        39        40 
0.7632563 0.7678877 0.7661329 0.7624806 0.7630749 0.7642554 0.7652804 0.7618651 0.7607393 0.7562198 
       41        42        43        44        45        46        47        48        49        50 
0.7518084 0.7528495 0.7565396 0.7505872 0.7491672 0.7489611 0.7516807 0.7555247 0.7575263 0.7547819 

$`NAIVE BAYES`$`St Dev Precisions`
         1          2          3          4          5          6          7          8          9 
0.00000000 0.05672070 0.05104012 0.05948179 0.04671954 0.03974298 0.04542430 0.03601609 0.03705354 
        10         11         12         13         14         15         16         17         18 
0.02392891 0.02623800 0.02395922 0.02840570 0.03648115 0.03553164 0.04818878 0.03965668 0.04081066 
        19         20         21         22         23         24         25         26         27 
0.03200742 0.04563388 0.04737460 0.04125026 0.03813735 0.03614156 0.03172945 0.03483915 0.03332688 
        28         29         30         31         32         33         34         35         36 
0.04100503 0.04641917 0.04469758 0.04710232 0.04481600 0.04372649 0.04025638 0.03917556 0.03772693 
        37         38         39         40         41         42         43         44         45 
0.03727018 0.03392697 0.03599856 0.03903123 0.03687147 0.03444911 0.03440534 0.03507479 0.02965768 
        46         47         48         49         50 
0.02835112 0.02423879 0.02054776 0.01944956 0.02524568 

$`NAIVE BAYES`$`Micro Ave Precisions`
        1         2         3         4         5         6         7         8         9        10 
      NaN 0.7216374 0.7162162 0.7151277 0.7510081 0.7536657 0.7450450 0.7405223 0.7581804 0.7742699 
       11        12        13        14        15        16        17        18        19        20 
0.7676003 0.7781899 0.7684060 0.7599720 0.7639836 0.7551020 0.7468031 0.7501581 0.7463722 0.7467002 
       21        22        23        24        25        26        27        28        29        30 
0.7495256 0.7608418 0.7689370 0.7680704 0.7704816 0.7623153 0.7555959 0.7575574 0.7540785 0.7572464 
       31        32        33        34        35        36        37        38        39        40 
0.7629988 0.7678788 0.7661631 0.7627017 0.7631579 0.7644259 0.7654394 0.7619893 0.7609727 0.7561837 
       41        42        43        44        45        46        47        48        49        50 
0.7514552 0.7527827 0.7563273 0.7505800 0.7492779 0.7491349 0.7520231 0.7559420 0.7576812 0.7549020 

$`NAIVE BAYES`$`Recalls per Fold`
   1         2         3         4         5         6         7         8         9        10
1  0 0.4156627 0.4397590 0.4698795 0.4337349 0.4638554 0.4698795 0.5361446 0.5662651 0.5662651
2  0 0.3935484 0.4451613 0.4580645 0.4387097 0.4709677 0.5354839 0.5741935 0.6129032 0.6129032
3  0 0.4615385 0.4923077 0.4923077 0.5076923 0.4846154 0.5615385 0.6230769 0.7153846 0.7307692
4  0 0.4417178 0.4785276 0.5214724 0.5398773 0.5582822 0.5950920 0.6012270 0.6319018 0.6993865
5  0 0.4864865 0.5270270 0.5540541 0.5675676 0.5675676 0.6081081 0.6081081 0.6891892 0.7027027
6  0 0.4184397 0.4539007 0.4822695 0.5035461 0.5248227 0.5602837 0.6099291 0.6808511 0.6950355
7  0 0.3115942 0.3623188 0.4130435 0.4420290 0.4420290 0.4565217 0.5217391 0.5652174 0.5869565
8  0 0.4444444 0.4753086 0.5185185 0.5308642 0.5185185 0.5740741 0.6111111 0.6358025 0.6666667
9  0 0.4028777 0.5467626 0.5755396 0.5899281 0.6474820 0.6474820 0.6474820 0.6978417 0.7410072
10 0 0.3630137 0.4109589 0.4041096 0.4589041 0.5068493 0.5547945 0.5821918 0.6095890 0.6095890
          11        12        13        14        15        16        17        18        19        20
1  0.6084337 0.6566265 0.6746988 0.6746988 0.7469880 0.7228916 0.7108434 0.7349398 0.7409639 0.7469880
2  0.6451613 0.6709677 0.6967742 0.7032258 0.7612903 0.7677419 0.7806452 0.7870968 0.7870968 0.8000000
3  0.7230769 0.7538462 0.7769231 0.8230769 0.8307692 0.8230769 0.8384615 0.8461538 0.8538462 0.8307692
4  0.7055215 0.7055215 0.7300613 0.7668712 0.7668712 0.7607362 0.7852761 0.7914110 0.8036810 0.7914110
5  0.7229730 0.7500000 0.7567568 0.7432432 0.7837838 0.7905405 0.8378378 0.8378378 0.8445946 0.8513514
6  0.7021277 0.7163121 0.7659574 0.7730496 0.7730496 0.7872340 0.8156028 0.7943262 0.7943262 0.8085106
7  0.6086957 0.6231884 0.6521739 0.6739130 0.6739130 0.7608696 0.7898551 0.7898551 0.7898551 0.7898551
8  0.6913580 0.7469136 0.7407407 0.7222222 0.7283951 0.7962963 0.7654321 0.7901235 0.7654321 0.7654321
9  0.7697842 0.7985612 0.7985612 0.7985612 0.7985612 0.7841727 0.8273381 0.8417266 0.8417266 0.8489209
10 0.6506849 0.6369863 0.6438356 0.6369863 0.6712329 0.7260274 0.7191781 0.7739726 0.7465753 0.7671233
          21        22        23        24        25        26        27        28        29        30
1  0.7469880 0.7771084 0.7891566 0.8012048 0.8072289 0.8132530 0.8132530 0.8132530 0.8253012 0.8373494
2  0.8000000 0.8064516 0.8000000 0.8000000 0.8129032 0.8129032 0.8193548 0.8064516 0.8000000 0.8064516
3  0.8384615 0.8384615 0.9000000 0.9076923 0.9076923 0.9076923 0.9076923 0.9076923 0.9076923 0.9230769
4  0.7975460 0.8159509 0.8220859 0.8282209 0.8466258 0.8466258 0.8588957 0.8650307 0.8650307 0.8650307
5  0.8648649 0.8378378 0.8445946 0.8581081 0.8445946 0.8445946 0.8513514 0.8513514 0.8513514 0.8445946
6  0.7943262 0.8297872 0.8368794 0.8439716 0.8581560 0.8510638 0.8510638 0.8581560 0.8510638 0.8581560
7  0.7753623 0.7318841 0.7318841 0.7681159 0.7753623 0.7753623 0.7898551 0.7971014 0.7898551 0.7898551
8  0.7839506 0.7654321 0.7839506 0.7839506 0.7839506 0.8086420 0.8086420 0.8271605 0.8209877 0.8271605
9  0.8201439 0.8273381 0.8129496 0.8201439 0.8273381 0.8345324 0.8705036 0.8705036 0.8489209 0.8561151
10 0.7534247 0.7945205 0.8082192 0.8150685 0.8287671 0.8356164 0.8356164 0.8356164 0.8356164 0.8287671
          31        32        33        34        35        36        37        38        39        40
1  0.8313253 0.8373494 0.8373494 0.8373494 0.8373494 0.8373494 0.8493976 0.8554217 0.8493976 0.8493976
2  0.8064516 0.8064516 0.8129032 0.8193548 0.8193548 0.8193548 0.8258065 0.8322581 0.8322581 0.8322581
3  0.9153846 0.9230769 0.9230769 0.9384615 0.9384615 0.9384615 0.9307692 0.9230769 0.9230769 0.9230769
4  0.8711656 0.8773006 0.8711656 0.8650307 0.8588957 0.8650307 0.8650307 0.8711656 0.8650307 0.8650307
5  0.8513514 0.8513514 0.8513514 0.8581081 0.8445946 0.8783784 0.8783784 0.8783784 0.8783784 0.8716216
6  0.8723404 0.9007092 0.9078014 0.9219858 0.9219858 0.9361702 0.9432624 0.9148936 0.9148936 0.9007092
7  0.8043478 0.7971014 0.7971014 0.8043478 0.8188406 0.8260870 0.8333333 0.8260870 0.8188406 0.8333333
8  0.8395062 0.8271605 0.8209877 0.8333333 0.8271605 0.8333333 0.8395062 0.8395062 0.8456790 0.8518519
9  0.8633094 0.8776978 0.8776978 0.8848921 0.8848921 0.8920863 0.8848921 0.8920863 0.8848921 0.8848921
10 0.8356164 0.8287671 0.8356164 0.8287671 0.8424658 0.8287671 0.8287671 0.8287671 0.8219178 0.8287671
          41        42        43        44        45        46        47        48        49        50
1  0.8433735 0.8493976 0.8493976 0.8734940 0.8734940 0.8855422 0.8975904 0.8975904 0.8734940 0.8734940
2  0.8387097 0.8258065 0.8322581 0.8322581 0.8258065 0.8322581 0.8322581 0.8258065 0.8322581 0.8387097
3  0.9307692 0.9230769 0.9307692 0.9384615 0.9384615 0.9384615 0.9384615 0.9384615 0.9384615 0.9307692
4  0.8834356 0.8834356 0.8711656 0.8773006 0.8711656 0.8711656 0.8711656 0.8773006 0.8773006 0.8773006
5  0.8783784 0.8783784 0.8783784 0.8783784 0.8851351 0.8851351 0.8851351 0.8851351 0.8986486 0.9054054
6  0.9007092 0.8936170 0.8936170 0.9007092 0.9078014 0.9078014 0.9078014 0.9078014 0.9078014 0.9078014
7  0.8478261 0.8405797 0.8333333 0.8260870 0.8260870 0.8333333 0.8260870 0.8478261 0.8623188 0.8623188
8  0.8456790 0.8395062 0.8395062 0.8580247 0.8641975 0.8641975 0.8641975 0.8641975 0.8765432 0.8765432
9  0.8920863 0.8920863 0.8920863 0.8920863 0.8920863 0.8848921 0.8920863 0.8848921 0.8848921 0.8920863
10 0.8287671 0.8219178 0.8287671 0.8287671 0.8424658 0.8356164 0.8356164 0.8424658 0.8424658 0.8424658

$`NAIVE BAYES`$`Mean Recalls`
        1         2         3         4         5         6         7         8         9        10 
0.0000000 0.4139324 0.4632032 0.4889259 0.5012853 0.5184990 0.5563258 0.5915203 0.6404946 0.6611282 
       11        12        13        14        15        16        17        18        19        20 
0.6827817 0.7058923 0.7236483 0.7315848 0.7534854 0.7719587 0.7870470 0.7987443 0.7968098 0.8000362 
       21        22        23        24        25        26        27        28        29        30 
0.7975068 0.8024772 0.8129720 0.8226477 0.8292619 0.8330286 0.8406228 0.8432317 0.8395819 0.8436557 
       31        32        33        34        35        36        37        38        39        40 
0.8490799 0.8526966 0.8535051 0.8591631 0.8594001 0.8655019 0.8679143 0.8661641 0.8634365 0.8640938 
       41        42        43        44        45        46        47        48        49        50 
0.8689734 0.8647802 0.8649279 0.8705567 0.8726701 0.8738403 0.8750399 0.8771477 0.8794184 0.8806894 

$`NAIVE BAYES`$`St Dev Recalls`
         1          2          3          4          5          6          7          8          9 
0.00000000 0.05039873 0.05390619 0.05577881 0.05622132 0.06059305 0.05842570 0.03879105 0.05363041 
        10         11         12         13         14         15         16         17         18 
0.06243701 0.05295202 0.05759904 0.05402322 0.05996280 0.05089689 0.03112190 0.04545372 0.03443255 
        19         20         21         22         23         24         25         26         27 
0.03996801 0.03545288 0.03638178 0.03522799 0.04397476 0.04011567 0.03835228 0.03487082 0.03460223 
        28         29         30         31         32         33         34         35         36 
0.03392567 0.03374600 0.03642829 0.03339837 0.04106972 0.04103986 0.04420759 0.04229273 0.04478317 
        37         38         39         40         41         42         43         44         45 
0.04174718 0.03565292 0.03664859 0.03141718 0.03305775 0.03387203 0.03395445 0.03566327 0.03566559 
        46         47         48         49         50 
0.03439478 0.03637779 0.03351113 0.03095031 0.02910726 

$`NAIVE BAYES`$`Micro Ave Recalls`
        1         2         3         4         5         6         7         8         9        10 
      NaN 0.4146505 0.4630376 0.4892473 0.5006720 0.5181452 0.5557796 0.5907258 0.6384409 0.6592742 
       11        12        13        14        15        16        17        18        19        20 
0.6814516 0.7049731 0.7224462 0.7298387 0.7526882 0.7708333 0.7849462 0.7970430 0.7950269 0.7983871 
       21        22        23        24        25        26        27        28        29        30 
0.7963710 0.8017473 0.8118280 0.8212366 0.8279570 0.8319892 0.8393817 0.8420699 0.8387097 0.8427419 
       31        32        33        34        35        36        37        38        39        40 
0.8481183 0.8514785 0.8521505 0.8575269 0.8575269 0.8635753 0.8662634 0.8649194 0.8622312 0.8629032 
       41        42        43        44        45        46        47        48        49        50 
0.8676075 0.8635753 0.8635753 0.8696237 0.8716398 0.8729839 0.8743280 0.8763441 0.8783602 0.8797043 

$`NAIVE BAYES`$`F1 Measure`
   1         2         3         4         5         6         7         8         9        10
1  0 0.5207547 0.5572519 0.5735294 0.5538462 0.5855513 0.5886792 0.6379928 0.6714286 0.6690391
2  0 0.5304348 0.5655738 0.5819672 0.5787234 0.5959184 0.6409266 0.6592593 0.6859206 0.6859206
3  0 0.5853659 0.5871560 0.5981308 0.5919283 0.5806452 0.6266094 0.6666667 0.7265625 0.7450980
4  0 0.5496183 0.5777778 0.5902778 0.6241135 0.6431095 0.6598639 0.6555184 0.6936027 0.7378641
5  0 0.5714286 0.5820896 0.6051661 0.6412214 0.6387833 0.6617647 0.6642066 0.7157895 0.7298246
6  0 0.5000000 0.5289256 0.5396825 0.5772358 0.5896414 0.6030534 0.6515152 0.7007299 0.7313433
7  0 0.4365482 0.4784689 0.5327103 0.5596330 0.5545455 0.5727273 0.6101695 0.6393443 0.6558704
8  0 0.5581395 0.5724907 0.6176471 0.6277372 0.6245353 0.6619217 0.6804124 0.6866667 0.7128713
9  0 0.5067873 0.6468085 0.6557377 0.6748971 0.7031250 0.7086614 0.7114625 0.7519380 0.7744361
10 0 0.4884793 0.5150215 0.5021277 0.5654008 0.6065574 0.6279070 0.6319703 0.6592593 0.6742424
          11        12        13        14        15        16        17        18        19        20
1  0.7013889 0.7242525 0.7296417 0.7320261 0.7701863 0.7594937 0.7588424 0.7721519 0.7663551 0.7750000
2  0.6944444 0.7222222 0.7322034 0.7266667 0.7539936 0.7677419 0.7634069 0.7672956 0.7530864 0.7560976
3  0.7430830 0.7596899 0.7651515 0.7670251 0.7714286 0.7781818 0.7785714 0.7829181 0.7872340 0.7632509
4  0.7324841 0.7540984 0.7677419 0.7961783 0.7961783 0.7923323 0.7852761 0.8062500 0.7987805 0.8087774
5  0.7482517 0.7628866 0.7593220 0.7457627 0.7785235 0.7748344 0.7974277 0.7923323 0.7961783 0.7875000
6  0.7200000 0.7345455 0.7686833 0.7622378 0.7622378 0.7326733 0.7516340 0.7516779 0.7516779 0.7625418
7  0.6720000 0.6825397 0.6923077 0.6992481 0.6940299 0.7368421 0.7440273 0.7414966 0.7569444 0.7569444
8  0.7344262 0.7562500 0.7453416 0.7312500 0.7375000 0.7588235 0.7469880 0.7641791 0.7515152 0.7492447
9  0.7753623 0.8043478 0.8014440 0.7985612 0.7985612 0.8044280 0.8098592 0.8041237 0.8096886 0.8251748
10 0.6934307 0.6888889 0.6811594 0.6813187 0.7127273 0.7260274 0.7191781 0.7458746 0.7290970 0.7344262
          21        22        23        24        25        26        27        28        29        30
1  0.7774295 0.7938462 0.8086420 0.8134557 0.8096677 0.8059701 0.8011869 0.8059701 0.8130564 0.8224852
2  0.7630769 0.7716049 0.7678019 0.7701863 0.7777778 0.7706422 0.7650602 0.7598784 0.7560976 0.7598784
3  0.7703180 0.7785714 0.8181818 0.8166090 0.8251748 0.8166090 0.8027211 0.8000000 0.7972973 0.8163265
4  0.8074534 0.8159509 0.8170732 0.8206687 0.8313253 0.8288288 0.8284024 0.8417910 0.8392857 0.8367953
5  0.7852761 0.7823344 0.7961783 0.7962382 0.7886435 0.7788162 0.7924528 0.7949527 0.7875000 0.7886435
6  0.7777778 0.8041237 0.8000000 0.8095238 0.8203390 0.8163265 0.8108108 0.8259386 0.8275862 0.8231293
7  0.7404844 0.7240143 0.7188612 0.7412587 0.7456446 0.7404844 0.7465753 0.7457627 0.7315436 0.7266667
8  0.7673716 0.7607362 0.7743902 0.7767584 0.7815385 0.7915408 0.7844311 0.7836257 0.7869822 0.7976190
9  0.8142857 0.8214286 0.8129496 0.8113879 0.8070175 0.8111888 0.8287671 0.8287671 0.8194444 0.8235294
10 0.7189542 0.7532468 0.7814570 0.7803279 0.7934426 0.7947883 0.7922078 0.7896440 0.7820513 0.7806452
          31        32        33        34        35        36        37        38        39        40
1  0.8263473 0.8249258 0.8249258 0.8249258 0.8249258 0.8249258 0.8269795 0.8208092 0.8294118 0.8294118
2  0.7598784 0.7668712 0.7706422 0.7743902 0.7720365 0.7696970 0.7734139 0.7701493 0.7678571 0.7633136
3  0.8095238 0.8135593 0.8108108 0.8133333 0.8160535 0.8160535 0.8148148 0.8135593 0.8135593 0.8163265
4  0.8452381 0.8461538 0.8402367 0.8343195 0.8308605 0.8245614 0.8269795 0.8304094 0.8294118 0.8269795
5  0.7924528 0.7949527 0.7949527 0.7937500 0.7861635 0.8125000 0.8074534 0.8049536 0.8024691 0.7987616
6  0.8310811 0.8552189 0.8561873 0.8609272 0.8609272 0.8655738 0.8778878 0.8543046 0.8431373 0.8382838
7  0.7400000 0.7432432 0.7432432 0.7500000 0.7583893 0.7625418 0.7692308 0.7676768 0.7635135 0.7565789
8  0.8071217 0.8023952 0.8012048 0.8059701 0.8023952 0.8157100 0.8143713 0.8168168 0.8203593 0.8165680
9  0.8333333 0.8442907 0.8413793 0.8310811 0.8310811 0.8322148 0.8282828 0.8322148 0.8255034 0.8255034
10 0.7870968 0.7831715 0.7845659 0.7831715 0.7935484 0.7857143 0.7882736 0.7908497 0.7868852 0.7882736
          41        42        43        44        45        46        47        48        49        50
1  0.8211144 0.8221574 0.8245614 0.8333333 0.8262108 0.8328612 0.8394366 0.8394366 0.8262108 0.8238636
2  0.7669617 0.7664671 0.7678571 0.7633136 0.7573964 0.7633136 0.7724551 0.7804878 0.7914110 0.7926829
3  0.8120805 0.8080808 0.8066667 0.8133333 0.8106312 0.8160535 0.8133333 0.8187919 0.8187919 0.8039867
4  0.8205128 0.8181818 0.8091168 0.8125000 0.8091168 0.8091168 0.8091168 0.8148148 0.8125000 0.8194842
5  0.8000000 0.8074534 0.8253968 0.7975460 0.8111455 0.8086420 0.8111455 0.8136646 0.8209877 0.8195719
6  0.8438538 0.8400000 0.8400000 0.8438538 0.8393443 0.8421053 0.8421053 0.8393443 0.8421053 0.8448845
7  0.7622150 0.7606557 0.7666667 0.7625418 0.7728814 0.7744108 0.7808219 0.7959184 0.8095238 0.8095238
8  0.8106509 0.8071217 0.8071217 0.8200590 0.8187135 0.8139535 0.8115942 0.8115942 0.8160920 0.8160920
9  0.8266667 0.8294314 0.8294314 0.8266667 0.8266667 0.8227425 0.8211921 0.8200000 0.8172757 0.8184818
10 0.7908497 0.7843137 0.7882736 0.7831715 0.7859425 0.7795527 0.7820513 0.7809524 0.7809524 0.7760252

$`NAIVE BAYES`$`Mean F1 Measure`
        1         2         3         4         5         6         7         8         9        10 
0.0000000 0.5247557 0.5611564 0.5796977 0.5994737 0.6122412 0.6352115 0.6569174 0.6931242 0.7116510 
       11        12        13        14        15        16        17        18        19        20 
0.7214871 0.7389721 0.7442997 0.7440275 0.7575366 0.7631378 0.7655211 0.7728300 0.7700557 0.7718958 
       21        22        23        24        25        26        27        28        29        30 
0.7722428 0.7805857 0.7895535 0.7936415 0.7980571 0.7955195 0.7952616 0.7976330 0.7940845 0.7975718 
       31        32        33        34        35        36        37        38        39        40 
0.8032073 0.8074782 0.8068149 0.8071869 0.8076381 0.8109492 0.8127687 0.8101743 0.8082108 0.8060001 
       41        42        43        44        45        46        47        48        49        50 
0.8054905 0.8043863 0.8065092 0.8056319 0.8058049 0.8062752 0.8083252 0.8115005 0.8135851 0.8124597 

$`NAIVE BAYES`$`St Dev F1 Measure`
         1          2          3          4          5          6          7          8          9 
0.00000000 0.04430335 0.04581901 0.04495916 0.04034525 0.04205459 0.04039365 0.02764427 0.03291805 
        10         11         12         13         14         15         16         17         18 
0.03866673 0.03117552 0.03653341 0.03670024 0.03815673 0.03406979 0.02575560 0.02736487 0.02319008 
        19         20         21         22         23         24         25         26         27 
0.02625946 0.02789750 0.02827348 0.02995965 0.03056449 0.02577874 0.02602310 0.02642612 0.02575623 
        28         29         30         31         32         33         34         35         36 
0.03014544 0.03295091 0.03440354 0.03381248 0.03654546 0.03513520 0.03274872 0.03105256 0.03082144 
        37         38         39         40         41         42         43         44         45 
0.03156025 0.02752807 0.02730091 0.02840263 0.02595241 0.02621577 0.02527808 0.02828980 0.02587958 
        46         47         48         49         50 
0.02583099 0.02369325 0.02064128 0.01715575 0.01864822 

$`NAIVE BAYES`$`Micro Ave F1 Measure`
        1         2         3         4         5         6         7         8         9        10 
      NaN 0.5266752 0.5624490 0.5810056 0.6008065 0.6140980 0.6366436 0.6571963 0.6931777 0.7121597 
       11        12        13        14        15        16        17        18        19        20 
0.7219651 0.7397743 0.7447177 0.7446006 0.7582938 0.7628866 0.7653997 0.7728902 0.7699317 0.7716791 
       21        22        23        24        25        26        27        28        29        30 
0.7722385 0.7807592 0.7898006 0.7937642 0.7981859 0.7956298 0.7952881 0.7975812 0.7941457 0.7977099 
       31        32        33        34        35        36        37        38        39        40 
0.8033100 0.8075207 0.8068724 0.8073394 0.8075949 0.8109814 0.8127364 0.8101983 0.8084436 0.8060264 
       41        42        43        44        45        46        47        48        49        50 
0.8053649 0.8043818 0.8064010 0.8057285 0.8058403 0.8063315 0.8085768 0.8117025 0.8135699 0.8125388 


$SVM
$SVM$`Accuracy per Fold`
   1         2         3         4         5         6         7         8         9        10
1  0 0.8273894 0.8516405 0.8573466 0.8659058 0.8673324 0.8673324 0.8773181 0.8815977 0.8787447
2  0 0.8516949 0.8531073 0.8615819 0.8658192 0.8658192 0.8644068 0.8827684 0.8884181 0.8968927
3  0 0.8684583 0.8656294 0.8783593 0.8712871 0.8811881 0.9052334 0.9038190 0.9193777 0.9278642
4  0 0.8305085 0.8488701 0.8502825 0.8545198 0.8658192 0.8644068 0.8714689 0.8799435 0.8983051
5  0 0.8545198 0.8502825 0.8516949 0.8629944 0.8700565 0.8799435 0.8884181 0.9039548 0.9152542
6  0 0.8429986 0.8528996 0.8514851 0.8656294 0.8670438 0.8642150 0.8840170 0.9009901 0.9094767
7  0 0.8587571 0.8573446 0.8672316 0.8771186 0.8813559 0.8884181 0.8954802 0.9011299 0.9053672
8  0 0.8486563 0.8486563 0.8684583 0.8670438 0.8698727 0.8811881 0.8868458 0.8896747 0.9038190
9  0 0.8615819 0.8940678 0.8954802 0.9025424 0.9025424 0.9124294 0.9138418 0.9180791 0.9209040
10 0 0.8530670 0.8516405 0.8516405 0.8701854 0.8758916 0.8815977 0.8858773 0.9001427 0.9015692
          11        12        13        14        15        16        17        18        19        20
1  0.8887304 0.8873039 0.8887304 0.8887304 0.8887304 0.8972896 0.9015692 0.9087019 0.9101284 0.9101284
2  0.8926554 0.8997175 0.9039548 0.9011299 0.9011299 0.9081921 0.9110169 0.9138418 0.9138418 0.9194915
3  0.9207921 0.9250354 0.9264498 0.9250354 0.9236209 0.9292786 0.9321075 0.9391796 0.9321075 0.9349364
4  0.8983051 0.8997175 0.9011299 0.9180791 0.9166667 0.9138418 0.9152542 0.9166667 0.9166667 0.9223164
5  0.9180791 0.9194915 0.9237288 0.9194915 0.9223164 0.9251412 0.9265537 0.9251412 0.9265537 0.9279661
6  0.9094767 0.9094767 0.9137199 0.9108911 0.9137199 0.9151344 0.9193777 0.9193777 0.9264498 0.9264498
7  0.9067797 0.9011299 0.9067797 0.9096045 0.9067797 0.9067797 0.9110169 0.9138418 0.9180791 0.9194915
8  0.8995757 0.8995757 0.9094767 0.9123055 0.9108911 0.9108911 0.9165488 0.9123055 0.9123055 0.9137199
9  0.9237288 0.9350282 0.9392655 0.9378531 0.9336158 0.9378531 0.9406780 0.9435028 0.9449153 0.9435028
10 0.9029957 0.9044223 0.9087019 0.9058488 0.9115549 0.9129815 0.9129815 0.9129815 0.9115549 0.9058488
          21        22        23        24        25        26        27        28        29        30
1  0.9101284 0.9215407 0.9258203 0.9300999 0.9315264 0.9315264 0.9286733 0.9329529 0.9315264 0.9329529
2  0.9223164 0.9223164 0.9237288 0.9251412 0.9223164 0.9194915 0.9223164 0.9209040 0.9194915 0.9223164
3  0.9363508 0.9306931 0.9405941 0.9405941 0.9490806 0.9519095 0.9547383 0.9547383 0.9533239 0.9547383
4  0.9265537 0.9322034 0.9293785 0.9293785 0.9378531 0.9378531 0.9420904 0.9420904 0.9392655 0.9378531
5  0.9293785 0.9322034 0.9392655 0.9420904 0.9463277 0.9435028 0.9477401 0.9505650 0.9491525 0.9463277
6  0.9250354 0.9321075 0.9363508 0.9405941 0.9462518 0.9462518 0.9448373 0.9462518 0.9490806 0.9476662
7  0.9265537 0.9265537 0.9279661 0.9265537 0.9279661 0.9279661 0.9265537 0.9279661 0.9251412 0.9251412
8  0.9151344 0.9151344 0.9207921 0.9207921 0.9250354 0.9264498 0.9250354 0.9236209 0.9264498 0.9292786
9  0.9435028 0.9406780 0.9378531 0.9350282 0.9350282 0.9364407 0.9449153 0.9449153 0.9435028 0.9406780
10 0.9072753 0.9186876 0.9300999 0.9329529 0.9358060 0.9372325 0.9372325 0.9329529 0.9343795 0.9358060
          31        32        33        34        35        36        37        38        39        40
1  0.9300999 0.9329529 0.9386591 0.9372325 0.9358060 0.9343795 0.9286733 0.9329529 0.9372325 0.9358060
2  0.9223164 0.9265537 0.9293785 0.9350282 0.9378531 0.9378531 0.9406780 0.9378531 0.9378531 0.9392655
3  0.9575672 0.9575672 0.9589816 0.9618105 0.9618105 0.9589816 0.9575672 0.9575672 0.9575672 0.9589816
4  0.9420904 0.9435028 0.9435028 0.9449153 0.9491525 0.9449153 0.9449153 0.9491525 0.9519774 0.9533898
5  0.9463277 0.9477401 0.9491525 0.9533898 0.9505650 0.9590395 0.9548023 0.9548023 0.9519774 0.9533898
6  0.9519095 0.9504950 0.9519095 0.9533239 0.9547383 0.9561528 0.9603960 0.9589816 0.9589816 0.9603960
7  0.9279661 0.9279661 0.9307910 0.9322034 0.9279661 0.9336158 0.9378531 0.9378531 0.9378531 0.9378531
8  0.9335219 0.9377652 0.9391796 0.9391796 0.9420085 0.9405941 0.9420085 0.9434229 0.9476662 0.9490806
9  0.9420904 0.9449153 0.9449153 0.9491525 0.9519774 0.9519774 0.9533898 0.9519774 0.9548023 0.9533898
10 0.9343795 0.9358060 0.9329529 0.9329529 0.9358060 0.9343795 0.9329529 0.9315264 0.9300999 0.9315264
          41        42        43        44        45        46        47        48        49        50
1  0.9329529 0.9315264 0.9286733 0.9300999 0.9286733 0.9329529 0.9300999 0.9286733 0.9343795 0.9315264
2  0.9449153 0.9449153 0.9477401 0.9477401 0.9477401 0.9491525 0.9505650 0.9505650 0.9505650 0.9505650
3  0.9589816 0.9589816 0.9575672 0.9603960 0.9575672 0.9575672 0.9589816 0.9618105 0.9603960 0.9618105
4  0.9519774 0.9505650 0.9505650 0.9533898 0.9533898 0.9533898 0.9533898 0.9519774 0.9519774 0.9505650
5  0.9519774 0.9519774 0.9519774 0.9519774 0.9533898 0.9548023 0.9533898 0.9562147 0.9576271 0.9590395
6  0.9632249 0.9603960 0.9618105 0.9632249 0.9603960 0.9632249 0.9603960 0.9575672 0.9561528 0.9547383
7  0.9378531 0.9378531 0.9378531 0.9378531 0.9435028 0.9463277 0.9491525 0.9491525 0.9505650 0.9533898
8  0.9476662 0.9490806 0.9448373 0.9448373 0.9448373 0.9476662 0.9448373 0.9448373 0.9448373 0.9434229
9  0.9533898 0.9519774 0.9519774 0.9533898 0.9548023 0.9519774 0.9548023 0.9562147 0.9533898 0.9533898
10 0.9286733 0.9315264 0.9329529 0.9358060 0.9343795 0.9343795 0.9329529 0.9358060 0.9386591 0.9415121

$SVM$`Mean Accuracy`
        1         2         3         4         5         6         7         8         9        10 
0.0000000 0.8497632 0.8574139 0.8633561 0.8703046 0.8746922 0.8809171 0.8889855 0.8983308 0.9058197 
       11        12        13        14        15        16        17        18        19        20 
0.9061119 0.9080899 0.9121937 0.9128969 0.9129026 0.9157383 0.9187104 0.9205540 0.9212603 0.9223852 
       21        22        23        24        25        26        27        28        29        30 
0.9242229 0.9272118 0.9311849 0.9323225 0.9357192 0.9358624 0.9374133 0.9376958 0.9371314 0.9372758 
       31        32        33        34        35        36        37        38        39        40 
0.9388269 0.9405264 0.9419423 0.9439189 0.9447683 0.9451888 0.9453236 0.9456089 0.9466011 0.9473079 
       41        42        43        44        45        46        47        48        49        50 
0.9471612 0.9468799 0.9465954 0.9478714 0.9478678 0.9491440 0.9488567 0.9492819 0.9498549 0.9499959 

$SVM$`St Dev Accuracy`
          1           2           3           4           5           6           7           8 
0.000000000 0.013019917 0.013812825 0.014615231 0.012742069 0.011443166 0.017161782 0.012476231 
          9          10          11          12          13          14          15          16 
0.013638441 0.013773460 0.011913667 0.014342561 0.014380577 0.013448953 0.012532712 0.011895076 
         17          18          19          20          21          22          23          24 
0.011477787 0.011865272 0.011139153 0.011385533 0.011200290 0.007762755 0.006929523 0.007237059 
         25          26          27          28          29          30          31          32 
0.009300604 0.009819219 0.011133295 0.011644864 0.011559766 0.010341817 0.011128305 0.010056415 
         33          34          35          36          37          38          39          40 
0.009628463 0.010167280 0.010504112 0.010493357 0.010805375 0.010236303 0.010071140 0.010312397 
         41          42          43          44          45          46          47          48 
0.011148335 0.010308210 0.010612961 0.010756665 0.010212865 0.009530950 0.010198195 0.010310375 
         49          50 
0.008294625 0.008968146 

$SVM$`Precisions per Fold`
   1         2         3         4         5         6         7         8         9        10
1  0 0.6991150 0.7500000 0.7619048 0.7857143 0.7967480 0.8016529 0.8333333 0.8320000 0.8188976
2  0 0.7604167 0.7628866 0.7614679 0.7830189 0.8061224 0.7979798 0.8461538 0.8454545 0.8253968
3  0 0.6868687 0.6804124 0.7244898 0.6930693 0.7395833 0.8315789 0.8163265 0.8543689 0.8160000
4  0 0.6776860 0.7089552 0.7080292 0.7238806 0.7575758 0.7680000 0.7857143 0.8145161 0.8473282
5  0 0.6956522 0.6842105 0.6806723 0.7179487 0.7333333 0.7647059 0.8000000 0.8278689 0.8333333
6  0 0.6229508 0.6456693 0.6384615 0.6796875 0.6880000 0.6890756 0.7398374 0.7886179 0.8031496
7  0 0.7159091 0.7078652 0.7619048 0.7684211 0.7934783 0.8241758 0.8200000 0.8207547 0.8317757
8  0 0.7235772 0.7235772 0.7446809 0.7463768 0.7536232 0.7600000 0.7971014 0.7957746 0.8012821
9  0 0.7204301 0.7758621 0.7876106 0.7868852 0.7916667 0.8181818 0.8250000 0.8188976 0.8120301
10 0 0.7415730 0.7441860 0.7333333 0.7956989 0.8041237 0.7889908 0.8055556 0.8333333 0.8181818
          11        12        13        14        15        16        17        18        19        20
1  0.8384615 0.8425197 0.8437500 0.8606557 0.8606557 0.8730159 0.8759690 0.8863636 0.8931298 0.8872180
2  0.8264463 0.8442623 0.8480000 0.8400000 0.8346457 0.8629032 0.8650794 0.8615385 0.8671875 0.8656716
3  0.8189655 0.8347826 0.8421053 0.8347826 0.8166667 0.8333333 0.8360656 0.8717949 0.8474576 0.8500000
4  0.8370370 0.8382353 0.8394161 0.8723404 0.8714286 0.8541667 0.8601399 0.8661972 0.8661972 0.8802817
5  0.8515625 0.8582677 0.8671875 0.8582677 0.8444444 0.8467153 0.8529412 0.8417266 0.8478261 0.8489209
6  0.8031496 0.8031496 0.8125000 0.8046875 0.8125000 0.8188976 0.8281250 0.8387097 0.8560000 0.8560000
7  0.8214286 0.7931034 0.8103448 0.8245614 0.8214286 0.8214286 0.8378378 0.8347826 0.8448276 0.8403361
8  0.7861635 0.7826087 0.8310811 0.8378378 0.8278146 0.8278146 0.8410596 0.8246753 0.8205128 0.8258065
9  0.8244275 0.8496241 0.8692308 0.8800000 0.8593750 0.8800000 0.8880000 0.8960000 0.9032258 0.8897638
10 0.8196721 0.8264463 0.8416667 0.8278689 0.8442623 0.8512397 0.8455285 0.8455285 0.8500000 0.8278689
          21        22        23        24        25        26        27        28        29        30
1  0.8931298 0.8881119 0.8958333 0.9034483 0.9041096 0.8986486 0.8918919 0.8993289 0.9041096 0.9047619
2  0.8731343 0.8731343 0.8796992 0.8805970 0.8731343 0.8656716 0.8676471 0.8613139 0.8500000 0.8731343
3  0.8695652 0.8461538 0.8548387 0.8548387 0.8615385 0.8750000 0.8769231 0.8712121 0.8702290 0.8712121
4  0.8881119 0.8965517 0.8896552 0.8896552 0.8888889 0.8940397 0.9013158 0.9013158 0.9000000 0.8993289
5  0.8500000 0.8521127 0.8776978 0.8794326 0.8928571 0.8802817 0.8881119 0.8951049 0.8943662 0.8928571
6  0.8606557 0.8661417 0.8750000 0.8837209 0.9055118 0.9120000 0.9047619 0.9055118 0.9133858 0.9126984
7  0.8706897 0.8644068 0.8595041 0.8644068 0.8480000 0.8372093 0.8359375 0.8320611 0.8244275 0.8244275
8  0.8269231 0.8355263 0.8441558 0.8397436 0.8471338 0.8481013 0.8427673 0.8417722 0.8481013 0.8500000
9  0.8837209 0.8818898 0.8800000 0.8780488 0.8842975 0.8852459 0.8906250 0.8906250 0.8837209 0.8702290
10 0.8292683 0.8396947 0.8592593 0.8613139 0.8633094 0.8695652 0.8695652 0.8561151 0.8731343 0.8740741
          31        32        33        34        35        36        37        38        39        40
1  0.9034483 0.9047619 0.9183673 0.9178082 0.9172414 0.9054054 0.8918919 0.8993289 0.9066667 0.9060403
2  0.8731343 0.8759124 0.8832117 0.8920863 0.9051095 0.8936170 0.8951049 0.8724832 0.8775510 0.8783784
3  0.8787879 0.8787879 0.8854962 0.8814815 0.8759124 0.8740741 0.8731343 0.8676471 0.8676471 0.8633094
4  0.9013158 0.9019608 0.9072848 0.9078947 0.9150327 0.9025974 0.9025974 0.9096774 0.9161290 0.9220779
5  0.8928571 0.8992806 0.9000000 0.9078014 0.9064748 0.9103448 0.8972603 0.8972603 0.8851351 0.8859060
6  0.9083969 0.9015152 0.9022556 0.8970588 0.9037037 0.8985507 0.9064748 0.9000000 0.9000000 0.9064748
7  0.8270677 0.8270677 0.8296296 0.8358209 0.8270677 0.8421053 0.8615385 0.8671875 0.8615385 0.8615385
8  0.8484848 0.8597561 0.8650307 0.8650307 0.8757764 0.8658537 0.8711656 0.8719512 0.8787879 0.8795181
9  0.8769231 0.8787879 0.8787879 0.8872180 0.8947368 0.8832117 0.8840580 0.8832117 0.8905109 0.8955224
10 0.8676471 0.8686131 0.8613139 0.8666667 0.8633094 0.8676471 0.8613139 0.8602941 0.8540146 0.8602941
          41        42        43        44        45        46        47        48        49        50
1  0.8940397 0.8831169 0.8766234 0.8774194 0.8766234 0.8695652 0.8588957 0.8536585 0.8703704 0.8687500
2  0.8972603 0.8972603 0.9041096 0.8986486 0.8986486 0.8993289 0.9109589 0.9109589 0.9109589 0.9109589
3  0.8633094 0.8633094 0.8571429 0.8642857 0.8623188 0.8731343 0.8740741 0.8872180 0.8750000 0.8759124
4  0.9161290 0.9102564 0.9050633 0.9062500 0.9062500 0.9062500 0.9062500 0.9006211 0.9006211 0.9000000
5  0.8800000 0.8800000 0.8800000 0.8800000 0.8807947 0.8717949 0.8709677 0.8823529 0.8831169 0.8838710
6  0.9197080 0.9007092 0.9014085 0.9020979 0.8896552 0.8965517 0.8896552 0.8881119 0.8819444 0.8865248
7  0.8615385 0.8615385 0.8615385 0.8615385 0.8712121 0.8846154 0.8863636 0.8863636 0.8872180 0.8888889
8  0.8787879 0.8841463 0.8773006 0.8773006 0.8773006 0.8834356 0.8773006 0.8773006 0.8727273 0.8674699
9  0.8955224 0.8947368 0.8947368 0.9015152 0.9022556 0.8888889 0.8962963 0.8970588 0.8955224 0.8955224
10 0.8529412 0.8602941 0.8721805 0.8686131 0.8676471 0.8676471 0.8666667 0.8686131 0.8705036 0.8776978

$SVM$`Mean Precisions`
        1         2         3         4         5         6         7         8         9        10 
0.0000000 0.7044179 0.7183625 0.7302555 0.7480701 0.7664255 0.7844342 0.8069022 0.8231587 0.8207375 
       11        12        13        14        15        16        17        18        19        20 
0.8227314 0.8273000 0.8405282 0.8441002 0.8393222 0.8469515 0.8530746 0.8567317 0.8596364 0.8571867 
       21        22        23        24        25        26        27        28        29        30 
0.8645199 0.8643724 0.8715644 0.8735206 0.8768781 0.8765763 0.8769547 0.8754361 0.8761475 0.8772723 
       31        32        33        34        35        36        37        38        39        40 
0.8778063 0.8796443 0.8831378 0.8858867 0.8884365 0.8843407 0.8844540 0.8829041 0.8837981 0.8859060 
       41        42        43        44        45        46        47        48        49        50 
0.8859236 0.8835368 0.8830104 0.8837669 0.8832706 0.8841212 0.8837429 0.8852258 0.8847983 0.8855596 

$SVM$`St Dev Precisions`
         1          2          3          4          5          6          7          8          9 
0.00000000 0.03805887 0.04092424 0.04459275 0.04219577 0.03872093 0.04188772 0.02966352 0.02032143 
        10         11         12         13         14         15         16         17         18 
0.01416295 0.01839654 0.02561028 0.01941262 0.02333938 0.02012703 0.02130892 0.01909985 0.02343901 
        19         20         21         22         23         24         25         26         27 
0.02418850 0.02313751 0.02300597 0.02084103 0.01643458 0.01852186 0.02152049 0.02277189 0.02331811 
        28         29         30         31         32         33         34         35         36 
0.02659985 0.02851148 0.02664604 0.02567632 0.02424358 0.02617418 0.02467340 0.02814223 0.02173624 
        37         38         39         40         41         42         43         44         45 
0.01670770 0.01733528 0.01995869 0.02131033 0.02265728 0.01754030 0.01744013 0.01692314 0.01520295 
        46         47         48         49         50 
0.01355992 0.01717190 0.01631753 0.01382748 0.01387424 

$SVM$`Micro Ave Precisions`
        1         2         3         4         5         6         7         8         9        10 
      NaN 0.7016053 0.7172538 0.7279861 0.7465517 0.7642419 0.7815492 0.8055556 0.8219064 0.8202335 
       11        12        13        14        15        16        17        18        19        20 
0.8220141 0.8264591 0.8406593 0.8445146 0.8396887 0.8469308 0.8531685 0.8562644 0.8590139 0.8571429 
       21        22        23        24        25        26        27        28        29        30 
0.8640183 0.8645210 0.8716617 0.8735207 0.8768222 0.8763636 0.8768012 0.8753582 0.8760807 0.8772563 
       31        32        33        34        35        36        37        38        39        40 
0.8776824 0.8798009 0.8833570 0.8861386 0.8888102 0.8846960 0.8847765 0.8833333 0.8844291 0.8864266 
       41        42        43        44        45        46        47        48        49        50 
0.8863479 0.8840580 0.8833678 0.8840878 0.8835616 0.8842750 0.8835943 0.8848774 0.8846676 0.8852682 

$SVM$`Recalls per Fold`
   1         2         3         4         5         6         7         8         9        10
1  0 0.4759036 0.5602410 0.5783133 0.5963855 0.5903614 0.5843373 0.6024096 0.6265060 0.6265060
2  0 0.4709677 0.4774194 0.5354839 0.5354839 0.5096774 0.5096774 0.5677419 0.6000000 0.6709677
3  0 0.5230769 0.5076923 0.5461538 0.5384615 0.5461538 0.6076923 0.6153846 0.6769231 0.7846154
4  0 0.5030675 0.5828221 0.5950920 0.5950920 0.6134969 0.5889571 0.6073620 0.6196319 0.6809816
5  0 0.5405405 0.5270270 0.5472973 0.5675676 0.5945946 0.6148649 0.6216216 0.6824324 0.7432432
6  0 0.5390071 0.5815603 0.5886525 0.6170213 0.6099291 0.5815603 0.6453901 0.6879433 0.7234043
7  0 0.4565217 0.4565217 0.4637681 0.5289855 0.5289855 0.5434783 0.5942029 0.6304348 0.6449275
8  0 0.5493827 0.5493827 0.6481481 0.6358025 0.6419753 0.7037037 0.6790123 0.6975309 0.7716049
9  0 0.4820144 0.6474820 0.6402878 0.6906475 0.6834532 0.7122302 0.7122302 0.7482014 0.7769784
10 0 0.4520548 0.4383562 0.4520548 0.5068493 0.5342466 0.5890411 0.5958904 0.6506849 0.6780822
          11        12        13        14        15        16        17        18        19        20
1  0.6566265 0.6445783 0.6506024 0.6325301 0.6325301 0.6626506 0.6807229 0.7048193 0.7048193 0.7108434
2  0.6451613 0.6645161 0.6838710 0.6774194 0.6838710 0.6903226 0.7032258 0.7225806 0.7161290 0.7483871
3  0.7307692 0.7384615 0.7384615 0.7384615 0.7538462 0.7692308 0.7846154 0.7846154 0.7692308 0.7846154
4  0.6932515 0.6993865 0.7055215 0.7546012 0.7484663 0.7546012 0.7546012 0.7546012 0.7546012 0.7668712
5  0.7364865 0.7364865 0.7500000 0.7364865 0.7702703 0.7837838 0.7837838 0.7905405 0.7905405 0.7972973
6  0.7234043 0.7234043 0.7375887 0.7304965 0.7375887 0.7375887 0.7517730 0.7375887 0.7588652 0.7588652
7  0.6666667 0.6666667 0.6811594 0.6811594 0.6666667 0.6666667 0.6739130 0.6956522 0.7101449 0.7246377
8  0.7716049 0.7777778 0.7592593 0.7654321 0.7716049 0.7716049 0.7839506 0.7839506 0.7901235 0.7901235
9  0.7769784 0.8129496 0.8129496 0.7913669 0.7913669 0.7913669 0.7985612 0.8057554 0.8057554 0.8129496
10 0.6849315 0.6849315 0.6917808 0.6917808 0.7054795 0.7054795 0.7123288 0.7123288 0.6986301 0.6917808
          21        22        23        24        25        26        27        28        29        30
1  0.7048193 0.7650602 0.7771084 0.7891566 0.7951807 0.8012048 0.7951807 0.8072289 0.7951807 0.8012048
2  0.7548387 0.7548387 0.7548387 0.7612903 0.7548387 0.7483871 0.7612903 0.7612903 0.7677419 0.7548387
3  0.7692308 0.7615385 0.8153846 0.8153846 0.8615385 0.8615385 0.8769231 0.8846154 0.8769231 0.8846154
4  0.7791411 0.7975460 0.7914110 0.7914110 0.8343558 0.8282209 0.8404908 0.8404908 0.8282209 0.8220859
5  0.8040541 0.8175676 0.8243243 0.8378378 0.8445946 0.8445946 0.8581081 0.8648649 0.8581081 0.8445946
6  0.7446809 0.7801418 0.7943262 0.8085106 0.8156028 0.8085106 0.8085106 0.8156028 0.8226950 0.8156028
7  0.7318841 0.7391304 0.7536232 0.7391304 0.7681159 0.7826087 0.7753623 0.7898551 0.7826087 0.7826087
8  0.7962963 0.7839506 0.8024691 0.8086420 0.8209877 0.8271605 0.8271605 0.8209877 0.8271605 0.8395062
9  0.8201439 0.8057554 0.7913669 0.7769784 0.7697842 0.7769784 0.8201439 0.8201439 0.8201439 0.8201439
10 0.6986301 0.7534247 0.7945205 0.8082192 0.8219178 0.8219178 0.8219178 0.8150685 0.8013699 0.8082192
          31        32        33        34        35        36        37        38        39        40
1  0.7891566 0.8012048 0.8132530 0.8072289 0.8012048 0.8072289 0.7951807 0.8072289 0.8192771 0.8132530
2  0.7548387 0.7741935 0.7806452 0.8000000 0.8000000 0.8129032 0.8258065 0.8387097 0.8322581 0.8387097
3  0.8923077 0.8923077 0.8923077 0.9153846 0.9230769 0.9076923 0.9000000 0.9076923 0.9076923 0.9230769
4  0.8404908 0.8466258 0.8404908 0.8466258 0.8588957 0.8527607 0.8527607 0.8650307 0.8711656 0.8711656
5  0.8445946 0.8445946 0.8513514 0.8648649 0.8513514 0.8918919 0.8851351 0.8851351 0.8851351 0.8918919
6  0.8439716 0.8439716 0.8510638 0.8652482 0.8652482 0.8794326 0.8936170 0.8936170 0.8936170 0.8936170
7  0.7971014 0.7971014 0.8115942 0.8115942 0.7971014 0.8115942 0.8115942 0.8043478 0.8115942 0.8115942
8  0.8641975 0.8703704 0.8703704 0.8703704 0.8703704 0.8765432 0.8765432 0.8827160 0.8950617 0.9012346
9  0.8201439 0.8345324 0.8345324 0.8489209 0.8561151 0.8705036 0.8776978 0.8705036 0.8776978 0.8633094
10 0.8082192 0.8150685 0.8082192 0.8013699 0.8219178 0.8082192 0.8082192 0.8013699 0.8013699 0.8013699
          41        42        43        44        45        46        47        48        49        50
1  0.8132530 0.8192771 0.8132530 0.8192771 0.8132530 0.8433735 0.8433735 0.8433735 0.8493976 0.8373494
2  0.8451613 0.8451613 0.8516129 0.8580645 0.8580645 0.8645161 0.8580645 0.8580645 0.8580645 0.8580645
3  0.9230769 0.9230769 0.9230769 0.9307692 0.9153846 0.9000000 0.9076923 0.9076923 0.9153846 0.9230769
4  0.8711656 0.8711656 0.8773006 0.8895706 0.8895706 0.8895706 0.8895706 0.8895706 0.8895706 0.8834356
5  0.8918919 0.8918919 0.8918919 0.8918919 0.8986486 0.9189189 0.9121622 0.9121622 0.9189189 0.9256757
6  0.8936170 0.9007092 0.9078014 0.9148936 0.9148936 0.9219858 0.9148936 0.9007092 0.9007092 0.8865248
7  0.8115942 0.8115942 0.8115942 0.8115942 0.8333333 0.8333333 0.8478261 0.8478261 0.8550725 0.8695652
8  0.8950617 0.8950617 0.8827160 0.8827160 0.8827160 0.8888889 0.8827160 0.8827160 0.8888889 0.8888889
9  0.8633094 0.8561151 0.8561151 0.8561151 0.8633094 0.8633094 0.8705036 0.8776978 0.8633094 0.8633094
10 0.7945205 0.8013699 0.7945205 0.8150685 0.8082192 0.8082192 0.8013699 0.8150685 0.8287671 0.8356164

$SVM$`Mean Recalls`
        1         2         3         4         5         6         7         8         9        10 
0.0000000 0.4992537 0.5328505 0.5595252 0.5812297 0.5852874 0.6035543 0.6241246 0.6620289 0.7101311 
       11        12        13        14        15        16        17        18        19        20 
0.7085881 0.7149159 0.7211194 0.7199734 0.7261690 0.7333296 0.7427476 0.7492433 0.7498840 0.7586371 
       21        22        23        24        25        26        27        28        29        30 
0.7603719 0.7758954 0.7899373 0.7936561 0.8086917 0.8101122 0.8185088 0.8220148 0.8180153 0.8173420 
       31        32        33        34        35        36        37        38        39        40 
0.8255022 0.8319971 0.8353828 0.8431608 0.8445282 0.8518770 0.8526554 0.8556351 0.8594869 0.8609222 
       41        42        43        44        45        46        47        48        49        50 
0.8602652 0.8615423 0.8609883 0.8669961 0.8677393 0.8732116 0.8728172 0.8734881 0.8768083 0.8771507 

$SVM$`St Dev Recalls`
         1          2          3          4          5          6          7          8          9 
0.00000000 0.03663061 0.06457421 0.06537806 0.05678780 0.05516519 0.06296750 0.04337709 0.04475815 
        10         11         12         13         14         15         16         17         18 
0.05746820 0.04644401 0.05334343 0.04755635 0.04812756 0.05183270 0.04853770 0.04660022 0.04005341 
        19         20         21         22         23         24         25         26         27 
0.03978745 0.03971230 0.04108077 0.02539326 0.02296560 0.02868506 0.03552340 0.03389169 0.03548462 
        28         29         30         31         32         33         34         35         36 
0.03516718 0.03311815 0.03535493 0.03991511 0.03563096 0.03296795 0.03779717 0.03982528 0.03869126 
        37         38         39         40         41         42         43         44         45 
0.03923840 0.03981944 0.03931298 0.04265166 0.04285154 0.04170996 0.04344566 0.04213579 0.03938175 
        46         47         48         49         50 
0.03738295 0.03610569 0.03159516 0.03019714 0.03100483 

$SVM$`Micro Ave Recalls`
        1         2         3         4         5         6         7         8         9        10 
      NaN 0.4993280 0.5336022 0.5611559 0.5819892 0.5860215 0.6034946 0.6236559 0.6606183 0.7083333 
       11        12        13        14        15        16        17        18        19        20 
0.7076613 0.7137097 0.7197581 0.7190860 0.7251344 0.7325269 0.7419355 0.7486559 0.7493280 0.7580645 
       21        22        23        24        25        26        27        28        29        30 
0.7600806 0.7762097 0.7896505 0.7936828 0.8084677 0.8098118 0.8178763 0.8212366 0.8172043 0.8165323 
       31        32        33        34        35        36        37        38        39        40 
0.8245968 0.8313172 0.8346774 0.8420699 0.8434140 0.8508065 0.8514785 0.8548387 0.8588710 0.8602151 
       41        42        43        44        45        46        47        48        49        50 
0.8595430 0.8608871 0.8602151 0.8662634 0.8669355 0.8729839 0.8723118 0.8729839 0.8763441 0.8763441 

$SVM$`F1 Measure`
   1         2         3         4         5         6         7         8         9        10
1  0 0.5663082 0.6413793 0.6575342 0.6780822 0.6782007 0.6759582 0.6993007 0.7147766 0.7098976
2  0 0.5816733 0.5873016 0.6287879 0.6360153 0.6245059 0.6220472 0.6795367 0.7018868 0.7402135
3  0 0.5938865 0.5814978 0.6228070 0.6060606 0.6283186 0.7022222 0.7017544 0.7553648 0.8000000
4  0 0.5774648 0.6397306 0.6466667 0.6531987 0.6779661 0.6666667 0.6851211 0.7038328 0.7551020
5  0 0.6083650 0.5954198 0.6067416 0.6339623 0.6567164 0.6816479 0.6996198 0.7481481 0.7857143
6  0 0.5779468 0.6119403 0.6125461 0.6468401 0.6466165 0.6307692 0.6893939 0.7348485 0.7611940
7  0 0.5575221 0.5550661 0.5765766 0.6266094 0.6347826 0.6550218 0.6890756 0.7131148 0.7265306
8  0 0.6245614 0.6245614 0.6930693 0.6866667 0.6933333 0.7307692 0.7333333 0.7434211 0.7861635
9  0 0.5775862 0.7058824 0.7063492 0.7356322 0.7335907 0.7615385 0.7644788 0.7819549 0.7941176
10 0 0.5617021 0.5517241 0.5593220 0.6192469 0.6419753 0.6745098 0.6850394 0.7307692 0.7415730
          11        12        13        14        15        16        17        18        19        20
1  0.7364865 0.7303754 0.7346939 0.7291667 0.7291667 0.7534247 0.7661017 0.7852349 0.7878788 0.7892977
2  0.7246377 0.7436823 0.7571429 0.7500000 0.7517730 0.7670251 0.7758007 0.7859649 0.7844523 0.8027682
3  0.7723577 0.7836735 0.7868852 0.7836735 0.7840000 0.8000000 0.8095238 0.8259109 0.8064516 0.8160000
4  0.7583893 0.7625418 0.7666667 0.8092105 0.8052805 0.8013029 0.8039216 0.8065574 0.8065574 0.8196721
5  0.7898551 0.7927273 0.8043478 0.7927273 0.8056537 0.8140351 0.8169014 0.8153310 0.8181818 0.8222997
6  0.7611940 0.7611940 0.7732342 0.7657993 0.7732342 0.7761194 0.7881041 0.7849057 0.8045113 0.8045113
7  0.7360000 0.7244094 0.7401575 0.7460317 0.7360000 0.7360000 0.7469880 0.7588933 0.7716535 0.7782101
8  0.7788162 0.7801858 0.7935484 0.8000000 0.7987220 0.7987220 0.8115016 0.8037975 0.8050314 0.8075710
9  0.8000000 0.8308824 0.8401487 0.8333333 0.8239700 0.8333333 0.8409091 0.8484848 0.8517110 0.8496241
10 0.7462687 0.7490637 0.7593985 0.7537313 0.7686567 0.7715356 0.7732342 0.7732342 0.7669173 0.7537313
          21        22        23        24        25        26        27        28        29        30
1  0.7878788 0.8220065 0.8322581 0.8424437 0.8461538 0.8471338 0.8407643 0.8507937 0.8461538 0.8498403
2  0.8096886 0.8096886 0.8125000 0.8166090 0.8096886 0.8027682 0.8109966 0.8082192 0.8067797 0.8096886
3  0.8163265 0.8016194 0.8346457 0.8346457 0.8615385 0.8682171 0.8769231 0.8778626 0.8735632 0.8778626
4  0.8300654 0.8441558 0.8376623 0.8376623 0.8607595 0.8598726 0.8698413 0.8698413 0.8626198 0.8589744
5  0.8263889 0.8344828 0.8501742 0.8581315 0.8680556 0.8620690 0.8728522 0.8797251 0.8758621 0.8680556
6  0.7984791 0.8208955 0.8327138 0.8444444 0.8582090 0.8571429 0.8539326 0.8582090 0.8656716 0.8614232
7  0.7952756 0.7968750 0.8030888 0.7968750 0.8060837 0.8089888 0.8045113 0.8104089 0.8029740 0.8029740
8  0.8113208 0.8089172 0.8227848 0.8238994 0.8338558 0.8375000 0.8348910 0.8312500 0.8375000 0.8447205
9  0.8507463 0.8421053 0.8333333 0.8244275 0.8230769 0.8275862 0.8539326 0.8539326 0.8507463 0.8444444
10 0.7583643 0.7942238 0.8256228 0.8339223 0.8421053 0.8450704 0.8450704 0.8350877 0.8357143 0.8398577
          31        32        33        34        35        36        37        38        39        40
1  0.8424437 0.8498403 0.8626198 0.8589744 0.8553055 0.8535032 0.8407643 0.8507937 0.8607595 0.8571429
2  0.8096886 0.8219178 0.8287671 0.8435374 0.8493151 0.8513514 0.8590604 0.8552632 0.8543046 0.8580858
3  0.8854962 0.8854962 0.8888889 0.8981132 0.8988764 0.8905660 0.8863636 0.8872180 0.8872180 0.8921933
4  0.8698413 0.8734177 0.8726115 0.8761905 0.8860759 0.8769716 0.8769716 0.8867925 0.8930818 0.8958991
5  0.8680556 0.8710801 0.8750000 0.8858131 0.8780488 0.9010239 0.8911565 0.8911565 0.8851351 0.8888889
6  0.8750000 0.8717949 0.8759124 0.8808664 0.8840580 0.8888889 0.9000000 0.8967972 0.8967972 0.9000000
7  0.8118081 0.8118081 0.8205128 0.8235294 0.8118081 0.8265683 0.8358209 0.8345865 0.8358209 0.8358209
8  0.8562691 0.8650307 0.8676923 0.8676923 0.8730650 0.8711656 0.8738462 0.8773006 0.8868502 0.8902439
9  0.8475836 0.8560886 0.8560886 0.8676471 0.8750000 0.8768116 0.8808664 0.8768116 0.8840580 0.8791209
10 0.8368794 0.8409894 0.8339223 0.8327402 0.8421053 0.8368794 0.8339223 0.8297872 0.8268551 0.8297872
          41        42        43        44        45        46        47        48        49        50
1  0.8517350 0.8500000 0.8437500 0.8473520 0.8437500 0.8562691 0.8510638 0.8484848 0.8597561 0.8527607
2  0.8704319 0.8704319 0.8770764 0.8778878 0.8778878 0.8815789 0.8837209 0.8837209 0.8837209 0.8837209
3  0.8921933 0.8921933 0.8888889 0.8962963 0.8880597 0.8863636 0.8905660 0.8973384 0.8947368 0.8988764
4  0.8930818 0.8902821 0.8909657 0.8978328 0.8978328 0.8978328 0.8978328 0.8950617 0.8950617 0.8916409
5  0.8859060 0.8859060 0.8859060 0.8859060 0.8896321 0.8947368 0.8910891 0.8970100 0.9006623 0.9042904
6  0.9064748 0.9007092 0.9045936 0.9084507 0.9020979 0.9090909 0.9020979 0.8943662 0.8912281 0.8865248
7  0.8358209 0.8358209 0.8358209 0.8358209 0.8518519 0.8582090 0.8666667 0.8666667 0.8708487 0.8791209
8  0.8868502 0.8895706 0.8800000 0.8800000 0.8800000 0.8861538 0.8800000 0.8800000 0.8807339 0.8780488
9  0.8791209 0.8750000 0.8750000 0.8782288 0.8823529 0.8759124 0.8832117 0.8872727 0.8791209 0.8791209
10 0.8226950 0.8297872 0.8315412 0.8409894 0.8368794 0.8368794 0.8327402 0.8409894 0.8491228 0.8561404

$SVM$`Mean F1 Measure`
        1         2         3         4         5         6         7         8         9        10 
0.0000000 0.5827016 0.6094503 0.6310401 0.6522314 0.6616006 0.6801151 0.7026654 0.7328118 0.7600506 
       11        12        13        14        15        16        17        18        19        20 
0.7604005 0.7658736 0.7756224 0.7763674 0.7776457 0.7851498 0.7932986 0.7988315 0.8003346 0.8043685 
       21        22        23        24        25        26        27        28        29        30 
0.8084534 0.8174970 0.8284784 0.8313061 0.8409527 0.8416349 0.8463715 0.8475330 0.8457585 0.8457841 
       31        32        33        34        35        36        37        38        39        40 
0.8503066 0.8547464 0.8582016 0.8635104 0.8653658 0.8673730 0.8678772 0.8686507 0.8710880 0.8727183 
       41        42        43        44        45        46        47        48        49        50 
0.8724310 0.8719701 0.8713543 0.8748765 0.8750345 0.8783027 0.8778989 0.8790911 0.8804992 0.8810245 

$SVM$`St Dev F1 Measure`
         1          2          3          4          5          6          7          8          9 
0.00000000 0.02096807 0.04622260 0.04664317 0.03846018 0.03426916 0.04262602 0.02645136 0.02536214 
        10         11         12         13         14         15         16         17         18 
0.03072579 0.02487398 0.03206998 0.03172890 0.03278006 0.03168053 0.02951320 0.02818864 0.02656222 
        19         20         21         22         23         24         25         26         27 
0.02454117 0.02630470 0.02550501 0.01822773 0.01328907 0.01692580 0.02221114 0.02243551 0.02464954 
        28         29         30         31         32         33         34         35         36 
0.02574065 0.02561283 0.02388330 0.02573743 0.02379055 0.02293854 0.02393548 0.02578229 0.02443310 
        37         38         39         40         41         42         43         44         45 
0.02402774 0.02422777 0.02496114 0.02567260 0.02719582 0.02506574 0.02525242 0.02519371 0.02283579 
        46         47         48         49         50 
0.02197881 0.02178052 0.02047896 0.01652155 0.01648025 

$SVM$`Micro Ave F1 Measure`
        1         2         3         4         5         6         7         8         9        10 
      NaN 0.5834315 0.6119461 0.6337761 0.6540785 0.6633701 0.6810770 0.7030303 0.7324888 0.7601875 
       11        12        13        14        15        16        17        18        19        20 
0.7605634 0.7659574 0.7755250 0.7767695 0.7782185 0.7855856 0.7936736 0.7988526 0.8004307 0.8045649 
       21        22        23        24        25        26        27        28        29        30 
0.8087236 0.8179887 0.8286319 0.8316901 0.8412587 0.8417744 0.8463143 0.8474341 0.8456189 0.8458058 
       31        32        33        34        35        36        37        38        39        40 
0.8503119 0.8548721 0.8583276 0.8635424 0.8655172 0.8674203 0.8678082 0.8688525 0.8714627 0.8731241 
       41        42        43        44        45        46        47        48        49        50 
0.8727397 0.8723187 0.8716377 0.8750849 0.8751696 0.8785932 0.8779168 0.8788904 0.8804862 0.8807835 
