> chisq_3
$`NAIVE BAYES`
$`NAIVE BAYES`$`Accuracy per Fold`
   1         2         3         4         5         6         7         8         9        10
1  0 0.9286733 0.9258203 0.9243937 0.9343795 0.9343795 0.9415121 0.9529244 0.9557775 0.9557775
2  0 0.9279661 0.9307910 0.9364407 0.9406780 0.9378531 0.9336158 0.9378531 0.9322034 0.9336158
3  0 0.9236209 0.9306931 0.9250354 0.9165488 0.9207921 0.9264498 0.9349364 0.9420085 0.9391796
4  0 0.9406780 0.9435028 0.9548023 0.9548023 0.9435028 0.9491525 0.9491525 0.9505650 0.9618644
5  0 0.9491525 0.9562147 0.9562147 0.9576271 0.9491525 0.9491525 0.9463277 0.9491525 0.9548023
6  0 0.9448373 0.9434229 0.9462518 0.9490806 0.9448373 0.9448373 0.9490806 0.9448373 0.9462518
7  0 0.9477401 0.9519774 0.9576271 0.9533898 0.9463277 0.9449153 0.9505650 0.9491525 0.9449153
8  0 0.9434229 0.9533239 0.9533239 0.9618105 0.9603960 0.9575672 0.9632249 0.9603960 0.9547383
9  0 0.9392655 0.9378531 0.9420904 0.9435028 0.9435028 0.9392655 0.9449153 0.9449153 0.9420904
10 0 0.9529244 0.9486448 0.9572040 0.9500713 0.9429387 0.9429387 0.9386591 0.9386591 0.9429387
          11        12        13        14        15        16        17        18        19        20
1  0.9557775 0.9529244 0.9514979 0.9500713 0.9415121 0.9329529 0.9386591 0.9400856 0.9386591 0.9358060
2  0.9293785 0.9336158 0.9336158 0.9293785 0.9279661 0.9265537 0.9279661 0.9279661 0.9293785 0.9350282
3  0.9391796 0.9363508 0.9278642 0.9306931 0.9321075 0.9264498 0.9250354 0.9193777 0.9179632 0.9236209
4  0.9632768 0.9576271 0.9519774 0.9491525 0.9491525 0.9420904 0.9435028 0.9420904 0.9463277 0.9449153
5  0.9548023 0.9548023 0.9505650 0.9491525 0.9463277 0.9491525 0.9463277 0.9477401 0.9477401 0.9449153
6  0.9420085 0.9434229 0.9420085 0.9391796 0.9420085 0.9476662 0.9448373 0.9391796 0.9363508 0.9391796
7  0.9477401 0.9463277 0.9449153 0.9406780 0.9420904 0.9435028 0.9406780 0.9406780 0.9392655 0.9406780
8  0.9519095 0.9547383 0.9533239 0.9504950 0.9533239 0.9504950 0.9490806 0.9504950 0.9504950 0.9476662
9  0.9435028 0.9463277 0.9435028 0.9435028 0.9420904 0.9449153 0.9435028 0.9463277 0.9463277 0.9420904
10 0.9400856 0.9415121 0.9400856 0.9415121 0.9372325 0.9386591 0.9372325 0.9343795 0.9358060 0.9386591
          21        22        23        24        25        26        27        28        29        30
1  0.9358060 0.9329529 0.9329529 0.9315264 0.9315264 0.9315264 0.9300999 0.9329529 0.9343795 0.9329529
2  0.9336158 0.9322034 0.9293785 0.9237288 0.9223164 0.9322034 0.9307910 0.9293785 0.9307910 0.9336158
3  0.9207921 0.9207921 0.9207921 0.9179632 0.9193777 0.9207921 0.9222065 0.9179632 0.9222065 0.9222065
4  0.9491525 0.9477401 0.9477401 0.9463277 0.9449153 0.9477401 0.9477401 0.9463277 0.9463277 0.9463277
5  0.9406780 0.9378531 0.9364407 0.9378531 0.9378531 0.9392655 0.9435028 0.9435028 0.9435028 0.9449153
6  0.9363508 0.9321075 0.9335219 0.9363508 0.9405941 0.9321075 0.9349364 0.9363508 0.9363508 0.9363508
7  0.9406780 0.9392655 0.9364407 0.9406780 0.9420904 0.9420904 0.9435028 0.9420904 0.9406780 0.9406780
8  0.9490806 0.9519095 0.9504950 0.9504950 0.9519095 0.9533239 0.9490806 0.9462518 0.9490806 0.9490806
9  0.9392655 0.9406780 0.9406780 0.9392655 0.9378531 0.9364407 0.9322034 0.9307910 0.9322034 0.9336158
10 0.9372325 0.9386591 0.9329529 0.9329529 0.9286733 0.9329529 0.9329529 0.9286733 0.9272468 0.9272468
          31        32        33        34        35        36        37        38        39        40
1  0.9300999 0.9300999 0.9286733 0.9329529 0.9372325 0.9415121 0.9415121 0.9415121 0.9415121 0.9415121
2  0.9322034 0.9307910 0.9350282 0.9336158 0.9322034 0.9322034 0.9307910 0.9293785 0.9293785 0.9293785
3  0.9250354 0.9278642 0.9292786 0.9278642 0.9306931 0.9292786 0.9292786 0.9292786 0.9292786 0.9278642
4  0.9449153 0.9463277 0.9463277 0.9491525 0.9505650 0.9491525 0.9491525 0.9505650 0.9519774 0.9491525
5  0.9435028 0.9420904 0.9420904 0.9420904 0.9364407 0.9350282 0.9350282 0.9350282 0.9350282 0.9378531
6  0.9448373 0.9462518 0.9420085 0.9405941 0.9391796 0.9377652 0.9349364 0.9363508 0.9321075 0.9335219
7  0.9406780 0.9406780 0.9420904 0.9435028 0.9392655 0.9378531 0.9378531 0.9378531 0.9392655 0.9378531
8  0.9434229 0.9363508 0.9377652 0.9377652 0.9349364 0.9363508 0.9391796 0.9391796 0.9377652 0.9321075
9  0.9322034 0.9322034 0.9307910 0.9322034 0.9350282 0.9350282 0.9322034 0.9322034 0.9293785 0.9322034
10 0.9358060 0.9329529 0.9343795 0.9300999 0.9286733 0.9286733 0.9300999 0.9300999 0.9272468 0.9258203
          41        42        43        44        45        46        47        48        49        50
1  0.9400856 0.9400856 0.9358060 0.9372325 0.9386591 0.9372325 0.9372325 0.9386591 0.9386591 0.9386591
2  0.9293785 0.9350282 0.9350282 0.9364407 0.9336158 0.9336158 0.9307910 0.9307910 0.9307910 0.9322034
3  0.9278642 0.9306931 0.9349364 0.9335219 0.9335219 0.9349364 0.9335219 0.9321075 0.9363508 0.9349364
4  0.9491525 0.9463277 0.9463277 0.9463277 0.9477401 0.9463277 0.9463277 0.9449153 0.9435028 0.9435028
5  0.9350282 0.9350282 0.9322034 0.9307910 0.9251412 0.9279661 0.9307910 0.9293785 0.9307910 0.9279661
6  0.9349364 0.9321075 0.9306931 0.9292786 0.9250354 0.9264498 0.9264498 0.9292786 0.9278642 0.9306931
7  0.9322034 0.9336158 0.9364407 0.9364407 0.9336158 0.9293785 0.9293785 0.9336158 0.9322034 0.9293785
8  0.9335219 0.9349364 0.9335219 0.9363508 0.9349364 0.9349364 0.9321075 0.9321075 0.9321075 0.9306931
9  0.9293785 0.9322034 0.9336158 0.9350282 0.9336158 0.9336158 0.9336158 0.9336158 0.9322034 0.9322034
10 0.9315264 0.9329529 0.9300999 0.9243937 0.9272468 0.9286733 0.9286733 0.9258203 0.9258203 0.9229672

$`NAIVE BAYES`$`Mean Accuracy`
        1         2         3         4         5         6         7         8         9        10 
0.0000000 0.9398281 0.9422244 0.9453384 0.9461891 0.9423683 0.9429407 0.9467639 0.9467667 0.9476174 
       11        12        13        14        15        16        17        18        19        20 
0.9467661 0.9467649 0.9439356 0.9423816 0.9413812 0.9402438 0.9396822 0.9388320 0.9388314 0.9392559 
       21        22        23        24        25        26        27        28        29        30 
0.9382652 0.9374161 0.9361393 0.9357141 0.9357109 0.9368443 0.9367016 0.9354282 0.9362767 0.9366990 
       31        32        33        34        35        36        37        38        39        40 
0.9372704 0.9365610 0.9368433 0.9369841 0.9364218 0.9362846 0.9360035 0.9361449 0.9352939 0.9347267 
       41        42        43        44        45        46        47        48        49        50 
0.9343076 0.9352979 0.9348673 0.9345806 0.9333128 0.9333132 0.9328889 0.9330289 0.9330293 0.9323203 

$`NAIVE BAYES`$`St Dev Accuracy`
          1           2           3           4           5           6           7           8 
0.000000000 0.009932664 0.010594756 0.012930917 0.013249440 0.010249334 0.008647770 0.008320165 
          9          10          11          12          13          14          15          16 
0.008167543 0.008823824 0.009908397 0.008196185 0.008422310 0.007728166 0.007543092 0.008874195 
         17          18          19          20          21          22          23          24 
0.007803836 0.009449562 0.009821499 0.006826707 0.008068161 0.008718250 0.008627149 0.009759666 
         25          26          27          28          29          30          31          32 
0.010187470 0.009243106 0.008778960 0.009197023 0.008604589 0.008575794 0.007138448 0.006827621 
         33          34          35          36          37          38          39          40 
0.006169053 0.006760152 0.006066119 0.006003664 0.006151144 0.006626292 0.007601411 0.007018990 
         41          42          43          44          45          46          47          48 
0.006303094 0.004644491 0.004538148 0.005798906 0.006764053 0.005801324 0.005591326 0.005372084 
         49          50 
0.005199400 0.005700772 

$`NAIVE BAYES`$`Precisions per Fold`
   1         2         3         4         5         6         7         8         9        10
1  0 0.4807692 0.4642857 0.4637681 0.5156250 0.5138889 0.5479452 0.6086957 0.6268657 0.6197183
2  0 0.4642857 0.4843750 0.5172414 0.5409836 0.5254237 0.5000000 0.5254237 0.4920635 0.5000000
3  0 0.4400000 0.4897959 0.4545455 0.4153846 0.4354839 0.4696970 0.5138889 0.5522388 0.5373134
4  0 0.5918367 0.5901639 0.6557377 0.6417910 0.5774648 0.6119403 0.6086957 0.6142857 0.6666667
5  0 0.5625000 0.6078431 0.6122449 0.6000000 0.5454545 0.5454545 0.5303030 0.5468750 0.5806452
6  0 0.5294118 0.5178571 0.5370370 0.5555556 0.5263158 0.5254237 0.5500000 0.5230769 0.5303030
7  0 0.6206897 0.6603774 0.6909091 0.6406250 0.5942029 0.5909091 0.6212121 0.6119403 0.5857143
8  0 0.5500000 0.6101695 0.6140351 0.6507937 0.6406250 0.6212121 0.6470588 0.6250000 0.5921053
9  0 0.5750000 0.5438596 0.5645161 0.5671642 0.5671642 0.5428571 0.5694444 0.5675676 0.5512821
10 0 0.5306122 0.5000000 0.5517241 0.5081967 0.4714286 0.4705882 0.4492754 0.4461538 0.4705882
          11        12        13        14        15        16        17        18        19        20
1  0.6197183 0.6086957 0.6000000 0.5942029 0.5492958 0.5064935 0.5342466 0.5405405 0.5333333 0.5194805
2  0.4776119 0.5000000 0.5000000 0.4805195 0.4743590 0.4683544 0.4743590 0.4743590 0.4810127 0.5066667
3  0.5362319 0.5217391 0.4794521 0.4931507 0.5000000 0.4736842 0.4675325 0.4430380 0.4390244 0.4615385
4  0.6760563 0.6438356 0.6164384 0.6056338 0.6027397 0.5641026 0.5714286 0.5657895 0.5844156 0.5769231
5  0.5781250 0.5757576 0.5555556 0.5468750 0.5303030 0.5454545 0.5303030 0.5362319 0.5362319 0.5211268
6  0.5072464 0.5147059 0.5072464 0.4931507 0.5068493 0.5362319 0.5217391 0.4931507 0.4800000 0.4936709
7  0.6029412 0.5942029 0.5857143 0.5616438 0.5657895 0.5714286 0.5555556 0.5569620 0.5487805 0.5555556
8  0.5769231 0.5921053 0.5844156 0.5714286 0.5844156 0.5696203 0.5625000 0.5714286 0.5714286 0.5584416
9  0.5584416 0.5733333 0.5584416 0.5584416 0.5512821 0.5657895 0.5569620 0.5714286 0.5696203 0.5487805
10 0.4571429 0.4626866 0.4571429 0.4637681 0.4428571 0.4492754 0.4428571 0.4305556 0.4383562 0.4533333
          21        22        23        24        25        26        27        28        29        30
1  0.5194805 0.5064935 0.5064935 0.5000000 0.5000000 0.5000000 0.4935065 0.5064935 0.5138889 0.5070423
2  0.5000000 0.4936709 0.4814815 0.4588235 0.4534884 0.4936709 0.4875000 0.4814815 0.4871795 0.5000000
3  0.4512195 0.4512195 0.4512195 0.4404762 0.4444444 0.4500000 0.4556962 0.4375000 0.4556962 0.4578313
4  0.5925926 0.5875000 0.5875000 0.5822785 0.5750000 0.5897436 0.5897436 0.5822785 0.5822785 0.5844156
5  0.5000000 0.4864865 0.4788732 0.4861111 0.4861111 0.4925373 0.5156250 0.5156250 0.5156250 0.5230769
6  0.4814815 0.4615385 0.4675325 0.4805195 0.5000000 0.4625000 0.4743590 0.4800000 0.4800000 0.4800000
7  0.5542169 0.5476190 0.5348837 0.5529412 0.5609756 0.5625000 0.5679012 0.5625000 0.5569620 0.5569620
8  0.5641026 0.5789474 0.5733333 0.5733333 0.5789474 0.5866667 0.5625000 0.5487805 0.5625000 0.5625000
9  0.5357143 0.5421687 0.5421687 0.5357143 0.5294118 0.5232558 0.5056180 0.5000000 0.5056180 0.5113636
10 0.4473684 0.4545455 0.4303797 0.4303797 0.4146341 0.4320988 0.4320988 0.4146341 0.4074074 0.4096386
          31        32        33        34        35        36        37        38        39        40
1  0.4935065 0.4936709 0.4875000 0.5060241 0.5243902 0.5443038 0.5443038 0.5443038 0.5443038 0.5443038
2  0.4936709 0.4875000 0.5064935 0.5000000 0.4936709 0.4936709 0.4875000 0.4814815 0.4814815 0.4814815
3  0.4712644 0.4819277 0.4880952 0.4823529 0.4939759 0.4880952 0.4880952 0.4880952 0.4880952 0.4823529
4  0.5769231 0.5822785 0.5822785 0.5974026 0.6052632 0.5974026 0.5974026 0.6052632 0.6133333 0.5974026
5  0.5151515 0.5074627 0.5074627 0.5074627 0.4788732 0.4714286 0.4714286 0.4714286 0.4714286 0.4852941
6  0.5205479 0.5277778 0.5066667 0.5000000 0.4933333 0.4868421 0.4743590 0.4805195 0.4625000 0.4683544
7  0.5569620 0.5569620 0.5641026 0.5696203 0.5500000 0.5443038 0.5443038 0.5443038 0.5512821 0.5454545
8  0.5365854 0.5057471 0.5111111 0.5111111 0.5000000 0.5056180 0.5176471 0.5176471 0.5119048 0.4883721
9  0.5056180 0.5054945 0.5000000 0.5056180 0.5172414 0.5168539 0.5054945 0.5054945 0.4946237 0.5054945
10 0.4415584 0.4285714 0.4342105 0.4177215 0.4125000 0.4102564 0.4155844 0.4155844 0.4025974 0.3974359
          41        42        43        44        45        46        47        48        49        50
1  0.5375000 0.5375000 0.5176471 0.5238095 0.5301205 0.5238095 0.5238095 0.5301205 0.5301205 0.5301205
2  0.4814815 0.5064935 0.5064935 0.5131579 0.5000000 0.5000000 0.4875000 0.4871795 0.4871795 0.4935065
3  0.4819277 0.4938272 0.5128205 0.5063291 0.5063291 0.5128205 0.5063291 0.5000000 0.5194805 0.5128205
4  0.5974026 0.5822785 0.5822785 0.5822785 0.5897436 0.5822785 0.5822785 0.5750000 0.5679012 0.5679012
5  0.4714286 0.4714286 0.4583333 0.4507042 0.4266667 0.4383562 0.4507042 0.4444444 0.4507042 0.4383562
6  0.4743590 0.4625000 0.4567901 0.4512195 0.4352941 0.4404762 0.4404762 0.4512195 0.4457831 0.4567901
7  0.5185185 0.5250000 0.5384615 0.5384615 0.5256410 0.5060241 0.5060241 0.5238095 0.5180723 0.5058824
8  0.4941176 0.5000000 0.4941176 0.5060241 0.5000000 0.5000000 0.4883721 0.4883721 0.4883721 0.4827586
9  0.4946237 0.5054945 0.5111111 0.5168539 0.5111111 0.5111111 0.5111111 0.5111111 0.5054945 0.5054945
10 0.4189189 0.4246575 0.4133333 0.3924051 0.4025974 0.4078947 0.4078947 0.3974359 0.3974359 0.3875000

$`NAIVE BAYES`$`Mean Precisions`
        1         2         3         4         5         6         7         8         9        10 
0.0000000 0.5345105 0.5468727 0.5661759 0.5636119 0.5397452 0.5426027 0.5623998 0.5606067 0.5634336 
       11        12        13        14        15        16        17        18        19        20 
0.5590439 0.5587062 0.5444407 0.5368815 0.5307891 0.5250435 0.5217483 0.5183484 0.5182203 0.5195517 
       21        22        23        24        25        26        27        28        29        30 
0.5146176 0.5110189 0.5053866 0.5040577 0.5043013 0.5092973 0.5084548 0.5029293 0.5067155 0.5092830 
       31        32        33        34        35        36        37        38        39        40 
0.5111788 0.5077393 0.5087921 0.5097313 0.5069248 0.5058775 0.5046119 0.5054122 0.5021550 0.4995946 
       41        42        43        44        45        46        47        48        49        50 
0.4970278 0.5009180 0.4991387 0.4981243 0.4927504 0.4922771 0.4904500 0.4908693 0.4910544 0.4881130 

$`NAIVE BAYES`$`St Dev Precisions`
         1          2          3          4          5          6          7          8          9 
0.00000000 0.05789737 0.06626016 0.07774354 0.07371282 0.05957360 0.05371615 0.06024387 0.06107051 
        10         11         12         13         14         15         16         17         18 
0.05774600 0.06683540 0.05636681 0.05486792 0.05025603 0.04997542 0.04690728 0.04490741 0.05389107 
        19         20         21         22         23         24         25         26         27 
0.05460679 0.04155750 0.04788041 0.05045385 0.05254738 0.05448660 0.05675066 0.05553806 0.05116518 
        28         29         30         31         32         33         34         35         36 
0.05290720 0.05274558 0.05214278 0.03980143 0.04207260 0.04082193 0.04797618 0.04968381 0.05012011 
        37         38         39         40         41         42         43         44         45 
0.04993283 0.05149018 0.05749957 0.05382215 0.04705681 0.04320763 0.04717808 0.05343798 0.05608372 
        46         47         48         49         50 
0.05043229 0.04873102 0.05019275 0.04903783 0.05054890 

$`NAIVE BAYES`$`Micro Ave Precisions`
        1         2         3         4         5         6         7         8         9        10 
      NaN 0.5341131 0.5460993 0.5640138 0.5638978 0.5403349 0.5429864 0.5626866 0.5623145 0.5650289 
       11        12        13        14        15        16        17        18        19        20 
0.5596591 0.5594901 0.5446927 0.5366528 0.5312500 0.5254692 0.5226667 0.5185676 0.5182292 0.5200517 
       21        22        23        24        25        26        27        28        29        30 
0.5151134 0.5113924 0.5056890 0.5037594 0.5037594 0.5089514 0.5082592 0.5025316 0.5064433 0.5083440 
       31        32        33        34        35        36        37        38        39        40 
0.5108005 0.5075567 0.5087940 0.5093633 0.5068664 0.5062500 0.5050000 0.5056320 0.5018727 0.4993758 
       41        42        43        44        45        46        47        48        49        50 
0.4975062 0.5018868 0.5000000 0.4987500 0.4931846 0.4932015 0.4913793 0.4920049 0.4919852 0.4889706 

$`NAIVE BAYES`$`Recalls per Fold`
   1         2         3         4         5         6         7         8         9        10
1  0 0.5208333 0.5416667 0.6666667 0.6875000 0.7708333 0.8333333 0.8750000 0.8750000 0.9166667
2  0 0.5531915 0.6595745 0.6382979 0.7021277 0.6595745 0.6595745 0.6595745 0.6595745 0.6595745
3  0 0.4583333 0.5000000 0.5208333 0.5625000 0.5625000 0.6458333 0.7708333 0.7708333 0.7500000
4  0 0.5686275 0.7058824 0.7843137 0.8431373 0.8039216 0.8039216 0.8235294 0.8431373 0.9411765
5  0 0.6428571 0.7380952 0.7142857 0.8571429 0.8571429 0.8571429 0.8333333 0.8333333 0.8571429
6  0 0.6428571 0.6904762 0.6904762 0.7142857 0.7142857 0.7380952 0.7857143 0.8095238 0.8333333
7  0 0.7058824 0.6862745 0.7450980 0.8039216 0.8039216 0.7647059 0.8039216 0.8039216 0.8039216
8  0 0.7173913 0.7826087 0.7608696 0.8913043 0.8913043 0.8913043 0.9565217 0.9782609 0.9782609
9  0 0.4693878 0.6326531 0.7142857 0.7755102 0.7755102 0.7755102 0.8367347 0.8571429 0.8775510
10 0 0.7222222 0.8055556 0.8888889 0.8611111 0.9166667 0.8888889 0.8611111 0.8055556 0.8888889
          11        12        13        14        15        16        17        18        19        20
1  0.9166667 0.8750000 0.8750000 0.8541667 0.8125000 0.8125000 0.8125000 0.8333333 0.8333333 0.8333333
2  0.6808511 0.7872340 0.7872340 0.7872340 0.7872340 0.7872340 0.7872340 0.7872340 0.8085106 0.8085106
3  0.7708333 0.7500000 0.7291667 0.7500000 0.7708333 0.7500000 0.7500000 0.7291667 0.7500000 0.7500000
4  0.9411765 0.9215686 0.8823529 0.8431373 0.8627451 0.8627451 0.8627451 0.8431373 0.8823529 0.8823529
5  0.8809524 0.9047619 0.8333333 0.8333333 0.8333333 0.8571429 0.8333333 0.8809524 0.8809524 0.8809524
6  0.8333333 0.8333333 0.8333333 0.8571429 0.8809524 0.8809524 0.8571429 0.8571429 0.8571429 0.9285714
7  0.8039216 0.8039216 0.8039216 0.8039216 0.8431373 0.8627451 0.8823529 0.8627451 0.8823529 0.8823529
8  0.9782609 0.9782609 0.9782609 0.9565217 0.9782609 0.9782609 0.9782609 0.9565217 0.9565217 0.9347826
9  0.8775510 0.8775510 0.8775510 0.8775510 0.8775510 0.8775510 0.8979592 0.8979592 0.9183673 0.9183673
10 0.8888889 0.8611111 0.8888889 0.8888889 0.8611111 0.8611111 0.8611111 0.8611111 0.8888889 0.9444444
          21        22        23        24        25        26        27        28        29        30
1  0.8333333 0.8125000 0.8125000 0.8125000 0.7916667 0.7916667 0.7916667 0.8125000 0.7708333 0.7500000
2  0.8297872 0.8297872 0.8297872 0.8297872 0.8297872 0.8297872 0.8297872 0.8297872 0.8085106 0.8297872
3  0.7708333 0.7708333 0.7708333 0.7708333 0.7500000 0.7500000 0.7500000 0.7291667 0.7500000 0.7916667
4  0.9411765 0.9215686 0.9215686 0.9019608 0.9019608 0.9019608 0.9019608 0.9019608 0.9019608 0.8823529
5  0.8809524 0.8571429 0.8095238 0.8333333 0.8333333 0.7857143 0.7857143 0.7857143 0.7857143 0.8095238
6  0.9285714 0.8571429 0.8571429 0.8809524 0.9285714 0.8809524 0.8809524 0.8571429 0.8571429 0.8571429
7  0.9019608 0.9019608 0.9019608 0.9215686 0.9019608 0.8823529 0.9019608 0.8823529 0.8627451 0.8627451
8  0.9565217 0.9565217 0.9347826 0.9347826 0.9565217 0.9565217 0.9782609 0.9782609 0.9782609 0.9782609
9  0.9183673 0.9183673 0.9183673 0.9183673 0.9183673 0.9183673 0.9183673 0.9183673 0.9183673 0.9183673
10 0.9444444 0.9722222 0.9444444 0.9444444 0.9444444 0.9722222 0.9722222 0.9444444 0.9166667 0.9444444
          31        32        33        34        35        36        37        38        39        40
1  0.7916667 0.8125000 0.8125000 0.8750000 0.8958333 0.8958333 0.8958333 0.8958333 0.8958333 0.8958333
2  0.8297872 0.8297872 0.8297872 0.8297872 0.8297872 0.8297872 0.8297872 0.8297872 0.8297872 0.8297872
3  0.8541667 0.8333333 0.8541667 0.8541667 0.8541667 0.8541667 0.8541667 0.8541667 0.8541667 0.8541667
4  0.8823529 0.9019608 0.9019608 0.9019608 0.9019608 0.9019608 0.9019608 0.9019608 0.9019608 0.9019608
5  0.8095238 0.8095238 0.8095238 0.8095238 0.8095238 0.7857143 0.7857143 0.7857143 0.7857143 0.7857143
6  0.9047619 0.9047619 0.9047619 0.8809524 0.8809524 0.8809524 0.8809524 0.8809524 0.8809524 0.8809524
7  0.8627451 0.8627451 0.8627451 0.8823529 0.8627451 0.8431373 0.8431373 0.8431373 0.8431373 0.8235294
8  0.9565217 0.9565217 1.0000000 1.0000000 0.9565217 0.9782609 0.9565217 0.9565217 0.9347826 0.9130435
9  0.9183673 0.9387755 0.9183673 0.9183673 0.9183673 0.9387755 0.9387755 0.9387755 0.9387755 0.9387755
10 0.9444444 0.9166667 0.9166667 0.9166667 0.9166667 0.8888889 0.8888889 0.8888889 0.8611111 0.8611111
          41        42        43        44        45        46        47        48        49        50
1  0.8958333 0.8958333 0.9166667 0.9166667 0.9166667 0.9166667 0.9166667 0.9166667 0.9166667 0.9166667
2  0.8297872 0.8297872 0.8297872 0.8297872 0.8297872 0.8297872 0.8297872 0.8085106 0.8085106 0.8085106
3  0.8333333 0.8333333 0.8333333 0.8333333 0.8333333 0.8333333 0.8333333 0.8333333 0.8333333 0.8333333
4  0.9019608 0.9019608 0.9019608 0.9019608 0.9019608 0.9019608 0.9019608 0.9019608 0.9019608 0.9019608
5  0.7857143 0.7857143 0.7857143 0.7619048 0.7619048 0.7619048 0.7619048 0.7619048 0.7619048 0.7619048
6  0.8809524 0.8809524 0.8809524 0.8809524 0.8809524 0.8809524 0.8809524 0.8809524 0.8809524 0.8809524
7  0.8235294 0.8235294 0.8235294 0.8235294 0.8039216 0.8235294 0.8235294 0.8627451 0.8431373 0.8431373
8  0.9130435 0.9130435 0.9130435 0.9130435 0.9130435 0.9130435 0.9130435 0.9130435 0.9130435 0.9130435
9  0.9387755 0.9387755 0.9387755 0.9387755 0.9387755 0.9387755 0.9387755 0.9387755 0.9387755 0.9387755
10 0.8611111 0.8611111 0.8611111 0.8611111 0.8611111 0.8611111 0.8611111 0.8611111 0.8611111 0.8611111

$`NAIVE BAYES`$`Mean Recalls`
        1         2         3         4         5         6         7         8         9        10 
0.0000000 0.6001584 0.6742787 0.7124016 0.7698541 0.7755661 0.7858310 0.8206274 0.8236283 0.8506516 
       11        12        13        14        15        16        17        18        19        20 
0.8572436 0.8592742 0.8489043 0.8451897 0.8507658 0.8530242 0.8522639 0.8509304 0.8658423 0.8763668 
       21        22        23        24        25        26        27        28        29        30 
0.8905948 0.8798047 0.8700911 0.8748530 0.8756614 0.8669546 0.8710893 0.8639697 0.8550202 0.8624291 
       31        32        33        34        35        36        37        38        39        40 
0.8754338 0.8766576 0.8810480 0.8868778 0.8826525 0.8797477 0.8775738 0.8775738 0.8726221 0.8684874 
       41        42        43        44        45        46        47        48        49        50 
0.8664041 0.8664041 0.8684874 0.8661065 0.8641457 0.8661065 0.8661065 0.8679004 0.8659396 0.8659396 

$`NAIVE BAYES`$`St Dev Recalls`
         1          2          3          4          5          6          7          8          9 
0.00000000 0.10009713 0.09681284 0.09690006 0.10258491 0.10759825 0.08678596 0.07703347 0.08080373 
        10         11         12         13         14         15         16         17         18 
0.09439251 0.08768183 0.06795403 0.06798774 0.05758370 0.05810531 0.06139278 0.06298757 0.06128114 
        19         20         21         22         23         24         25         26         27 
0.05785535 0.06240899 0.06106426 0.06504891 0.06176921 0.05939061 0.06993496 0.07508021 0.07882296 
        28         29         30         31         32         33         34         35         36 
0.07633186 0.07479760 0.07087524 0.05592355 0.05391173 0.05898258 0.05313793 0.04445835 0.05513554 
        37         38         39         40         41         42         43         44         45 
0.05110067 0.05110067 0.04765544 0.04664179 0.04780334 0.04780334 0.04964684 0.05440084 0.05642179 
        46         47         48         49         50 
0.05440084 0.05440084 0.05456857 0.05512385 0.05512385 

$`NAIVE BAYES`$`Micro Ave Recalls`
        1         2         3         4         5         6         7         8         9        10 
      NaN 0.5956522 0.6695652 0.7086957 0.7673913 0.7717391 0.7826087 0.8195652 0.8239130 0.8500000 
       11        12        13        14        15        16        17        18        19        20 
0.8565217 0.8586957 0.8478261 0.8434783 0.8500000 0.8521739 0.8521739 0.8500000 0.8652174 0.8739130 
       21        22        23        24        25        26        27        28        29        30 
0.8891304 0.8782609 0.8695652 0.8739130 0.8739130 0.8652174 0.8695652 0.8630435 0.8543478 0.8608696 
       31        32        33        34        35        36        37        38        39        40 
0.8739130 0.8760870 0.8804348 0.8869565 0.8826087 0.8804348 0.8782609 0.8782609 0.8739130 0.8695652 
       41        42        43        44        45        46        47        48        49        50 
0.8673913 0.8673913 0.8695652 0.8673913 0.8652174 0.8673913 0.8673913 0.8695652 0.8673913 0.8673913 

$`NAIVE BAYES`$`F1 Measure`
   1         2         3         4         5         6         7         8         9        10
1  0 0.5000000 0.5000000 0.5470085 0.5892857 0.6166667 0.6611570 0.7179487 0.7304348 0.7394958
2  0 0.5048544 0.5585586 0.5714286 0.6111111 0.5849057 0.5688073 0.5849057 0.5636364 0.5688073
3  0 0.4489796 0.4948454 0.4854369 0.4778761 0.4909091 0.5438596 0.6166667 0.6434783 0.6260870
4  0 0.5800000 0.6428571 0.7142857 0.7288136 0.6721311 0.6949153 0.7000000 0.7107438 0.7804878
5  0 0.6000000 0.6666667 0.6593407 0.7058824 0.6666667 0.6666667 0.6481481 0.6603774 0.6923077
6  0 0.5806452 0.5918367 0.6041667 0.6250000 0.6060606 0.6138614 0.6470588 0.6355140 0.6481481
7  0 0.6605505 0.6730769 0.7169811 0.7130435 0.6833333 0.6666667 0.7008547 0.6949153 0.6776860
8  0 0.6226415 0.6857143 0.6796117 0.7522936 0.7454545 0.7321429 0.7719298 0.7627119 0.7377049
9  0 0.5168539 0.5849057 0.6306306 0.6551724 0.6551724 0.6386555 0.6776860 0.6829268 0.6771654
10 0 0.6117647 0.6170213 0.6808511 0.6391753 0.6226415 0.6153846 0.5904762 0.5742574 0.6153846
          11        12        13        14        15        16        17        18        19        20
1  0.7394958 0.7179487 0.7118644 0.7008547 0.6554622 0.6240000 0.6446281 0.6557377 0.6504065 0.6400000
2  0.5614035 0.6115702 0.6115702 0.5967742 0.5920000 0.5873016 0.5920000 0.5920000 0.6031746 0.6229508
3  0.6324786 0.6153846 0.5785124 0.5950413 0.6065574 0.5806452 0.5760000 0.5511811 0.5538462 0.5714286
4  0.7868852 0.7580645 0.7258065 0.7049180 0.7096774 0.6821705 0.6875000 0.6771654 0.7031250 0.6976744
5  0.6981132 0.7037037 0.6666667 0.6603774 0.6481481 0.6666667 0.6481481 0.6666667 0.6666667 0.6548673
6  0.6306306 0.6363636 0.6306306 0.6260870 0.6434783 0.6666667 0.6486486 0.6260870 0.6153846 0.6446281
7  0.6890756 0.6833333 0.6776860 0.6612903 0.6771654 0.6875000 0.6818182 0.6769231 0.6766917 0.6818182
8  0.7258065 0.7377049 0.7317073 0.7154472 0.7317073 0.7200000 0.7142857 0.7154472 0.7154472 0.6991870
9  0.6825397 0.6935484 0.6825397 0.6825397 0.6771654 0.6880000 0.6875000 0.6984127 0.7031250 0.6870229
10 0.6037736 0.6019417 0.6037736 0.6095238 0.5849057 0.5904762 0.5849057 0.5740741 0.5871560 0.6126126
          21        22        23        24        25        26        27        28        29        30
1  0.6400000 0.6240000 0.6240000 0.6190476 0.6129032 0.6129032 0.6080000 0.6240000 0.6166667 0.6050420
2  0.6240000 0.6190476 0.6093750 0.5909091 0.5864662 0.6190476 0.6141732 0.6093750 0.6080000 0.6240000
3  0.5692308 0.5692308 0.5692308 0.5606061 0.5581395 0.5625000 0.5669291 0.5468750 0.5669291 0.5801527
4  0.7272727 0.7175573 0.7175573 0.7076923 0.7022901 0.7131783 0.7131783 0.7076923 0.7076923 0.7031250
5  0.6379310 0.6206897 0.6017699 0.6140351 0.6140351 0.6055046 0.6226415 0.6226415 0.6226415 0.6355140
6  0.6341463 0.6000000 0.6050420 0.6218487 0.6500000 0.6065574 0.6166667 0.6153846 0.6153846 0.6153846
7  0.6865672 0.6814815 0.6715328 0.6911765 0.6917293 0.6870229 0.6969697 0.6870229 0.6769231 0.6769231
8  0.7096774 0.7213115 0.7107438 0.7107438 0.7213115 0.7272727 0.7142857 0.7031250 0.7142857 0.7142857
9  0.6766917 0.6818182 0.6818182 0.6766917 0.6716418 0.6666667 0.6521739 0.6474820 0.6521739 0.6569343
10 0.6071429 0.6194690 0.5913043 0.5913043 0.5762712 0.5982906 0.5982906 0.5762712 0.5641026 0.5714286
          31        32        33        34        35        36        37        38        39        40
1  0.6080000 0.6141732 0.6093750 0.6412214 0.6615385 0.6771654 0.6771654 0.6771654 0.6771654 0.6771654
2  0.6190476 0.6141732 0.6290323 0.6240000 0.6190476 0.6190476 0.6141732 0.6093750 0.6093750 0.6093750
3  0.6074074 0.6106870 0.6212121 0.6165414 0.6259542 0.6212121 0.6212121 0.6212121 0.6212121 0.6165414
4  0.6976744 0.7076923 0.7076923 0.7187500 0.7244094 0.7187500 0.7187500 0.7244094 0.7301587 0.7187500
5  0.6296296 0.6238532 0.6238532 0.6238532 0.6017699 0.5892857 0.5892857 0.5892857 0.5892857 0.6000000
6  0.6608696 0.6666667 0.6495726 0.6379310 0.6324786 0.6271186 0.6166667 0.6218487 0.6065574 0.6115702
7  0.6769231 0.6769231 0.6821705 0.6923077 0.6717557 0.6615385 0.6615385 0.6615385 0.6666667 0.6562500
8  0.6875000 0.6616541 0.6764706 0.6764706 0.6567164 0.6666667 0.6717557 0.6717557 0.6615385 0.6363636
9  0.6521739 0.6571429 0.6474820 0.6521739 0.6617647 0.6666667 0.6571429 0.6571429 0.6478873 0.6571429
10 0.6017699 0.5840708 0.5892857 0.5739130 0.5689655 0.5614035 0.5663717 0.5663717 0.5486726 0.5438596
          41        42        43        44        45        46        47        48        49        50
1  0.6718750 0.6718750 0.6616541 0.6666667 0.6717557 0.6666667 0.6666667 0.6717557 0.6717557 0.6717557
2  0.6093750 0.6290323 0.6290323 0.6341463 0.6240000 0.6240000 0.6141732 0.6080000 0.6080000 0.6129032
3  0.6106870 0.6201550 0.6349206 0.6299213 0.6299213 0.6349206 0.6299213 0.6250000 0.6400000 0.6349206
4  0.7187500 0.7076923 0.7076923 0.7076923 0.7131783 0.7076923 0.7076923 0.7022901 0.6969697 0.6969697
5  0.5892857 0.5892857 0.5789474 0.5663717 0.5470085 0.5565217 0.5663717 0.5614035 0.5663717 0.5565217
6  0.6166667 0.6065574 0.6016260 0.5967742 0.5826772 0.5873016 0.5873016 0.5967742 0.5920000 0.6016260
7  0.6363636 0.6412214 0.6511628 0.6511628 0.6356589 0.6268657 0.6268657 0.6518519 0.6417910 0.6323529
8  0.6412214 0.6461538 0.6412214 0.6511628 0.6461538 0.6461538 0.6363636 0.6363636 0.6363636 0.6315789
9  0.6478873 0.6571429 0.6618705 0.6666667 0.6618705 0.6618705 0.6618705 0.6618705 0.6571429 0.6571429
10 0.5636364 0.5688073 0.5585586 0.5391304 0.5486726 0.5535714 0.5535714 0.5438596 0.5438596 0.5344828

$`NAIVE BAYES`$`Mean F1 Measure`
        1         2         3         4         5         6         7         8         9        10 
0.0000000 0.5626290 0.6015483 0.6289742 0.6497654 0.6343942 0.6402117 0.6655675 0.6658996 0.6763275 
       11        12        13        14        15        16        17        18        19        20 
0.6750202 0.6759564 0.6620757 0.6552854 0.6526267 0.6493427 0.6465434 0.6433695 0.6475023 0.6512190 
       21        22        23        24        25        26        27        28        29        30 
0.6512660 0.6454605 0.6382374 0.6384055 0.6384788 0.6398944 0.6403309 0.6339870 0.6344800 0.6382790 
       31        32        33        34        35        36        37        38        39        40 
0.6440996 0.6417037 0.6436146 0.6457162 0.6424401 0.6408855 0.6394062 0.6400105 0.6358519 0.6327018 
       41        42        43        44        45        46        47        48        49        50 
0.6305748 0.6337923 0.6326686 0.6309695 0.6260897 0.6265564 0.6250798 0.6259169 0.6254254 0.6230255 

$`NAIVE BAYES`$`St Dev F1 Measure`
         1          2          3          4          5          6          7          8          9 
0.00000000 0.06658261 0.06855936 0.07634115 0.08121744 0.06824713 0.05674279 0.05945746 0.06411170 
        10         11         12         13         14         15         16         17         18 
0.06451314 0.06815226 0.05608729 0.05374236 0.04590299 0.04854406 0.04977360 0.04824643 0.05520340 
        19         20         21         22         23         24         25         26         27 
0.05521840 0.04152099 0.04841883 0.05152742 0.05269289 0.05380423 0.05704031 0.05489510 0.05151256 
        28         29         30         31         32         33         34         35         36 
0.05302760 0.05258102 0.04888927 0.03567748 0.03796565 0.03644096 0.04153914 0.04280600 0.04614997 
        37         38         39         40         41         42         43         44         45 
0.04582943 0.04700572 0.05152879 0.04802866 0.04365406 0.04057778 0.04358499 0.05059458 0.05332828 
        46         47         48         49         50 
0.04907161 0.04733808 0.04952553 0.04764708 0.04958830 

$`NAIVE BAYES`$`Micro Ave F1 Measure`
        1         2         3         4         5         6         7         8         9        10 
      NaN 0.5632066 0.6015625 0.6281310 0.6500921 0.6356312 0.6411398 0.6672566 0.6684303 0.6788194 
       11        12        13        14        15        16        17        18        19        20 
0.6769759 0.6775300 0.6632653 0.6559594 0.6538462 0.6500829 0.6479339 0.6441516 0.6482085 0.6520681 
       21        22        23        24        25        26        27        28        29        30 
0.6523126 0.6464000 0.6394884 0.6391097 0.6391097 0.6409018 0.6415397 0.6352000 0.6359223 0.6392252 
       31        32        33        34        35        36        37        38        39        40 
0.6447474 0.6427432 0.6449045 0.6471055 0.6439334 0.6428571 0.6412698 0.6417792 0.6375892 0.6344171 
       41        42        43        44        45        46        47        48        49        50 
0.6323296 0.6358566 0.6349206 0.6333333 0.6282557 0.6288416 0.6273585 0.6284368 0.6278521 0.6253918 


$SVM
$SVM$`Accuracy per Fold`
   1         2         3         4         5         6         7         8         9        10
1  0 0.9415121 0.9429387 0.9586305 0.9614836 0.9600571 0.9657632 0.9643367 0.9657632 0.9700428
2  0 0.9420904 0.9491525 0.9604520 0.9590395 0.9562147 0.9604520 0.9590395 0.9590395 0.9576271
3  0 0.9349364 0.9462518 0.9391796 0.9349364 0.9405941 0.9448373 0.9589816 0.9618105 0.9646393
4  0 0.9491525 0.9491525 0.9646893 0.9646893 0.9689266 0.9675141 0.9689266 0.9717514 0.9788136
5  0 0.9590395 0.9646893 0.9703390 0.9731638 0.9731638 0.9731638 0.9703390 0.9731638 0.9759887
6  0 0.9490806 0.9618105 0.9660537 0.9745403 0.9745403 0.9688826 0.9702970 0.9731259 0.9759547
7  0 0.9533898 0.9505650 0.9562147 0.9576271 0.9562147 0.9562147 0.9548023 0.9548023 0.9562147
8  0 0.9519095 0.9589816 0.9688826 0.9717115 0.9674682 0.9660537 0.9688826 0.9731259 0.9787836
9  0 0.9477401 0.9548023 0.9661017 0.9618644 0.9661017 0.9703390 0.9675141 0.9703390 0.9703390
10 0 0.9614836 0.9600571 0.9728959 0.9686163 0.9714693 0.9714693 0.9771755 0.9800285 0.9786020
          11        12        13        14        15        16        17        18        19        20
1  0.9743224 0.9714693 0.9714693 0.9728959 0.9743224 0.9728959 0.9714693 0.9714693 0.9714693 0.9714693
2  0.9590395 0.9703390 0.9689266 0.9689266 0.9703390 0.9717514 0.9675141 0.9689266 0.9703390 0.9703390
3  0.9717115 0.9702970 0.9702970 0.9660537 0.9688826 0.9688826 0.9717115 0.9702970 0.9731259 0.9731259
4  0.9830508 0.9830508 0.9816384 0.9816384 0.9802260 0.9774011 0.9774011 0.9788136 0.9816384 0.9802260
5  0.9788136 0.9774011 0.9774011 0.9745763 0.9745763 0.9745763 0.9745763 0.9745763 0.9745763 0.9717514
6  0.9745403 0.9759547 0.9773692 0.9801980 0.9787836 0.9787836 0.9787836 0.9801980 0.9801980 0.9858557
7  0.9675141 0.9661017 0.9675141 0.9675141 0.9632768 0.9675141 0.9717514 0.9703390 0.9745763 0.9745763
8  0.9801980 0.9816124 0.9816124 0.9816124 0.9830269 0.9830269 0.9816124 0.9830269 0.9844413 0.9830269
9  0.9745763 0.9745763 0.9774011 0.9774011 0.9774011 0.9759887 0.9816384 0.9816384 0.9830508 0.9774011
10 0.9771755 0.9771755 0.9743224 0.9771755 0.9786020 0.9771755 0.9800285 0.9800285 0.9814551 0.9800285
          21        22        23        24        25        26        27        28        29        30
1  0.9700428 0.9686163 0.9700428 0.9714693 0.9714693 0.9714693 0.9700428 0.9714693 0.9714693 0.9686163
2  0.9689266 0.9689266 0.9689266 0.9689266 0.9689266 0.9703390 0.9717514 0.9703390 0.9703390 0.9717514
3  0.9717115 0.9717115 0.9702970 0.9717115 0.9717115 0.9745403 0.9688826 0.9688826 0.9702970 0.9702970
4  0.9844633 0.9830508 0.9830508 0.9830508 0.9830508 0.9830508 0.9844633 0.9844633 0.9830508 0.9830508
5  0.9717514 0.9717514 0.9774011 0.9774011 0.9774011 0.9774011 0.9759887 0.9745763 0.9759887 0.9759887
6  0.9858557 0.9844413 0.9844413 0.9844413 0.9830269 0.9830269 0.9844413 0.9844413 0.9844413 0.9844413
7  0.9745763 0.9745763 0.9745763 0.9745763 0.9745763 0.9745763 0.9745763 0.9745763 0.9745763 0.9759887
8  0.9830269 0.9830269 0.9830269 0.9830269 0.9830269 0.9830269 0.9830269 0.9816124 0.9816124 0.9816124
9  0.9774011 0.9774011 0.9788136 0.9788136 0.9788136 0.9788136 0.9788136 0.9774011 0.9774011 0.9774011
10 0.9814551 0.9800285 0.9800285 0.9814551 0.9828816 0.9828816 0.9828816 0.9814551 0.9814551 0.9814551
          31        32        33        34        35        36        37        38        39        40
1  0.9700428 0.9714693 0.9700428 0.9743224 0.9714693 0.9728959 0.9743224 0.9743224 0.9743224 0.9743224
2  0.9703390 0.9717514 0.9717514 0.9703390 0.9689266 0.9703390 0.9703390 0.9717514 0.9717514 0.9717514
3  0.9773692 0.9759547 0.9731259 0.9731259 0.9731259 0.9731259 0.9745403 0.9759547 0.9759547 0.9773692
4  0.9830508 0.9830508 0.9844633 0.9844633 0.9844633 0.9844633 0.9844633 0.9844633 0.9844633 0.9844633
5  0.9759887 0.9745763 0.9745763 0.9745763 0.9745763 0.9759887 0.9745763 0.9745763 0.9745763 0.9745763
6  0.9872702 0.9872702 0.9872702 0.9858557 0.9844413 0.9830269 0.9830269 0.9830269 0.9830269 0.9830269
7  0.9759887 0.9774011 0.9759887 0.9774011 0.9774011 0.9774011 0.9774011 0.9788136 0.9788136 0.9788136
8  0.9801980 0.9830269 0.9816124 0.9830269 0.9830269 0.9844413 0.9844413 0.9816124 0.9801980 0.9801980
9  0.9759887 0.9788136 0.9788136 0.9802260 0.9759887 0.9759887 0.9759887 0.9759887 0.9759887 0.9759887
10 0.9814551 0.9814551 0.9814551 0.9786020 0.9800285 0.9800285 0.9800285 0.9800285 0.9800285 0.9786020
          41        42        43        44        45        46        47        48        49        50
1  0.9757489 0.9757489 0.9743224 0.9728959 0.9728959 0.9743224 0.9743224 0.9743224 0.9757489 0.9771755
2  0.9717514 0.9717514 0.9717514 0.9717514 0.9717514 0.9717514 0.9717514 0.9717514 0.9717514 0.9717514
3  0.9773692 0.9773692 0.9759547 0.9759547 0.9745403 0.9773692 0.9773692 0.9773692 0.9759547 0.9745403
4  0.9844633 0.9844633 0.9844633 0.9844633 0.9844633 0.9844633 0.9844633 0.9844633 0.9844633 0.9844633
5  0.9745763 0.9745763 0.9745763 0.9745763 0.9731638 0.9731638 0.9731638 0.9731638 0.9731638 0.9731638
6  0.9830269 0.9844413 0.9858557 0.9830269 0.9816124 0.9816124 0.9830269 0.9830269 0.9830269 0.9830269
7  0.9788136 0.9774011 0.9759887 0.9745763 0.9731638 0.9731638 0.9731638 0.9703390 0.9689266 0.9689266
8  0.9801980 0.9801980 0.9787836 0.9773692 0.9787836 0.9787836 0.9787836 0.9801980 0.9801980 0.9801980
9  0.9745763 0.9759887 0.9759887 0.9759887 0.9759887 0.9774011 0.9759887 0.9759887 0.9759887 0.9759887
10 0.9786020 0.9786020 0.9786020 0.9786020 0.9800285 0.9800285 0.9800285 0.9800285 0.9814551 0.9800285

$SVM$`Mean Accuracy`
        1         2         3         4         5         6         7         8         9        10 
0.0000000 0.9490335 0.9538401 0.9623439 0.9627672 0.9634750 0.9644690 0.9660295 0.9682950 0.9707005 
       11        12        13        14        15        16        17        18        19        20 
0.9740942 0.9747978 0.9747952 0.9747992 0.9749437 0.9747996 0.9756487 0.9759314 0.9774870 0.9767800 
       21        22        23        24        25        26        27        28        29        30 
0.9769211 0.9763531 0.9770605 0.9774872 0.9774884 0.9779126 0.9774868 0.9769217 0.9770631 0.9770603 
       31        32        33        34        35        36        37        38        39        40 
0.9777691 0.9784769 0.9779100 0.9781939 0.9773448 0.9777699 0.9779128 0.9780538 0.9779124 0.9779112 
       41        42        43        44        45        46        47        48        49        50 
0.9779126 0.9780540 0.9776287 0.9769205 0.9766392 0.9772060 0.9772062 0.9770651 0.9770677 0.9769263 

$SVM$`St Dev Accuracy`
          1           2           3           4           5           6           7           8 
0.000000000 0.008079957 0.007290326 0.009677716 0.011459768 0.010399960 0.008574334 0.006726415 
          9          10          11          12          13          14          15          16 
0.007748531 0.008610182 0.006874636 0.005325091 0.005082487 0.005797267 0.005981306 0.004695641 
         17          18          19          20          21          22          23          24 
0.004932925 0.005375342 0.005195283 0.005347808 0.006371533 0.006058190 0.005824104 0.005566212 
         25          26          27          28          29          30          31          32 
0.005522967 0.005009505 0.006070406 0.005820403 0.005374978 0.005558202 0.005397785 0.005217483 
         33          34          35          36          37          38          39          40 
0.005726779 0.005182782 0.005509745 0.005045009 0.004863514 0.004181454 0.004070145 0.003965895 
         41          42          43          44          45          46          47          48 
0.003954976 0.004069737 0.004467778 0.004122013 0.004332347 0.004127830 0.004336670 0.004788205 
         49          50 
0.005090051 0.005010174 

$SVM$`Precisions per Fold`
   1         2         3         4         5         6         7         8         9        10
1  0 0.6296296 0.6250000 0.7567568 0.8387097 0.8333333 0.8333333 0.8285714 0.8333333 0.8648649
2  0 0.5937500 0.6571429 0.7714286 0.7368421 0.7105263 0.7317073 0.7250000 0.7500000 0.7428571
3  0 0.5333333 0.6562500 0.5806452 0.5357143 0.6153846 0.6956522 0.7567568 0.7692308 0.7948718
4  0 0.8000000 0.7586207 0.8823529 0.9062500 0.9677419 0.9666667 0.9677419 0.9696970 0.9500000
5  0 0.7096774 0.8148148 0.8387097 0.8108108 0.8484848 0.8709677 0.8620690 0.8709677 0.8787879
6  0 0.6071429 0.7586207 0.8214286 0.8750000 0.8750000 0.8125000 0.8000000 0.8285714 0.8571429
7  0 0.8461538 0.7666667 0.7380952 0.7441860 0.7500000 0.7631579 0.7209302 0.7317073 0.7500000
8  0 0.7142857 0.7931034 0.8157895 0.8250000 0.7804878 0.7619048 0.8000000 0.8139535 0.8604651
9  0 0.7000000 0.7073171 0.7906977 0.7291667 0.7659574 0.8181818 0.8095238 0.8333333 0.8181818
10 0 0.6666667 0.6428571 0.7741935 0.6944444 0.7352941 0.7352941 0.8333333 0.8437500 0.8387097
          11        12        13        14        15        16        17        18        19        20
1  0.9166667 0.8684211 0.8684211 0.8918919 0.8947368 0.8536585 0.8500000 0.8181818 0.8181818 0.8181818
2  0.7647059 0.8421053 0.8048780 0.8048780 0.8250000 0.8648649 0.8157895 0.8205128 0.7954545 0.7954545
3  0.8500000 0.8461538 0.8461538 0.8333333 0.8421053 0.8421053 0.8888889 0.8857143 0.8918919 0.8918919
4  0.9756098 0.9756098 0.9750000 0.9750000 0.9512195 0.9268293 0.9268293 0.9285714 0.9523810 0.9512195
5  0.8857143 0.8421053 0.8421053 0.8000000 0.8000000 0.8000000 0.8000000 0.8000000 0.8157895 0.7750000
6  0.8157895 0.8048780 0.8421053 0.8500000 0.8648649 0.8648649 0.8648649 0.8888889 0.8888889 0.9210526
7  0.8888889 0.8648649 0.8684211 0.8684211 0.7777778 0.7800000 0.8297872 0.8260870 0.8510638 0.8510638
8  0.8809524 0.8837209 0.8666667 0.8666667 0.8695652 0.8695652 0.8510638 0.8695652 0.8888889 0.8695652
9  0.8604651 0.8444444 0.8666667 0.8666667 0.8666667 0.8478261 0.8913043 0.8913043 0.8936170 0.8510638
10 0.7777778 0.7777778 0.7647059 0.7941176 0.8000000 0.7777778 0.8055556 0.8055556 0.8108108 0.8055556
          21        22        23        24        25        26        27        28        29        30
1  0.8139535 0.7954545 0.8292683 0.8333333 0.8333333 0.8333333 0.8139535 0.8333333 0.8333333 0.8095238
2  0.7777778 0.7777778 0.7777778 0.7777778 0.7777778 0.7954545 0.8139535 0.8095238 0.8095238 0.8139535
3  0.8500000 0.8684211 0.8461538 0.8684211 0.8684211 0.8750000 0.8250000 0.8250000 0.8461538 0.8461538
4  0.9545455 0.9333333 0.9333333 0.9333333 0.9333333 0.9333333 0.9347826 0.9347826 0.9333333 0.9333333
5  0.7619048 0.7619048 0.8095238 0.8250000 0.8250000 0.8250000 0.8205128 0.8157895 0.8205128 0.8205128
6  0.9210526 0.8974359 0.8974359 0.9189189 0.8947368 0.8947368 0.9189189 0.8974359 0.8974359 0.8974359
7  0.8510638 0.8510638 0.8666667 0.8510638 0.8666667 0.8666667 0.8666667 0.8837209 0.8837209 0.9047619
8  0.8695652 0.8695652 0.8695652 0.8695652 0.8541667 0.8541667 0.8541667 0.8235294 0.8235294 0.8235294
9  0.8510638 0.8510638 0.8695652 0.8695652 0.8863636 0.8863636 0.8695652 0.8510638 0.8510638 0.8510638
10 0.8108108 0.8055556 0.8235294 0.8285714 0.8333333 0.8333333 0.8333333 0.8285714 0.8285714 0.8108108
          31        32        33        34        35        36        37        38        39        40
1  0.8139535 0.8181818 0.8292683 0.8409091 0.8043478 0.8222222 0.8409091 0.8409091 0.8260870 0.8260870
2  0.7954545 0.8139535 0.8139535 0.7954545 0.7906977 0.7954545 0.7954545 0.7872340 0.7872340 0.7872340
3  0.8636364 0.8444444 0.8372093 0.8222222 0.8222222 0.8222222 0.8260870 0.8444444 0.8444444 0.8478261
4  0.9333333 0.9333333 0.9347826 0.9347826 0.9347826 0.9347826 0.9347826 0.9347826 0.9347826 0.9347826
5  0.8048780 0.7857143 0.7857143 0.7857143 0.7857143 0.8048780 0.8000000 0.8000000 0.8000000 0.8000000
6  0.9230769 0.9024390 0.8837209 0.8636364 0.8604651 0.8571429 0.8409091 0.8409091 0.8409091 0.8409091
7  0.9047619 0.9069767 0.9047619 0.9069767 0.9069767 0.9069767 0.9069767 0.9090909 0.9090909 0.9090909
8  0.8076923 0.8148148 0.8000000 0.8148148 0.8148148 0.8301887 0.8301887 0.8000000 0.7962963 0.7962963
9  0.8478261 0.8541667 0.8541667 0.8571429 0.8333333 0.8333333 0.8333333 0.8333333 0.8333333 0.8333333
10 0.8108108 0.8108108 0.8108108 0.7692308 0.7750000 0.7750000 0.7750000 0.7750000 0.7750000 0.7560976
          41        42        43        44        45        46        47        48        49        50
1  0.8444444 0.8444444 0.8260870 0.8085106 0.8085106 0.8125000 0.8125000 0.8125000 0.8297872 0.8478261
2  0.7872340 0.7872340 0.8000000 0.8000000 0.7872340 0.7872340 0.7872340 0.7872340 0.7872340 0.7872340
3  0.8478261 0.8478261 0.8444444 0.8444444 0.8260870 0.8478261 0.8478261 0.8478261 0.8297872 0.8125000
4  0.9347826 0.9347826 0.9347826 0.9347826 0.9347826 0.9347826 0.9347826 0.9347826 0.9347826 0.9347826
5  0.8000000 0.8000000 0.8000000 0.8000000 0.7948718 0.7804878 0.7804878 0.7804878 0.7804878 0.7804878
6  0.8409091 0.8604651 0.8809524 0.8571429 0.8372093 0.8372093 0.8571429 0.8571429 0.8571429 0.8571429
7  0.9090909 0.8888889 0.8695652 0.8666667 0.8478261 0.8333333 0.8333333 0.8125000 0.7959184 0.7959184
8  0.7962963 0.7962963 0.7924528 0.7777778 0.7924528 0.7924528 0.7924528 0.7962963 0.7857143 0.7857143
9  0.8163265 0.8200000 0.8200000 0.8200000 0.8200000 0.8367347 0.8200000 0.8200000 0.8200000 0.8200000
10 0.7560976 0.7560976 0.7560976 0.7560976 0.7750000 0.7750000 0.7750000 0.7750000 0.7948718 0.7750000

$SVM$`Mean Precisions`
        1         2         3         4         5         6         7         8         9        10 
0.0000000 0.6800639 0.7180393 0.7770098 0.7696124 0.7882210 0.7989366 0.8103926 0.8244544 0.8355881 
       11        12        13        14        15        16        17        18        19        20 
0.8616570 0.8550081 0.8545124 0.8550975 0.8491936 0.8427492 0.8524083 0.8534381 0.8606968 0.8530049 
       21        22        23        24        25        26        27        28        29        30 
0.8461738 0.8411576 0.8522819 0.8575550 0.8573133 0.8597388 0.8550853 0.8502751 0.8527179 0.8511079 
       31        32        33        34        35        36        37        38        39        40 
0.8505424 0.8484835 0.8454388 0.8390884 0.8328355 0.8382201 0.8383641 0.8365704 0.8347178 0.8331657 
       41        42        43        44        45        46        47        48        49        50 
0.8333008 0.8336035 0.8324382 0.8265423 0.8223974 0.8237561 0.8240760 0.8223770 0.8215726 0.8196606 

$SVM$`St Dev Precisions`
         1          2          3          4          5          6          7          8          9 
0.00000000 0.09512367 0.06880599 0.08102879 0.10699466 0.09783868 0.07954637 0.07201465 0.06758635 
        10         11         12         13         14         15         16         17         18 
0.06217520 0.06357875 0.05233094 0.05385798 0.05369831 0.05166687 0.04582358 0.04128418 0.04454835 
        19         20         21         22         23         24         25         26         27 
0.05023787 0.05669752 0.05965536 0.05483760 0.04495129 0.04571354 0.04315912 0.03999388 0.04311253 
        28         29         30         31         32         33         34         35         36 
0.04142874 0.03974815 0.04501947 0.05281789 0.04964772 0.04852786 0.05291982 0.05296085 0.04938227 
        37         38         39         40         41         42         43         44         45 
0.04897629 0.05154800 0.05191460 0.05469531 0.05506021 0.05291336 0.05172235 0.05131621 0.04576020 
        46         47         48         49         50 
0.04718423 0.04809192 0.04785002 0.04683680 0.04921527 

$SVM$`Micro Ave Precisions`
        1         2         3         4         5         6         7         8         9        10 
      NaN 0.6760563 0.7147436 0.7771429 0.7698630 0.7869318 0.7977208 0.8038674 0.8206522 0.8355438 
       11        12        13        14        15        16        17        18        19        20 
0.8635171 0.8560606 0.8560606 0.8560606 0.8493827 0.8422330 0.8529412 0.8536585 0.8609113 0.8523810 
       21        22        23        24        25        26        27        28        29        30 
0.8461538 0.8414918 0.8530806 0.8574822 0.8574822 0.8601896 0.8557920 0.8510638 0.8530806 0.8514151 
       31        32        33        34        35        36        37        38        39        40 
0.8498845 0.8484163 0.8454545 0.8400000 0.8333333 0.8389262 0.8392857 0.8366446 0.8348018 0.8333333 
       41        42        43        44        45        46        47        48        49        50 
0.8333333 0.8336980 0.8325991 0.8263736 0.8227571 0.8242950 0.8242950 0.8225108 0.8211207 0.8193548 

$SVM$`Recalls per Fold`
   1         2         3         4         5         6         7         8         9        10
1  0 0.3541667 0.4166667 0.5833333 0.5416667 0.5208333 0.6250000 0.6041667 0.6250000 0.6666667
2  0 0.4042553 0.4893617 0.5744681 0.5957447 0.5744681 0.6382979 0.6170213 0.5744681 0.5531915
3  0 0.3333333 0.4375000 0.3750000 0.3125000 0.3333333 0.3333333 0.5833333 0.6250000 0.6458333
4  0 0.3921569 0.4313725 0.5882353 0.5686275 0.5882353 0.5686275 0.5882353 0.6274510 0.7450980
5  0 0.5238095 0.5238095 0.6190476 0.7142857 0.6666667 0.6428571 0.5952381 0.6428571 0.6904762
6  0 0.4047619 0.5238095 0.5476190 0.6666667 0.6666667 0.6190476 0.6666667 0.6904762 0.7142857
7  0 0.4313725 0.4509804 0.6078431 0.6274510 0.5882353 0.5686275 0.6078431 0.5882353 0.5882353
8  0 0.4347826 0.5000000 0.6739130 0.7173913 0.6956522 0.6956522 0.6956522 0.7608696 0.8043478
9  0 0.4285714 0.5918367 0.6938776 0.7142857 0.7346939 0.7346939 0.6938776 0.7142857 0.7346939
10 0 0.5000000 0.5000000 0.6666667 0.6944444 0.6944444 0.6944444 0.6944444 0.7500000 0.7222222
          11        12        13        14        15        16        17        18        19        20
1  0.6875000 0.6875000 0.6875000 0.6875000 0.7083333 0.7291667 0.7083333 0.7500000 0.7500000 0.7500000
2  0.5531915 0.6808511 0.7021277 0.7021277 0.7021277 0.6808511 0.6595745 0.6808511 0.7446809 0.7446809
3  0.7083333 0.6875000 0.6875000 0.6250000 0.6666667 0.6666667 0.6666667 0.6458333 0.6875000 0.6875000
4  0.7843137 0.7843137 0.7647059 0.7647059 0.7647059 0.7450980 0.7450980 0.7647059 0.7843137 0.7647059
5  0.7380952 0.7619048 0.7619048 0.7619048 0.7619048 0.7619048 0.7619048 0.7619048 0.7380952 0.7380952
6  0.7380952 0.7857143 0.7619048 0.8095238 0.7619048 0.7619048 0.7619048 0.7619048 0.7619048 0.8333333
7  0.6274510 0.6274510 0.6470588 0.6470588 0.6862745 0.7647059 0.7647059 0.7450980 0.7843137 0.7843137
8  0.8043478 0.8260870 0.8478261 0.8478261 0.8695652 0.8695652 0.8695652 0.8695652 0.8695652 0.8695652
9  0.7551020 0.7755102 0.7959184 0.7959184 0.7959184 0.7959184 0.8367347 0.8367347 0.8571429 0.8163265
10 0.7777778 0.7777778 0.7222222 0.7500000 0.7777778 0.7777778 0.8055556 0.8055556 0.8333333 0.8055556
          21        22        23        24        25        26        27        28        29        30
1  0.7291667 0.7291667 0.7083333 0.7291667 0.7291667 0.7291667 0.7291667 0.7291667 0.7291667 0.7083333
2  0.7446809 0.7446809 0.7446809 0.7446809 0.7446809 0.7446809 0.7446809 0.7234043 0.7234043 0.7446809
3  0.7083333 0.6875000 0.6875000 0.6875000 0.6875000 0.7291667 0.6875000 0.6875000 0.6875000 0.6875000
4  0.8235294 0.8235294 0.8235294 0.8235294 0.8235294 0.8235294 0.8431373 0.8431373 0.8235294 0.8235294
5  0.7619048 0.7619048 0.8095238 0.7857143 0.7857143 0.7857143 0.7619048 0.7380952 0.7619048 0.7619048
6  0.8333333 0.8333333 0.8333333 0.8095238 0.8095238 0.8095238 0.8095238 0.8333333 0.8333333 0.8333333
7  0.7843137 0.7843137 0.7647059 0.7843137 0.7647059 0.7647059 0.7647059 0.7450980 0.7450980 0.7450980
8  0.8695652 0.8695652 0.8695652 0.8695652 0.8913043 0.8913043 0.8913043 0.9130435 0.9130435 0.9130435
9  0.8163265 0.8163265 0.8163265 0.8163265 0.7959184 0.7959184 0.8163265 0.8163265 0.8163265 0.8163265
10 0.8333333 0.8055556 0.7777778 0.8055556 0.8333333 0.8333333 0.8333333 0.8055556 0.8055556 0.8333333
          31        32        33        34        35        36        37        38        39        40
1  0.7291667 0.7500000 0.7083333 0.7708333 0.7708333 0.7708333 0.7708333 0.7708333 0.7916667 0.7916667
2  0.7446809 0.7446809 0.7446809 0.7446809 0.7234043 0.7446809 0.7446809 0.7872340 0.7872340 0.7872340
3  0.7916667 0.7916667 0.7500000 0.7708333 0.7708333 0.7708333 0.7916667 0.7916667 0.7916667 0.8125000
4  0.8235294 0.8235294 0.8431373 0.8431373 0.8431373 0.8431373 0.8431373 0.8431373 0.8431373 0.8431373
5  0.7857143 0.7857143 0.7857143 0.7857143 0.7857143 0.7857143 0.7619048 0.7619048 0.7619048 0.7619048
6  0.8571429 0.8809524 0.9047619 0.9047619 0.8809524 0.8571429 0.8809524 0.8809524 0.8809524 0.8809524
7  0.7450980 0.7647059 0.7450980 0.7647059 0.7647059 0.7647059 0.7647059 0.7843137 0.7843137 0.7843137
8  0.9130435 0.9565217 0.9565217 0.9565217 0.9565217 0.9565217 0.9565217 0.9565217 0.9347826 0.9347826
9  0.7959184 0.8367347 0.8367347 0.8571429 0.8163265 0.8163265 0.8163265 0.8163265 0.8163265 0.8163265
10 0.8333333 0.8333333 0.8333333 0.8333333 0.8611111 0.8611111 0.8611111 0.8611111 0.8611111 0.8611111
          41        42        43        44        45        46        47        48        49        50
1  0.7916667 0.7916667 0.7916667 0.7916667 0.7916667 0.8125000 0.8125000 0.8125000 0.8125000 0.8125000
2  0.7872340 0.7872340 0.7659574 0.7659574 0.7872340 0.7872340 0.7872340 0.7872340 0.7872340 0.7872340
3  0.8125000 0.8125000 0.7916667 0.7916667 0.7916667 0.8125000 0.8125000 0.8125000 0.8125000 0.8125000
4  0.8431373 0.8431373 0.8431373 0.8431373 0.8431373 0.8431373 0.8431373 0.8431373 0.8431373 0.8431373
5  0.7619048 0.7619048 0.7619048 0.7619048 0.7380952 0.7619048 0.7619048 0.7619048 0.7619048 0.7619048
6  0.8809524 0.8809524 0.8809524 0.8571429 0.8571429 0.8571429 0.8571429 0.8571429 0.8571429 0.8571429
7  0.7843137 0.7843137 0.7843137 0.7647059 0.7647059 0.7843137 0.7843137 0.7647059 0.7647059 0.7647059
8  0.9347826 0.9347826 0.9130435 0.9130435 0.9130435 0.9130435 0.9130435 0.9347826 0.9565217 0.9565217
9  0.8163265 0.8367347 0.8367347 0.8367347 0.8367347 0.8367347 0.8367347 0.8367347 0.8367347 0.8367347
10 0.8611111 0.8611111 0.8611111 0.8611111 0.8611111 0.8611111 0.8611111 0.8611111 0.8611111 0.8611111

$SVM$`Mean Recalls`
        1         2         3         4         5         6         7         8         9        10 
0.0000000 0.4207210 0.4865337 0.5930004 0.6153064 0.6063229 0.6120581 0.6346479 0.6598643 0.6865051 
       11        12        13        14        15        16        17        18        19        20 
0.7174208 0.7394610 0.7378669 0.7391565 0.7495179 0.7553559 0.7580043 0.7622153 0.7810850 0.7794076 
       21        22        23        24        25        26        27        28        29        30 
0.7904487 0.7855876 0.7835276 0.7855876 0.7865377 0.7907044 0.7881583 0.7834660 0.7838862 0.7867083 
       31        32        33        34        35        36        37        38        39        40 
0.8019294 0.8167839 0.8108315 0.8231665 0.8173540 0.8171007 0.8191841 0.8254002 0.8253096 0.8273929 
       41        42        43        44        45        46        47        48        49        50 
0.8273929 0.8294337 0.8230488 0.8187071 0.8184538 0.8269622 0.8269622 0.8271753 0.8293492 0.8293492 

$SVM$`St Dev Recalls`
         1          2          3          4          5          6          7          8          9 
0.00000000 0.05839808 0.05357329 0.09011831 0.12415915 0.11690822 0.11161860 0.04729253 0.06533624 
        10         11         12         13         14         15         16         17         18 
0.07541196 0.07745418 0.06351543 0.05979481 0.07212921 0.06028320 0.05732255 0.06802413 0.06630656 
        19         20         21         22         23         24         25         26         27 
0.05737787 0.05327892 0.05285947 0.05492969 0.05774144 0.05258629 0.05819491 0.05141248 0.06118657 
        28         29         30         31         32         33         34         35         36 
0.06968294 0.06679192 0.06883092 0.05681709 0.06525925 0.07874259 0.06876356 0.06905773 0.06404279 
        37         38         39         40         41         42         43         44         45 
0.06659269 0.06077557 0.05392897 0.05287705 0.05287705 0.05279625 0.05159625 0.05108176 0.05266590 
        46         47         48         49         50 
0.04458717 0.04458717 0.05181580 0.05702612 0.05702612 

$SVM$`Micro Ave Recalls`
        1         2         3         4         5         6         7         8         9        10 
      NaN 0.4173913 0.4847826 0.5913043 0.6108696 0.6021739 0.6086957 0.6326087 0.6565217 0.6847826 
       11        12        13        14        15        16        17        18        19        20 
0.7152174 0.7369565 0.7369565 0.7369565 0.7478261 0.7543478 0.7565217 0.7608696 0.7804348 0.7782609 
       21        22        23        24        25        26        27        28        29        30 
0.7891304 0.7847826 0.7826087 0.7847826 0.7847826 0.7891304 0.7869565 0.7826087 0.7826087 0.7847826 
       31        32        33        34        35        36        37        38        39        40 
0.8000000 0.8152174 0.8086957 0.8217391 0.8152174 0.8152174 0.8173913 0.8239130 0.8239130 0.8260870 
       41        42        43        44        45        46        47        48        49        50 
0.8260870 0.8282609 0.8217391 0.8173913 0.8173913 0.8260870 0.8260870 0.8260870 0.8282609 0.8282609 

$SVM$`F1 Measure`
   1         2         3         4         5         6         7         8         9        10
1  0 0.4533333 0.5000000 0.6588235 0.6582278 0.6410256 0.7142857 0.6987952 0.7142857 0.7529412
2  0 0.4810127 0.5609756 0.6585366 0.6588235 0.6352941 0.6818182 0.6666667 0.6506024 0.6341463
3  0 0.4102564 0.5250000 0.4556962 0.3947368 0.4324324 0.4507042 0.6588235 0.6896552 0.7126437
4  0 0.5263158 0.5500000 0.7058824 0.6987952 0.7317073 0.7160494 0.7317073 0.7619048 0.8351648
5  0 0.6027397 0.6376812 0.7123288 0.7594937 0.7466667 0.7397260 0.7042254 0.7397260 0.7733333
6  0 0.4857143 0.6197183 0.6571429 0.7567568 0.7567568 0.7027027 0.7272727 0.7532468 0.7792208
7  0 0.5714286 0.5679012 0.6666667 0.6808511 0.6593407 0.6516854 0.6595745 0.6521739 0.6593407
8  0 0.5405405 0.6133333 0.7380952 0.7674419 0.7356322 0.7272727 0.7441860 0.7865169 0.8314607
9  0 0.5316456 0.6444444 0.7391304 0.7216495 0.7500000 0.7741935 0.7472527 0.7692308 0.7741935
10 0 0.5714286 0.5625000 0.7164179 0.6944444 0.7142857 0.7142857 0.7575758 0.7941176 0.7761194
          11        12        13        14        15        16        17        18        19        20
1  0.7857143 0.7674419 0.7674419 0.7764706 0.7906977 0.7865169 0.7727273 0.7826087 0.7826087 0.7826087
2  0.6419753 0.7529412 0.7500000 0.7500000 0.7586207 0.7619048 0.7294118 0.7441860 0.7692308 0.7692308
3  0.7727273 0.7586207 0.7586207 0.7142857 0.7441860 0.7441860 0.7619048 0.7469880 0.7764706 0.7764706
4  0.8695652 0.8695652 0.8571429 0.8571429 0.8478261 0.8260870 0.8260870 0.8387097 0.8602151 0.8478261
5  0.8051948 0.8000000 0.8000000 0.7804878 0.7804878 0.7804878 0.7804878 0.7804878 0.7750000 0.7560976
6  0.7750000 0.7951807 0.8000000 0.8292683 0.8101266 0.8101266 0.8101266 0.8205128 0.8205128 0.8750000
7  0.7356322 0.7272727 0.7415730 0.7415730 0.7291667 0.7722772 0.7959184 0.7835052 0.8163265 0.8163265
8  0.8409091 0.8539326 0.8571429 0.8571429 0.8695652 0.8695652 0.8602151 0.8695652 0.8791209 0.8695652
9  0.8043478 0.8085106 0.8297872 0.8297872 0.8297872 0.8210526 0.8631579 0.8631579 0.8750000 0.8333333
10 0.7777778 0.7777778 0.7428571 0.7714286 0.7887324 0.7777778 0.8055556 0.8055556 0.8219178 0.8055556
          21        22        23        24        25        26        27        28        29        30
1  0.7692308 0.7608696 0.7640449 0.7777778 0.7777778 0.7777778 0.7692308 0.7777778 0.7777778 0.7555556
2  0.7608696 0.7608696 0.7608696 0.7608696 0.7608696 0.7692308 0.7777778 0.7640449 0.7640449 0.7777778
3  0.7727273 0.7674419 0.7586207 0.7674419 0.7674419 0.7954545 0.7500000 0.7500000 0.7586207 0.7586207
4  0.8842105 0.8750000 0.8750000 0.8750000 0.8750000 0.8750000 0.8865979 0.8865979 0.8750000 0.8750000
5  0.7619048 0.7619048 0.8095238 0.8048780 0.8048780 0.8048780 0.7901235 0.7750000 0.7901235 0.7901235
6  0.8750000 0.8641975 0.8641975 0.8607595 0.8500000 0.8500000 0.8607595 0.8641975 0.8641975 0.8641975
7  0.8163265 0.8163265 0.8125000 0.8163265 0.8125000 0.8125000 0.8125000 0.8085106 0.8085106 0.8172043
8  0.8695652 0.8695652 0.8695652 0.8695652 0.8723404 0.8723404 0.8723404 0.8659794 0.8659794 0.8659794
9  0.8333333 0.8333333 0.8421053 0.8421053 0.8387097 0.8387097 0.8421053 0.8333333 0.8333333 0.8333333
10 0.8219178 0.8055556 0.8000000 0.8169014 0.8333333 0.8333333 0.8333333 0.8169014 0.8169014 0.8219178
          31        32        33        34        35        36        37        38        39        40
1  0.7692308 0.7826087 0.7640449 0.8043478 0.7872340 0.7956989 0.8043478 0.8043478 0.8085106 0.8085106
2  0.7692308 0.7777778 0.7777778 0.7692308 0.7555556 0.7692308 0.7692308 0.7872340 0.7872340 0.7872340
3  0.8260870 0.8172043 0.7912088 0.7956989 0.7956989 0.7956989 0.8085106 0.8172043 0.8172043 0.8297872
4  0.8750000 0.8750000 0.8865979 0.8865979 0.8865979 0.8865979 0.8865979 0.8865979 0.8865979 0.8865979
5  0.7951807 0.7857143 0.7857143 0.7857143 0.7857143 0.7951807 0.7804878 0.7804878 0.7804878 0.7804878
6  0.8888889 0.8915663 0.8941176 0.8837209 0.8705882 0.8571429 0.8604651 0.8604651 0.8604651 0.8604651
7  0.8172043 0.8297872 0.8172043 0.8297872 0.8297872 0.8297872 0.8297872 0.8421053 0.8421053 0.8421053
8  0.8571429 0.8800000 0.8712871 0.8800000 0.8800000 0.8888889 0.8888889 0.8712871 0.8600000 0.8600000
9  0.8210526 0.8453608 0.8453608 0.8571429 0.8247423 0.8247423 0.8247423 0.8247423 0.8247423 0.8247423
10 0.8219178 0.8219178 0.8219178 0.8000000 0.8157895 0.8157895 0.8157895 0.8157895 0.8157895 0.8051948
          41        42        43        44        45        46        47        48        49        50
1  0.8172043 0.8172043 0.8085106 0.8000000 0.8000000 0.8125000 0.8125000 0.8125000 0.8210526 0.8297872
2  0.7872340 0.7872340 0.7826087 0.7826087 0.7872340 0.7872340 0.7872340 0.7872340 0.7872340 0.7872340
3  0.8297872 0.8297872 0.8172043 0.8172043 0.8085106 0.8297872 0.8297872 0.8297872 0.8210526 0.8125000
4  0.8865979 0.8865979 0.8865979 0.8865979 0.8865979 0.8865979 0.8865979 0.8865979 0.8865979 0.8865979
5  0.7804878 0.7804878 0.7804878 0.7804878 0.7654321 0.7710843 0.7710843 0.7710843 0.7710843 0.7710843
6  0.8604651 0.8705882 0.8809524 0.8571429 0.8470588 0.8470588 0.8571429 0.8571429 0.8571429 0.8571429
7  0.8421053 0.8333333 0.8247423 0.8125000 0.8041237 0.8080808 0.8080808 0.7878788 0.7800000 0.7800000
8  0.8600000 0.8600000 0.8484848 0.8400000 0.8484848 0.8484848 0.8484848 0.8600000 0.8627451 0.8627451
9  0.8163265 0.8282828 0.8282828 0.8282828 0.8282828 0.8367347 0.8282828 0.8282828 0.8282828 0.8282828
10 0.8051948 0.8051948 0.8051948 0.8051948 0.8157895 0.8157895 0.8157895 0.8157895 0.8266667 0.8157895

$SVM$`Mean F1 Measure`
        1         2         3         4         5         6         7         8         9        10 
0.0000000 0.5174415 0.5781554 0.6708721 0.6791221 0.6803141 0.6872724 0.7096080 0.7311460 0.7528564 
       11        12        13        14        15        16        17        18        19        20 
0.7808844 0.7911243 0.7904566 0.7907587 0.7949196 0.7949982 0.8005592 0.8035277 0.8176403 0.8132014 
       21        22        23        24        25        26        27        28        29        30 
0.8165086 0.8115064 0.8156427 0.8191625 0.8192851 0.8229225 0.8194768 0.8142343 0.8154489 0.8159710 
       31        32        33        34        35        36        37        38        39        40 
0.8240936 0.8306937 0.8255231 0.8292241 0.8231708 0.8258758 0.8268848 0.8290261 0.8283137 0.8285125 
       41        42        43        44        45        46        47        48        49        50 
0.8285403 0.8298711 0.8263067 0.8210019 0.8191514 0.8243352 0.8244984 0.8236297 0.8241859 0.8231164 

$SVM$`St Dev F1 Measure`
         1          2          3          4          5          6          7          8          9 
0.00000000 0.05948973 0.04861914 0.08232802 0.10772602 0.09855246 0.08925185 0.03769226 0.05240822 
        10         11         12         13         14         15         16         17         18 
0.06626418 0.06154169 0.04450446 0.04528725 0.04992421 0.04508930 0.03682809 0.04216465 0.04413944 
        19         20         21         22         23         24         25         26         27 
0.04215674 0.04235782 0.04871851 0.04742698 0.04557620 0.04205542 0.04151793 0.03705038 0.04679615 
        28         29         30         31         32         33         34         35         36 
0.04752595 0.04317728 0.04436628 0.04055638 0.04177980 0.04693592 0.04435807 0.04425013 0.04045012 
        37         38         39         40         41         42         43         44         45 
0.04081955 0.03544144 0.03380506 0.03422316 0.03399853 0.03467962 0.03647459 0.03319308 0.03479034 
        46         47         48         49         50 
0.03308095 0.03378148 0.03654468 0.03748840 0.03778540 

$SVM$`Micro Ave F1 Measure`
        1         2         3         4         5         6         7         8         9        10 
      NaN 0.5161290 0.5777202 0.6716049 0.6812121 0.6822660 0.6905055 0.7080292 0.7294686 0.7526882 
       11        12        13        14        15        16        17        18        19        20 
0.7824019 0.7920561 0.7920561 0.7920561 0.7953757 0.7958716 0.8018433 0.8045977 0.8187001 0.8136364 
       21        22        23        24        25        26        27        28        29        30 
0.8166479 0.8121485 0.8163265 0.8195233 0.8195233 0.8231293 0.8199320 0.8154020 0.8163265 0.8167421 
       31        32        33        34        35        36        37        38        39        40 
0.8241881 0.8314856 0.8266667 0.8307692 0.8241758 0.8269019 0.8281938 0.8302300 0.8293217 0.8296943 
       41        42        43        44        45        46        47        48        49        50 
0.8296943 0.8309706 0.8271335 0.8218579 0.8200654 0.8251900 0.8251900 0.8242950 0.8246753 0.8237838 

