> chisq_4
$`NAIVE BAYES`
$`NAIVE BAYES`$`Accuracy per Fold`
   1         2         3         4         5         6         7         8         9        10
1  0 0.9771755 0.9671897 0.9714693 0.9671897 0.9671897 0.9671897 0.9714693 0.9700428 0.9743224
2  0 0.9745763 0.9689266 0.9745763 0.9675141 0.9661017 0.9717514 0.9731638 0.9731638 0.9689266
3  0 0.9745403 0.9632249 0.9618105 0.9646393 0.9688826 0.9688826 0.9688826 0.9674682 0.9618105
4  0 0.9745763 0.9646893 0.9788136 0.9731638 0.9731638 0.9731638 0.9745763 0.9759887 0.9689266
5  0 0.9788136 0.9661017 0.9689266 0.9689266 0.9646893 0.9632768 0.9661017 0.9604520 0.9590395
6  0 0.9773692 0.9618105 0.9618105 0.9688826 0.9702970 0.9702970 0.9688826 0.9745403 0.9674682
7  0 0.9745763 0.9646893 0.9604520 0.9618644 0.9618644 0.9675141 0.9689266 0.9661017 0.9675141
8  0 0.9745403 0.9646393 0.9603960 0.9660537 0.9603960 0.9632249 0.9632249 0.9646393 0.9660537
9  0 0.9802260 0.9731638 0.9703390 0.9604520 0.9632768 0.9632768 0.9604520 0.9562147 0.9519774
10 0 0.9643367 0.9728959 0.9728959 0.9728959 0.9700428 0.9686163 0.9671897 0.9657632 0.9671897
          11        12        13        14        15        16        17        18        19        20
1  0.9714693 0.9657632 0.9629101 0.9600571 0.9614836 0.9629101 0.9629101 0.9629101 0.9600571 0.9572040
2  0.9689266 0.9759887 0.9759887 0.9802260 0.9745763 0.9703390 0.9689266 0.9717514 0.9661017 0.9632768
3  0.9632249 0.9632249 0.9646393 0.9603960 0.9603960 0.9603960 0.9547383 0.9561528 0.9575672 0.9589816
4  0.9703390 0.9717514 0.9731638 0.9717514 0.9717514 0.9675141 0.9689266 0.9646893 0.9646893 0.9661017
5  0.9604520 0.9646893 0.9661017 0.9675141 0.9675141 0.9646893 0.9604520 0.9576271 0.9576271 0.9590395
6  0.9702970 0.9660537 0.9674682 0.9660537 0.9660537 0.9660537 0.9618105 0.9618105 0.9646393 0.9660537
7  0.9632768 0.9618644 0.9632768 0.9689266 0.9661017 0.9661017 0.9562147 0.9505650 0.9505650 0.9463277
8  0.9660537 0.9646393 0.9603960 0.9533239 0.9533239 0.9547383 0.9547383 0.9533239 0.9519095 0.9504950
9  0.9562147 0.9548023 0.9519774 0.9533898 0.9519774 0.9548023 0.9590395 0.9576271 0.9576271 0.9562147
10 0.9657632 0.9643367 0.9600571 0.9600571 0.9643367 0.9657632 0.9657632 0.9657632 0.9657632 0.9671897
          21        22        23        24        25        26        27        28        29        30
1  0.9572040 0.9572040 0.9572040 0.9557775 0.9543509 0.9557775 0.9557775 0.9557775 0.9514979 0.9514979
2  0.9661017 0.9646893 0.9661017 0.9661017 0.9646893 0.9632768 0.9604520 0.9604520 0.9604520 0.9576271
3  0.9561528 0.9589816 0.9618105 0.9646393 0.9632249 0.9618105 0.9632249 0.9632249 0.9632249 0.9603960
4  0.9632768 0.9632768 0.9632768 0.9632768 0.9632768 0.9646893 0.9646893 0.9661017 0.9618644 0.9590395
5  0.9590395 0.9590395 0.9604520 0.9618644 0.9604520 0.9632768 0.9590395 0.9604520 0.9604520 0.9576271
6  0.9674682 0.9674682 0.9674682 0.9674682 0.9660537 0.9660537 0.9646393 0.9646393 0.9618105 0.9618105
7  0.9491525 0.9519774 0.9519774 0.9519774 0.9533898 0.9562147 0.9562147 0.9548023 0.9548023 0.9519774
8  0.9519095 0.9504950 0.9490806 0.9476662 0.9490806 0.9476662 0.9476662 0.9476662 0.9434229 0.9405941
9  0.9590395 0.9590395 0.9576271 0.9576271 0.9562147 0.9533898 0.9505650 0.9505650 0.9505650 0.9505650
10 0.9700428 0.9700428 0.9686163 0.9700428 0.9671897 0.9671897 0.9657632 0.9657632 0.9643367 0.9629101
          31        32        33        34        35        36        37        38        39        40
1  0.9514979 0.9500713 0.9500713 0.9500713 0.9514979 0.9486448 0.9486448 0.9457917 0.9457917 0.9457917
2  0.9576271 0.9576271 0.9576271 0.9519774 0.9463277 0.9477401 0.9463277 0.9463277 0.9463277 0.9463277
3  0.9589816 0.9575672 0.9547383 0.9547383 0.9519095 0.9519095 0.9519095 0.9519095 0.9533239 0.9533239
4  0.9562147 0.9562147 0.9562147 0.9562147 0.9576271 0.9548023 0.9519774 0.9519774 0.9519774 0.9505650
5  0.9562147 0.9576271 0.9590395 0.9590395 0.9590395 0.9590395 0.9590395 0.9576271 0.9576271 0.9548023
6  0.9561528 0.9561528 0.9547383 0.9561528 0.9561528 0.9561528 0.9561528 0.9561528 0.9561528 0.9561528
7  0.9519774 0.9505650 0.9491525 0.9491525 0.9477401 0.9477401 0.9477401 0.9477401 0.9477401 0.9477401
8  0.9420085 0.9448373 0.9448373 0.9448373 0.9434229 0.9434229 0.9405941 0.9405941 0.9405941 0.9420085
9  0.9548023 0.9562147 0.9548023 0.9533898 0.9533898 0.9548023 0.9562147 0.9576271 0.9533898 0.9519774
10 0.9629101 0.9629101 0.9586305 0.9572040 0.9572040 0.9572040 0.9572040 0.9600571 0.9586305 0.9586305
          41        42        43        44        45        46        47        48        49        50
1  0.9457917 0.9443652 0.9429387 0.9429387 0.9400856 0.9400856 0.9400856 0.9386591 0.9358060 0.9329529
2  0.9449153 0.9449153 0.9449153 0.9435028 0.9449153 0.9449153 0.9420904 0.9406780 0.9392655 0.9350282
3  0.9533239 0.9547383 0.9533239 0.9490806 0.9490806 0.9519095 0.9504950 0.9490806 0.9504950 0.9476662
4  0.9505650 0.9505650 0.9491525 0.9477401 0.9435028 0.9420904 0.9406780 0.9378531 0.9392655 0.9406780
5  0.9533898 0.9519774 0.9463277 0.9406780 0.9406780 0.9378531 0.9364407 0.9350282 0.9293785 0.9307910
6  0.9533239 0.9504950 0.9504950 0.9476662 0.9476662 0.9448373 0.9391796 0.9391796 0.9306931 0.9335219
7  0.9477401 0.9477401 0.9477401 0.9463277 0.9406780 0.9364407 0.9350282 0.9307910 0.9265537 0.9251412
8  0.9420085 0.9391796 0.9335219 0.9292786 0.9292786 0.9236209 0.9250354 0.9207921 0.9222065 0.9207921
9  0.9533898 0.9533898 0.9519774 0.9505650 0.9491525 0.9463277 0.9406780 0.9392655 0.9378531 0.9364407
10 0.9572040 0.9472183 0.9457917 0.9457917 0.9457917 0.9443652 0.9386591 0.9358060 0.9329529 0.9315264

$`NAIVE BAYES`$`Mean Accuracy`
        1         2         3         4         5         6         7         8         9        10 
0.0000000 0.9750730 0.9667331 0.9681490 0.9671582 0.9665904 0.9677194 0.9682869 0.9674375 0.9653229 
       11        12        13        14        15        16        17        18        19        20 
0.9656017 0.9653114 0.9645979 0.9641696 0.9637515 0.9633308 0.9613520 0.9602220 0.9596546 0.9590885 
       21        22        23        24        25        26        27        28        29        30 
0.9599387 0.9602214 0.9603615 0.9606441 0.9597923 0.9599345 0.9588032 0.9589444 0.9572428 0.9554045 
       31        32        33        34        35        36        37        38        39        40 
0.9548387 0.9549787 0.9539852 0.9532778 0.9524311 0.9521458 0.9515805 0.9515805 0.9511555 0.9507320 
       41        42        43        44        45        46        47        48        49        50 
0.9501652 0.9484584 0.9466184 0.9443569 0.9430829 0.9412446 0.9388370 0.9367133 0.9344470 0.9334539 

$`NAIVE BAYES`$`St Dev Accuracy`
          1           2           3           4           5           6           7           8 
0.000000000 0.004305223 0.003859055 0.006614018 0.004160383 0.004082750 0.003569884 0.004315042 
          9          10          11          12          13          14          15          16 
0.006238936 0.006238825 0.004897754 0.005624350 0.006796837 0.008396787 0.007228527 0.005215633 
         17          18          19          20          21          22          23          24 
0.005342440 0.006361389 0.005621627 0.006907174 0.006767159 0.006274055 0.006473885 0.007191006 
         25          26          27          28          29          30          31          32 
0.006150044 0.006350984 0.006211370 0.006477506 0.006859479 0.006791801 0.005573393 0.005104250 
         33          34          35          36          37          38          39          40 
0.004588851 0.004318960 0.005268018 0.005060744 0.005788581 0.006348220 0.005853650 0.005222714 
         41          42          43          44          45          46          47          48 
0.004825372 0.004739704 0.005628479 0.006081148 0.005923590 0.007622548 0.006374561 0.007292104 
         49          50 
0.007969197 0.007498592 

$`NAIVE BAYES`$`Precisions per Fold`
   1         2         3         4         5         6         7         8         9        10
1  0 0.8571429 0.6756757 0.7105263 0.6382979 0.6382979 0.6444444 0.6600000 0.6530612 0.7045455
2  0 0.8620690 0.7073171 0.7441860 0.6600000 0.6415094 0.7021277 0.7272727 0.7380952 0.6888889
3  0 0.8205128 0.6666667 0.6739130 0.6666667 0.6909091 0.7142857 0.7058824 0.6923077 0.6481481
4  0 1.0000000 0.9032258 0.9069767 0.7924528 0.7818182 0.7818182 0.7857143 0.8113208 0.7500000
5  0 0.8928571 0.6756757 0.7142857 0.6470588 0.6153846 0.6037736 0.6226415 0.5789474 0.5689655
6  0 0.9032258 0.6400000 0.6521739 0.6862745 0.7000000 0.7173913 0.7021277 0.7674419 0.6875000
7  0 0.7714286 0.6764706 0.5918367 0.5892857 0.5892857 0.6346154 0.6470588 0.6274510 0.6346154
8  0 0.8636364 0.6551724 0.6000000 0.6190476 0.5750000 0.6052632 0.6111111 0.6285714 0.6470588
9  0 0.9375000 0.8965517 0.7234043 0.6250000 0.6481481 0.6481481 0.6296296 0.5964912 0.5689655
10 0 0.6785714 0.7857143 0.7666667 0.6904762 0.6521739 0.6444444 0.6363636 0.6222222 0.6428571
          11        12        13        14        15        16        17        18        19        20
1  0.6818182 0.6250000 0.6086957 0.5833333 0.5918367 0.6000000 0.5925926 0.5925926 0.5714286 0.5517241
2  0.6888889 0.7291667 0.7291667 0.7777778 0.7142857 0.6730769 0.6603774 0.6862745 0.6470588 0.6274510
3  0.6440678 0.6491228 0.6551724 0.6271186 0.6315789 0.6271186 0.5873016 0.5909091 0.6031746 0.6129032
4  0.7843137 0.7884615 0.8039216 0.7678571 0.7777778 0.7454545 0.7692308 0.7450980 0.7450980 0.7500000
5  0.5818182 0.6153846 0.6274510 0.6346154 0.6346154 0.6111111 0.5818182 0.5614035 0.5614035 0.5714286
6  0.7272727 0.6808511 0.6956522 0.6808511 0.6888889 0.6808511 0.6400000 0.6400000 0.6739130 0.6734694
7  0.6000000 0.5892857 0.6000000 0.6415094 0.6274510 0.6226415 0.5500000 0.5156250 0.5156250 0.4923077
8  0.6470588 0.6285714 0.5750000 0.5111111 0.5116279 0.5238095 0.5238095 0.5111111 0.5000000 0.4893617
9  0.6000000 0.5892857 0.5740741 0.5762712 0.5666667 0.5862069 0.6140351 0.6034483 0.6071429 0.5964912
10 0.6341463 0.6250000 0.5813953 0.5777778 0.6190476 0.6279070 0.6279070 0.6279070 0.6222222 0.6363636
          21        22        23        24        25        26        27        28        29        30
1  0.5517241 0.5517241 0.5517241 0.5438596 0.5357143 0.5454545 0.5454545 0.5454545 0.5172414 0.5172414
2  0.6530612 0.6400000 0.6530612 0.6530612 0.6400000 0.6226415 0.6000000 0.6000000 0.6000000 0.5789474
3  0.5967742 0.6166667 0.6333333 0.6500000 0.6349206 0.6250000 0.6349206 0.6349206 0.6349206 0.6153846
4  0.7142857 0.7142857 0.7142857 0.7142857 0.7142857 0.7192982 0.7192982 0.7241379 0.6885246 0.6666667
5  0.5714286 0.5714286 0.5818182 0.5925926 0.5818182 0.6000000 0.5689655 0.5789474 0.5789474 0.5593220
6  0.6800000 0.6800000 0.6800000 0.6800000 0.6666667 0.6666667 0.6538462 0.6538462 0.6296296 0.6296296
7  0.5079365 0.5245902 0.5245902 0.5245902 0.5322581 0.5500000 0.5500000 0.5409836 0.5409836 0.5238095
8  0.5000000 0.4901961 0.4807692 0.4716981 0.4814815 0.4716981 0.4727273 0.4727273 0.4482759 0.4333333
9  0.6140351 0.6140351 0.6034483 0.6034483 0.5901639 0.5714286 0.5538462 0.5538462 0.5538462 0.5538462
10 0.6521739 0.6521739 0.6382979 0.6521739 0.6250000 0.6250000 0.6122449 0.6122449 0.6000000 0.5882353
          31        32        33        34        35        36        37        38        39        40
1  0.5172414 0.5084746 0.5084746 0.5084746 0.5172414 0.5000000 0.5000000 0.4838710 0.4838710 0.4838710
2  0.5789474 0.5789474 0.5762712 0.5409836 0.5079365 0.5161290 0.5079365 0.5079365 0.5079365 0.5079365
3  0.6060606 0.6000000 0.5846154 0.5846154 0.5714286 0.5714286 0.5714286 0.5714286 0.5806452 0.5806452
4  0.6461538 0.6461538 0.6461538 0.6461538 0.6562500 0.6363636 0.6176471 0.6176471 0.6176471 0.6086957
5  0.5500000 0.5573770 0.5666667 0.5666667 0.5666667 0.5666667 0.5666667 0.5573770 0.5573770 0.5396825
6  0.5862069 0.5862069 0.5762712 0.5862069 0.5862069 0.5862069 0.5862069 0.5862069 0.5862069 0.5862069
7  0.5238095 0.5156250 0.5076923 0.5076923 0.5000000 0.5000000 0.5000000 0.5000000 0.5000000 0.5000000
8  0.4406780 0.4561404 0.4561404 0.4561404 0.4464286 0.4482759 0.4310345 0.4310345 0.4310345 0.4406780
9  0.5806452 0.5901639 0.5806452 0.5714286 0.5714286 0.5806452 0.5901639 0.6000000 0.5714286 0.5625000
10 0.5882353 0.5882353 0.5555556 0.5454545 0.5454545 0.5454545 0.5454545 0.5660377 0.5555556 0.5555556
          41        42        43        44        45        46        47        48        49        50
1  0.4838710 0.4761905 0.4687500 0.4687500 0.4545455 0.4558824 0.4558824 0.4507042 0.4383562 0.4266667
2  0.5000000 0.5000000 0.5000000 0.4923077 0.5000000 0.5000000 0.4857143 0.4788732 0.4722222 0.4533333
3  0.5806452 0.5901639 0.5806452 0.5538462 0.5507246 0.5652174 0.5555556 0.5479452 0.5555556 0.5405405
4  0.6086957 0.6086957 0.6000000 0.5915493 0.5675676 0.5600000 0.5526316 0.5375000 0.5443038 0.5512821
5  0.5312500 0.5230769 0.4927536 0.4657534 0.4657534 0.4533333 0.4473684 0.4415584 0.4216867 0.4250000
6  0.5666667 0.5483871 0.5483871 0.5312500 0.5312500 0.5151515 0.4857143 0.4857143 0.4473684 0.4594595
7  0.5000000 0.5000000 0.5000000 0.4925373 0.4647887 0.4459459 0.4400000 0.4230769 0.4074074 0.4024390
8  0.4406780 0.4262295 0.4000000 0.3823529 0.3823529 0.3648649 0.3698630 0.3552632 0.3600000 0.3552632
9  0.5714286 0.5714286 0.5625000 0.5538462 0.5454545 0.5294118 0.5000000 0.4931507 0.4864865 0.4800000
10 0.5471698 0.4833333 0.4754098 0.4754098 0.4754098 0.4677419 0.4393939 0.4264706 0.4142857 0.4084507

$`NAIVE BAYES`$`Mean Precisions`
        1         2         3         4         5         6         7         8         9        10 
0.0000000 0.8586944 0.7282470 0.7083969 0.6614560 0.6532527 0.6696312 0.6727802 0.6715910 0.6541545 
       11        12        13        14        15        16        17        18        19        20 
0.6589385 0.6520130 0.6450529 0.6378223 0.6363777 0.6298177 0.6147072 0.6074369 0.6047067 0.6001501 
       21        22        23        24        25        26        27        28        29        30 
0.6041419 0.6055100 0.6061328 0.6085710 0.6002309 0.5997188 0.5911303 0.5917109 0.5792369 0.5666416 
       31        32        33        34        35        36        37        38        39        40 
0.5617978 0.5627324 0.5558486 0.5513817 0.5469042 0.5451170 0.5416539 0.5421539 0.5391702 0.5365771 
       41        42        43        44        45        46        47        48        49        50 
0.5330405 0.5227505 0.5128446 0.5007603 0.4937847 0.4857549 0.4732123 0.4640257 0.4547673 0.4502435 

$`NAIVE BAYES`$`St Dev Precisions`
         1          2          3          4          5          6          7          8          9 
0.00000000 0.08874645 0.09877723 0.09071380 0.05550496 0.05978705 0.05710987 0.05578789 0.07772191 
        10         11         12         13         14         15         16         17         18 
0.05691530 0.06296469 0.06379730 0.07647527 0.08492165 0.07574317 0.05989690 0.06794518 0.07225105 
        19         20         21         22         23         24         25         26         27 
0.07340123 0.07967821 0.07200096 0.07058874 0.07230652 0.07610719 0.07003584 0.06927503 0.06870309 
        28         29         30         31         32         33         34         35         36 
0.07009660 0.06794478 0.06602144 0.05701540 0.05489226 0.05276128 0.05259752 0.05753306 0.05449054 
        37         38         39         40         41         42         43         44         45 
0.05625673 0.05900796 0.05675777 0.05247303 0.05156328 0.05679501 0.06030950 0.05949849 0.05648897 
        46         47         48         49         50 
0.06079727 0.05579134 0.05732828 0.06125247 0.06109059 

$`NAIVE BAYES`$`Micro Ave Precisions`
        1         2         3         4         5         6         7         8         9        10 
      NaN 0.8585526 0.7166213 0.7076167 0.6613546 0.6555118 0.6714876 0.6748971 0.6694215 0.6517312 
       11        12        13        14        15        16        17        18        19        20 
0.6563147 0.6517312 0.6463415 0.6385069 0.6374502 0.6315789 0.6143667 0.6048237 0.6014898 0.5970425 
       21        22        23        24        25        26        27        28        29        30 
0.6014625 0.6036697 0.6043956 0.6066176 0.5989209 0.5992844 0.5905097 0.5912281 0.5790378 0.5663866 
       31        32        33        34        35        36        37        38        39        40 
0.5626043 0.5635452 0.5570248 0.5526316 0.5478548 0.5459016 0.5424837 0.5424837 0.5398374 0.5370968 
       41        42        43        44        45        46        47        48        49        50 
0.5337621 0.5236593 0.5131376 0.5007541 0.4941176 0.4849785 0.4735376 0.4640434 0.4543046 0.4500000 

$`NAIVE BAYES`$`Recalls per Fold`
   1         2         3         4         5         6         7         8         9        10
1  0 0.6666667 0.6944444 0.7500000 0.8333333 0.8333333 0.8055556 0.9166667 0.8888889 0.8611111
2  0 0.6410256 0.7435897 0.8205128 0.8461538 0.8717949 0.8461538 0.8205128 0.7948718 0.7948718
3  0 0.7441860 0.7906977 0.7209302 0.8372093 0.8837209 0.8139535 0.8372093 0.8372093 0.8139535
4  0 0.6400000 0.5600000 0.7800000 0.8400000 0.8600000 0.8600000 0.8800000 0.8600000 0.8400000
5  0 0.6756757 0.6756757 0.6756757 0.8918919 0.8648649 0.8648649 0.8918919 0.8918919 0.8918919
6  0 0.6829268 0.7804878 0.7317073 0.8536585 0.8536585 0.8048780 0.8048780 0.8048780 0.8048780
7  0 0.7297297 0.6216216 0.7837838 0.8918919 0.8918919 0.8918919 0.8918919 0.8648649 0.8918919
8  0 0.5588235 0.5588235 0.5294118 0.7647059 0.6764706 0.6764706 0.6470588 0.6470588 0.6470588
9  0 0.7142857 0.6190476 0.8095238 0.8333333 0.8333333 0.8333333 0.8095238 0.8095238 0.7857143
10 0 0.5428571 0.6285714 0.6571429 0.8285714 0.8571429 0.8285714 0.8000000 0.8000000 0.7714286
          11        12        13        14        15        16        17        18        19        20
1  0.8333333 0.8333333 0.7777778 0.7777778 0.8055556 0.8333333 0.8888889 0.8888889 0.8888889 0.8888889
2  0.7948718 0.8974359 0.8974359 0.8974359 0.8974359 0.8974359 0.8974359 0.8974359 0.8461538 0.8205128
3  0.8837209 0.8604651 0.8837209 0.8604651 0.8372093 0.8604651 0.8604651 0.9069767 0.8837209 0.8837209
4  0.8000000 0.8200000 0.8200000 0.8600000 0.8400000 0.8200000 0.8000000 0.7600000 0.7600000 0.7800000
5  0.8648649 0.8648649 0.8648649 0.8918919 0.8918919 0.8918919 0.8648649 0.8648649 0.8648649 0.8648649
6  0.7804878 0.7804878 0.7804878 0.7804878 0.7560976 0.7804878 0.7804878 0.7804878 0.7560976 0.8048780
7  0.8918919 0.8918919 0.8918919 0.9189189 0.8648649 0.8918919 0.8918919 0.8918919 0.8918919 0.8648649
8  0.6470588 0.6470588 0.6764706 0.6764706 0.6470588 0.6470588 0.6470588 0.6764706 0.7058824 0.6764706
9  0.7857143 0.7857143 0.7380952 0.8095238 0.8095238 0.8095238 0.8333333 0.8333333 0.8095238 0.8095238
10 0.7428571 0.7142857 0.7142857 0.7428571 0.7428571 0.7714286 0.7714286 0.7714286 0.8000000 0.8000000
          21        22        23        24        25        26        27        28        29        30
1  0.8888889 0.8888889 0.8888889 0.8611111 0.8333333 0.8333333 0.8333333 0.8333333 0.8333333 0.8333333
2  0.8205128 0.8205128 0.8205128 0.8205128 0.8205128 0.8461538 0.8461538 0.8461538 0.8461538 0.8461538
3  0.8604651 0.8604651 0.8837209 0.9069767 0.9302326 0.9302326 0.9302326 0.9302326 0.9302326 0.9302326
4  0.8000000 0.8000000 0.8000000 0.8000000 0.8000000 0.8200000 0.8200000 0.8400000 0.8400000 0.8400000
5  0.8648649 0.8648649 0.8648649 0.8648649 0.8648649 0.8918919 0.8918919 0.8918919 0.8918919 0.8918919
6  0.8292683 0.8292683 0.8292683 0.8292683 0.8292683 0.8292683 0.8292683 0.8292683 0.8292683 0.8292683
7  0.8648649 0.8648649 0.8648649 0.8648649 0.8918919 0.8918919 0.8918919 0.8918919 0.8918919 0.8918919
8  0.7352941 0.7352941 0.7352941 0.7352941 0.7647059 0.7352941 0.7647059 0.7647059 0.7647059 0.7647059
9  0.8333333 0.8333333 0.8333333 0.8333333 0.8571429 0.8571429 0.8571429 0.8571429 0.8571429 0.8571429
10 0.8571429 0.8571429 0.8571429 0.8571429 0.8571429 0.8571429 0.8571429 0.8571429 0.8571429 0.8571429
          31        32        33        34        35        36        37        38        39        40
1  0.8333333 0.8333333 0.8333333 0.8333333 0.8333333 0.8333333 0.8333333 0.8333333 0.8333333 0.8333333
2  0.8461538 0.8461538 0.8717949 0.8461538 0.8205128 0.8205128 0.8205128 0.8205128 0.8205128 0.8205128
3  0.9302326 0.9069767 0.8837209 0.8837209 0.8372093 0.8372093 0.8372093 0.8372093 0.8372093 0.8372093
4  0.8400000 0.8400000 0.8400000 0.8400000 0.8400000 0.8400000 0.8400000 0.8400000 0.8400000 0.8400000
5  0.8918919 0.9189189 0.9189189 0.9189189 0.9189189 0.9189189 0.9189189 0.9189189 0.9189189 0.9189189
6  0.8292683 0.8292683 0.8292683 0.8292683 0.8292683 0.8292683 0.8292683 0.8292683 0.8292683 0.8292683
7  0.8918919 0.8918919 0.8918919 0.8918919 0.8918919 0.8918919 0.8918919 0.8918919 0.8918919 0.8918919
8  0.7647059 0.7647059 0.7647059 0.7647059 0.7352941 0.7647059 0.7352941 0.7352941 0.7352941 0.7647059
9  0.8571429 0.8571429 0.8571429 0.8571429 0.8571429 0.8571429 0.8571429 0.8571429 0.8571429 0.8571429
10 0.8571429 0.8571429 0.8571429 0.8571429 0.8571429 0.8571429 0.8571429 0.8571429 0.8571429 0.8571429
          41        42        43        44        45        46        47        48        49        50
1  0.8333333 0.8333333 0.8333333 0.8333333 0.8333333 0.8611111 0.8611111 0.8888889 0.8888889 0.8888889
2  0.8205128 0.8205128 0.8205128 0.8205128 0.8717949 0.8717949 0.8717949 0.8717949 0.8717949 0.8717949
3  0.8372093 0.8372093 0.8372093 0.8372093 0.8837209 0.9069767 0.9302326 0.9302326 0.9302326 0.9302326
4  0.8400000 0.8400000 0.8400000 0.8400000 0.8400000 0.8400000 0.8400000 0.8600000 0.8600000 0.8600000
5  0.9189189 0.9189189 0.9189189 0.9189189 0.9189189 0.9189189 0.9189189 0.9189189 0.9459459 0.9189189
6  0.8292683 0.8292683 0.8292683 0.8292683 0.8292683 0.8292683 0.8292683 0.8292683 0.8292683 0.8292683
7  0.8918919 0.8918919 0.8918919 0.8918919 0.8918919 0.8918919 0.8918919 0.8918919 0.8918919 0.8918919
8  0.7647059 0.7647059 0.7647059 0.7647059 0.7647059 0.7941176 0.7941176 0.7941176 0.7941176 0.7941176
9  0.8571429 0.8571429 0.8571429 0.8571429 0.8571429 0.8571429 0.8571429 0.8571429 0.8571429 0.8571429
10 0.8285714 0.8285714 0.8285714 0.8285714 0.8285714 0.8285714 0.8285714 0.8285714 0.8285714 0.8285714

$`NAIVE BAYES`$`Mean Recalls`
        1         2         3         4         5         6         7         8         9        10 
0.0000000 0.6596177 0.6672960 0.7258688 0.8420749 0.8426211 0.8225673 0.8299633 0.8199187 0.8102800 
       11        12        13        14        15        16        17        18        19        20 
0.8024801 0.8095538 0.8045031 0.8215829 0.8092495 0.8203517 0.8235855 0.8271779 0.8207024 0.8193725 
       21        22        23        24        25        26        27        28        29        30 
0.8354635 0.8354635 0.8377891 0.8373369 0.8449095 0.8492352 0.8521763 0.8541763 0.8541763 0.8541763 
       31        32        33        34        35        36        37        38        39        40 
0.8541763 0.8545535 0.8547920 0.8522279 0.8420714 0.8450126 0.8420714 0.8420714 0.8420714 0.8450126 
       41        42        43        44        45        46        47        48        49        50 
0.8421555 0.8421555 0.8421555 0.8421555 0.8519348 0.8599794 0.8623050 0.8670827 0.8697854 0.8670827 

$`NAIVE BAYES`$`St Dev Recalls`
         1          2          3          4          5          6          7          8          9 
0.00000000 0.06702401 0.08423559 0.08738087 0.03568909 0.06135140 0.05842871 0.07690698 0.07079044 
        10         11         12         13         14         15         16         17         18 
0.07135376 0.07301277 0.08008500 0.07934800 0.07757969 0.07672435 0.07607450 0.07734410 0.07693569 
        19         20         21         22         23         24         25         26         27 
0.06487812 0.06304072 0.04376228 0.04376228 0.04580860 0.04653998 0.04667647 0.05251786 0.04582486 
        28         29         30         31         32         33         34         35         36 
0.04468682 0.04468682 0.04468682 0.04468682 0.04440127 0.04225839 0.04188837 0.04827731 0.04146459 
        37         38         39         40         41         42         43         44         45 
0.04827731 0.04827731 0.04827731 0.04146459 0.04152021 0.04152021 0.04152021 0.04152021 0.04304042 
        46         47         48         49         50 
0.03875355 0.04241228 0.04239237 0.04670640 0.04239237 

$`NAIVE BAYES`$`Micro Ave Recalls`
        1         2         3         4         5         6         7         8         9        10 
      NaN 0.6624365 0.6675127 0.7309645 0.8426396 0.8451777 0.8248731 0.8324873 0.8223350 0.8121827 
       11        12        13        14        15        16        17        18        19        20 
0.8045685 0.8121827 0.8071066 0.8248731 0.8121827 0.8223350 0.8248731 0.8274112 0.8197970 0.8197970 
       21        22        23        24        25        26        27        28        29        30 
0.8350254 0.8350254 0.8375635 0.8375635 0.8451777 0.8502538 0.8527919 0.8553299 0.8553299 0.8553299 
       31        32        33        34        35        36        37        38        39        40 
0.8553299 0.8553299 0.8553299 0.8527919 0.8426396 0.8451777 0.8426396 0.8426396 0.8426396 0.8451777 
       41        42        43        44        45        46        47        48        49        50 
0.8426396 0.8426396 0.8426396 0.8426396 0.8527919 0.8604061 0.8629442 0.8680203 0.8705584 0.8680203 

$`NAIVE BAYES`$`F1 Measure`
   1         2         3         4         5         6         7         8         9        10
1  0 0.7500000 0.6849315 0.7297297 0.7228916 0.7228916 0.7160494 0.7674419 0.7529412 0.7750000
2  0 0.7352941 0.7250000 0.7804878 0.7415730 0.7391304 0.7674419 0.7710843 0.7654321 0.7380952
3  0 0.7804878 0.7234043 0.6966292 0.7422680 0.7755102 0.7608696 0.7659574 0.7578947 0.7216495
4  0 0.7804878 0.6913580 0.8387097 0.8155340 0.8190476 0.8190476 0.8301887 0.8349515 0.7924528
5  0 0.7692308 0.6756757 0.6944444 0.7500000 0.7191011 0.7111111 0.7333333 0.7021277 0.6947368
6  0 0.7777778 0.7032967 0.6896552 0.7608696 0.7692308 0.7586207 0.7500000 0.7857143 0.7415730
7  0 0.7500000 0.6478873 0.6744186 0.7096774 0.7096774 0.7415730 0.7500000 0.7272727 0.7415730
8  0 0.6785714 0.6031746 0.5625000 0.6842105 0.6216216 0.6388889 0.6285714 0.6376812 0.6470588
9  0 0.8108108 0.7323944 0.7640449 0.7142857 0.7291667 0.7291667 0.7083333 0.6868687 0.6600000
10 0 0.6031746 0.6984127 0.7076923 0.7532468 0.7407407 0.7250000 0.7088608 0.7000000 0.7012987
          11        12        13        14        15        16        17        18        19        20
1  0.7500000 0.7142857 0.6829268 0.6666667 0.6823529 0.6976744 0.7111111 0.7111111 0.6956522 0.6808511
2  0.7380952 0.8045977 0.8045977 0.8333333 0.7954545 0.7692308 0.7608696 0.7777778 0.7333333 0.7111111
3  0.7450980 0.7400000 0.7524752 0.7254902 0.7200000 0.7254902 0.6981132 0.7155963 0.7169811 0.7238095
4  0.7920792 0.8039216 0.8118812 0.8113208 0.8076923 0.7809524 0.7843137 0.7524752 0.7524752 0.7647059
5  0.6956522 0.7191011 0.7272727 0.7415730 0.7415730 0.7252747 0.6956522 0.6808511 0.6808511 0.6881720
6  0.7529412 0.7272727 0.7356322 0.7272727 0.7209302 0.7272727 0.7032967 0.7032967 0.7126437 0.7333333
7  0.7173913 0.7096774 0.7173913 0.7555556 0.7272727 0.7333333 0.6804124 0.6534653 0.6534653 0.6274510
8  0.6470588 0.6376812 0.6216216 0.5822785 0.5714286 0.5789474 0.5789474 0.5822785 0.5853659 0.5679012
9  0.6804124 0.6734694 0.6458333 0.6732673 0.6666667 0.6800000 0.7070707 0.7000000 0.6938776 0.6868687
10 0.6842105 0.6666667 0.6410256 0.6500000 0.6753247 0.6923077 0.6923077 0.6923077 0.7000000 0.7088608
          21        22        23        24        25        26        27        28        29        30
1  0.6808511 0.6808511 0.6808511 0.6666667 0.6521739 0.6593407 0.6593407 0.6593407 0.6382979 0.6382979
2  0.7272727 0.7191011 0.7272727 0.7272727 0.7191011 0.7173913 0.7021277 0.7021277 0.7021277 0.6875000
3  0.7047619 0.7184466 0.7378641 0.7572816 0.7547170 0.7476636 0.7547170 0.7547170 0.7547170 0.7407407
4  0.7547170 0.7547170 0.7547170 0.7547170 0.7547170 0.7663551 0.7663551 0.7777778 0.7567568 0.7433628
5  0.6881720 0.6881720 0.6956522 0.7032967 0.6956522 0.7173913 0.6947368 0.7021277 0.7021277 0.6875000
6  0.7472527 0.7472527 0.7472527 0.7472527 0.7391304 0.7391304 0.7311828 0.7311828 0.7157895 0.7157895
7  0.6400000 0.6530612 0.6530612 0.6530612 0.6666667 0.6804124 0.6804124 0.6734694 0.6734694 0.6600000
8  0.5952381 0.5882353 0.5813953 0.5747126 0.5909091 0.5747126 0.5842697 0.5842697 0.5652174 0.5531915
9  0.7070707 0.7070707 0.7000000 0.7000000 0.6990291 0.6857143 0.6728972 0.6728972 0.6728972 0.6728972
10 0.7407407 0.7407407 0.7317073 0.7407407 0.7228916 0.7228916 0.7142857 0.7142857 0.7058824 0.6976744
          31        32        33        34        35        36        37        38        39        40
1  0.6382979 0.6315789 0.6315789 0.6315789 0.6382979 0.6250000 0.6250000 0.6122449 0.6122449 0.6122449
2  0.6875000 0.6875000 0.6938776 0.6600000 0.6274510 0.6336634 0.6274510 0.6274510 0.6274510 0.6274510
3  0.7339450 0.7222222 0.7037037 0.7037037 0.6792453 0.6792453 0.6792453 0.6792453 0.6857143 0.6857143
4  0.7304348 0.7304348 0.7304348 0.7304348 0.7368421 0.7241379 0.7118644 0.7118644 0.7118644 0.7058824
5  0.6804124 0.6938776 0.7010309 0.7010309 0.7010309 0.7010309 0.7010309 0.6938776 0.6938776 0.6800000
6  0.6868687 0.6868687 0.6800000 0.6868687 0.6868687 0.6868687 0.6868687 0.6868687 0.6868687 0.6868687
7  0.6600000 0.6534653 0.6470588 0.6470588 0.6407767 0.6407767 0.6407767 0.6407767 0.6407767 0.6407767
8  0.5591398 0.5714286 0.5714286 0.5714286 0.5555556 0.5652174 0.5434783 0.5434783 0.5434783 0.5591398
9  0.6923077 0.6990291 0.6923077 0.6857143 0.6857143 0.6923077 0.6990291 0.7058824 0.6857143 0.6792453
10 0.6976744 0.6976744 0.6741573 0.6666667 0.6666667 0.6666667 0.6666667 0.6818182 0.6741573 0.6741573
          41        42        43        44        45        46        47        48        49        50
1  0.6122449 0.6060606 0.6000000 0.6000000 0.5882353 0.5961538 0.5961538 0.5981308 0.5871560 0.5765766
2  0.6213592 0.6213592 0.6213592 0.6153846 0.6355140 0.6355140 0.6238532 0.6181818 0.6126126 0.5964912
3  0.6857143 0.6923077 0.6857143 0.6666667 0.6785714 0.6964286 0.6956522 0.6896552 0.6956522 0.6837607
4  0.7058824 0.7058824 0.7000000 0.6942149 0.6774194 0.6720000 0.6666667 0.6615385 0.6666667 0.6718750
5  0.6732673 0.6666667 0.6415094 0.6181818 0.6181818 0.6071429 0.6017699 0.5964912 0.5833333 0.5811966
6  0.6732673 0.6601942 0.6601942 0.6476190 0.6476190 0.6355140 0.6126126 0.6126126 0.5811966 0.5913043
7  0.6407767 0.6407767 0.6407767 0.6346154 0.6111111 0.5945946 0.5892857 0.5739130 0.5593220 0.5546218
8  0.5591398 0.5473684 0.5252525 0.5098039 0.5098039 0.5000000 0.5046729 0.4909091 0.4954128 0.4909091
9  0.6857143 0.6857143 0.6792453 0.6728972 0.6666667 0.6545455 0.6315789 0.6260870 0.6206897 0.6153846
10 0.6590909 0.6105263 0.6041667 0.6041667 0.6041667 0.5979381 0.5742574 0.5631068 0.5523810 0.5471698

$`NAIVE BAYES`$`Mean F1 Measure`
        1         2         3         4         5         6         7         8         9        10 
0.0000000 0.7435835 0.6885535 0.7138312 0.7394557 0.7346118 0.7367769 0.7413771 0.7350884 0.7213438 
       11        12        13        14        15        16        17        18        19        20 
0.7202939 0.7196673 0.7140658 0.7166758 0.7108696 0.7110484 0.7012095 0.6969160 0.6924645 0.6893065 
       21        22        23        24        25        26        27        28        29        30 
0.6986077 0.6997649 0.7009774 0.7025002 0.6994988 0.7011003 0.6960325 0.6972195 0.6887283 0.6796954 
       31        32        33        34        35        36        37        38        39        40 
0.6766581 0.6774080 0.6725578 0.6684485 0.6618449 0.6614915 0.6581411 0.6583507 0.6562147 0.6551480 
       41        42        43        44        45        46        47        48        49        50 
0.6516457 0.6436856 0.6358218 0.6263550 0.6237289 0.6189832 0.6096503 0.6030626 0.5954423 0.5909290 

$`NAIVE BAYES`$`St Dev F1 Measure`
         1          2          3          4          5          6          7          8          9 
0.00000000 0.06070208 0.03931303 0.07345469 0.03560103 0.05148316 0.04673383 0.05285338 0.05626051 
        10         11         12         13         14         15         16         17         18 
0.04645869 0.04333990 0.05434186 0.06616129 0.07585194 0.06782325 0.05616179 0.05385438 0.05326577 
        19         20         21         22         23         24         25         26         27 
0.04651724 0.05609096 0.05029392 0.05037893 0.05276358 0.05761095 0.05134261 0.05503605 0.05229526 
        28         29         30         31         32         33         34         35         36 
0.05440246 0.05642070 0.05545674 0.05017277 0.04721834 0.04544796 0.04483123 0.04962166 0.04622097 
        37         38         39         40         41         42         43         44         45 
0.05080487 0.05246245 0.05080023 0.04485290 0.04396785 0.04841800 0.05149390 0.05150488 0.05083197 
        46         47         48         49         50 
0.05423800 0.05192990 0.05462976 0.05737814 0.05709340 

$`NAIVE BAYES`$`Micro Ave F1 Measure`
        1         2         3         4         5         6         7         8         9        10 
      NaN 0.7478510 0.6911958 0.7191011 0.7410714 0.7383592 0.7403189 0.7454545 0.7380410 0.7231638 
       11        12        13        14        15        16        17        18        19        20 
0.7229190 0.7231638 0.7178330 0.7198228 0.7142857 0.7144432 0.7042254 0.6988210 0.6938776 0.6909091 
       21        22        23        24        25        26        27        28        29        30 
0.6992561 0.7007455 0.7021277 0.7036247 0.7010526 0.7030430 0.6978193 0.6991701 0.6905738 0.6814965 
       31        32        33        34        35        36        37        38        39        40 
0.6787513 0.6794355 0.6746747 0.6706587 0.6640000 0.6633466 0.6600398 0.6600398 0.6580773 0.6568047 
       41        42        43        44        45        46        47        48        49        50 
0.6535433 0.6459144 0.6378482 0.6281930 0.6256983 0.6203111 0.6115108 0.6047745 0.5970409 0.5927210 


$SVM
$SVM$`Accuracy per Fold`
   1         2         3         4         5         6         7         8         9        10
1  0 0.9800285 0.9800285 0.9857347 0.9814551 0.9786020 0.9828816 0.9828816 0.9814551 0.9828816
2  0 0.9788136 0.9788136 0.9802260 0.9802260 0.9830508 0.9844633 0.9872881 0.9872881 0.9887006
3  0 0.9759547 0.9745403 0.9858557 0.9844413 0.9858557 0.9858557 0.9858557 0.9858557 0.9858557
4  0 0.9816384 0.9858757 0.9844633 0.9830508 0.9830508 0.9830508 0.9788136 0.9816384 0.9816384
5  0 0.9844633 0.9844633 0.9887006 0.9887006 0.9830508 0.9788136 0.9802260 0.9788136 0.9816384
6  0 0.9816124 0.9801980 0.9886846 0.9900990 0.9886846 0.9915134 0.9886846 0.9886846 0.9886846
7  0 0.9802260 0.9816384 0.9830508 0.9802260 0.9802260 0.9774011 0.9802260 0.9802260 0.9816384
8  0 0.9830269 0.9830269 0.9886846 0.9872702 0.9872702 0.9886846 0.9844413 0.9844413 0.9858557
9  0 0.9830508 0.9858757 0.9858757 0.9816384 0.9774011 0.9774011 0.9802260 0.9788136 0.9802260
10 0 0.9643367 0.9857347 0.9885877 0.9885877 0.9843081 0.9843081 0.9800285 0.9800285 0.9828816
          11        12        13        14        15        16        17        18        19        20
1  0.9814551 0.9786020 0.9800285 0.9800285 0.9800285 0.9814551 0.9786020 0.9786020 0.9800285 0.9757489
2  0.9872881 0.9901130 0.9915254 0.9915254 0.9901130 0.9887006 0.9858757 0.9858757 0.9872881 0.9872881
3  0.9886846 0.9915134 0.9915134 0.9900990 0.9915134 0.9915134 0.9900990 0.9858557 0.9858557 0.9844413
4  0.9802260 0.9858757 0.9844633 0.9858757 0.9858757 0.9872881 0.9887006 0.9887006 0.9887006 0.9887006
5  0.9830508 0.9830508 0.9844633 0.9872881 0.9872881 0.9887006 0.9901130 0.9887006 0.9872881 0.9872881
6  0.9900990 0.9872702 0.9858557 0.9844413 0.9858557 0.9858557 0.9816124 0.9816124 0.9816124 0.9830269
7  0.9830508 0.9844633 0.9830508 0.9844633 0.9830508 0.9858757 0.9830508 0.9816384 0.9802260 0.9816384
8  0.9858557 0.9872702 0.9858557 0.9858557 0.9858557 0.9844413 0.9830269 0.9816124 0.9816124 0.9801980
9  0.9802260 0.9816384 0.9788136 0.9802260 0.9759887 0.9802260 0.9816384 0.9802260 0.9816384 0.9830508
10 0.9885877 0.9900143 0.9914408 0.9928673 0.9942939 0.9928673 0.9914408 0.9928673 0.9914408 0.9900143
          21        22        23        24        25        26        27        28        29        30
1  0.9743224 0.9728959 0.9714693 0.9714693 0.9714693 0.9714693 0.9714693 0.9714693 0.9714693 0.9714693
2  0.9901130 0.9887006 0.9887006 0.9872881 0.9872881 0.9858757 0.9858757 0.9858757 0.9844633 0.9830508
3  0.9830269 0.9844413 0.9844413 0.9844413 0.9858557 0.9844413 0.9844413 0.9872702 0.9886846 0.9858557
4  0.9887006 0.9887006 0.9901130 0.9901130 0.9901130 0.9887006 0.9872881 0.9872881 0.9858757 0.9858757
5  0.9887006 0.9872881 0.9887006 0.9887006 0.9887006 0.9887006 0.9872881 0.9872881 0.9858757 0.9858757
6  0.9830269 0.9830269 0.9830269 0.9830269 0.9844413 0.9830269 0.9830269 0.9816124 0.9787836 0.9787836
7  0.9830508 0.9816384 0.9830508 0.9816384 0.9816384 0.9830508 0.9816384 0.9788136 0.9802260 0.9802260
8  0.9801980 0.9787836 0.9773692 0.9787836 0.9787836 0.9801980 0.9787836 0.9787836 0.9787836 0.9787836
9  0.9816384 0.9816384 0.9802260 0.9774011 0.9788136 0.9788136 0.9759887 0.9759887 0.9759887 0.9759887
10 0.9900143 0.9900143 0.9914408 0.9900143 0.9871612 0.9871612 0.9843081 0.9857347 0.9828816 0.9828816
          31        32        33        34        35        36        37        38        39        40
1  0.9714693 0.9714693 0.9714693 0.9714693 0.9714693 0.9728959 0.9728959 0.9714693 0.9743224 0.9771755
2  0.9830508 0.9830508 0.9830508 0.9830508 0.9802260 0.9802260 0.9816384 0.9816384 0.9816384 0.9816384
3  0.9900990 0.9872702 0.9858557 0.9858557 0.9858557 0.9872702 0.9872702 0.9886846 0.9886846 0.9872702
4  0.9858757 0.9858757 0.9830508 0.9830508 0.9830508 0.9830508 0.9844633 0.9844633 0.9844633 0.9844633
5  0.9844633 0.9858757 0.9844633 0.9844633 0.9844633 0.9844633 0.9844633 0.9844633 0.9858757 0.9858757
6  0.9787836 0.9773692 0.9816124 0.9801980 0.9801980 0.9801980 0.9787836 0.9773692 0.9773692 0.9801980
7  0.9816384 0.9802260 0.9802260 0.9788136 0.9802260 0.9802260 0.9802260 0.9802260 0.9802260 0.9802260
8  0.9787836 0.9787836 0.9773692 0.9773692 0.9773692 0.9773692 0.9773692 0.9773692 0.9759547 0.9759547
9  0.9759887 0.9745763 0.9759887 0.9745763 0.9745763 0.9745763 0.9759887 0.9745763 0.9745763 0.9731638
10 0.9828816 0.9828816 0.9843081 0.9843081 0.9843081 0.9857347 0.9857347 0.9857347 0.9871612 0.9871612
          41        42        43        44        45        46        47        48        49        50
1  0.9771755 0.9771755 0.9786020 0.9800285 0.9800285 0.9828816 0.9843081 0.9857347 0.9857347 0.9857347
2  0.9816384 0.9816384 0.9830508 0.9816384 0.9816384 0.9844633 0.9858757 0.9858757 0.9844633 0.9858757
3  0.9858557 0.9858557 0.9872702 0.9872702 0.9872702 0.9886846 0.9886846 0.9886846 0.9886846 0.9900990
4  0.9844633 0.9844633 0.9844633 0.9844633 0.9844633 0.9858757 0.9858757 0.9858757 0.9858757 0.9844633
5  0.9844633 0.9844633 0.9858757 0.9844633 0.9844633 0.9844633 0.9844633 0.9858757 0.9858757 0.9858757
6  0.9801980 0.9816124 0.9830269 0.9816124 0.9816124 0.9816124 0.9816124 0.9816124 0.9830269 0.9830269
7  0.9802260 0.9802260 0.9802260 0.9802260 0.9802260 0.9788136 0.9802260 0.9802260 0.9802260 0.9802260
8  0.9759547 0.9759547 0.9745403 0.9745403 0.9787836 0.9801980 0.9801980 0.9773692 0.9787836 0.9801980
9  0.9731638 0.9731638 0.9731638 0.9731638 0.9731638 0.9731638 0.9731638 0.9731638 0.9731638 0.9731638
10 0.9871612 0.9871612 0.9885877 0.9885877 0.9885877 0.9885877 0.9871612 0.9885877 0.9885877 0.9871612

$SVM$`Mean Accuracy`
        1         2         3         4         5         6         7         8         9        10 
0.0000000 0.9793151 0.9820195 0.9859864 0.9845695 0.9831500 0.9834373 0.9828671 0.9827245 0.9840001 
       11        12        13        14        15        16        17        18        19        20 
0.9848524 0.9859811 0.9857011 0.9862670 0.9859864 0.9866924 0.9854160 0.9845691 0.9845691 0.9841395 
       21        22        23        24        25        26        27        28        29        30 
0.9842792 0.9837128 0.9838538 0.9832877 0.9834265 0.9831438 0.9820108 0.9820124 0.9813032 0.9808791 
       31        32        33        34        35        36        37        38        39        40 
0.9813034 0.9807378 0.9807394 0.9803155 0.9801743 0.9806010 0.9808833 0.9805994 0.9810272 0.9813127 
       41        42        43        44        45        46        47        48        49        50 
0.9810300 0.9811714 0.9818807 0.9815994 0.9820237 0.9828744 0.9831569 0.9833006 0.9834422 0.9835824 

$SVM$`St Dev Accuracy`
          1           2           3           4           5           6           7           8 
0.000000000 0.005794138 0.003714435 0.002846175 0.003792196 0.003629856 0.004656245 0.003499428 
          9          10          11          12          13          14          15          16 
0.003590019 0.003062390 0.003711022 0.004102579 0.004599547 0.004336711 0.005399583 0.004020381 
         17          18          19          20          21          22          23          24 
0.004444221 0.004557079 0.004031582 0.004344224 0.005092852 0.005303643 0.006271475 0.006108877 
         25          26          27          28          29          30          31          32 
0.005747687 0.005278739 0.005172549 0.005581220 0.005244934 0.004773702 0.005286922 0.005214419 
         33          34          35          36          37          38          39          40 
0.004525890 0.004725199 0.004607074 0.004694039 0.004660431 0.005409090 0.005356943 0.004889913 
         41          42          43          44          45          46          47          48 
0.004578391 0.004571676 0.005192903 0.004974857 0.004460198 0.004714024 0.004521519 0.005088092 
         49          50 
0.004830054 0.004746638 

$SVM$`Precisions per Fold`
   1         2         3         4         5         6         7         8         9        10
1  0 0.8666667 0.8928571 0.8823529 0.7948718 0.7692308 0.8333333 0.8000000 0.7804878 0.7857143
2  0 0.9285714 0.9285714 0.8787879 0.8787879 0.9354839 0.9375000 0.9411765 0.9411765 0.9189189
3  0 0.8095238 0.8048780 0.9230769 0.8809524 0.9024390 0.9230769 0.9230769 0.9230769 0.9230769
4  0 0.9743590 0.9347826 0.8979592 0.8800000 0.8800000 0.8800000 0.8571429 0.8775510 0.8627451
5  0 0.9062500 0.9062500 0.9142857 0.9142857 0.8205128 0.7750000 0.7948718 0.7750000 0.7857143
6  0 0.8888889 0.9090909 0.9459459 0.9250000 0.9024390 0.9487179 0.9024390 0.9024390 0.8837209
7  0 0.8108108 0.8000000 0.8378378 0.8108108 0.7948718 0.8000000 0.8108108 0.7804878 0.8000000
8  0 0.8928571 0.8928571 0.9062500 0.9032258 0.9032258 0.9062500 0.8108108 0.8108108 0.8333333
9  0 0.9687500 0.9444444 0.9444444 0.8918919 0.8421053 0.8250000 0.8181818 0.8139535 0.8500000
10 0 0.7777778 0.9629630 0.9354839 0.9655172 0.8750000 0.8750000 0.8000000 0.8000000 0.8108108
          11        12        13        14        15        16        17        18        19        20
1  0.7804878 0.7441860 0.7500000 0.7500000 0.7500000 0.7674419 0.7441860 0.7441860 0.7500000 0.7021277
2  0.9166667 0.9210526 0.9459459 0.9459459 0.9210526 0.9189189 0.8918919 0.8918919 0.8947368 0.8947368
3  0.9268293 0.9302326 0.9111111 0.8913043 0.9111111 0.9302326 0.9090909 0.8510638 0.8510638 0.8333333
4  0.8600000 0.8846154 0.8679245 0.8703704 0.8703704 0.8867925 0.9038462 0.9038462 0.9038462 0.9038462
5  0.8048780 0.8048780 0.8250000 0.8333333 0.8333333 0.8536585 0.8750000 0.8717949 0.8500000 0.8500000
6  0.9047619 0.8636364 0.8604651 0.8409091 0.8444444 0.8444444 0.8181818 0.8181818 0.8181818 0.8222222
7  0.8205128 0.8250000 0.8048780 0.8250000 0.8205128 0.8461538 0.8048780 0.8000000 0.7804878 0.8000000
8  0.8333333 0.8378378 0.8157895 0.8157895 0.8157895 0.7948718 0.7750000 0.7560976 0.7560976 0.7380952
9  0.8500000 0.8536585 0.8461538 0.8500000 0.8205128 0.8684211 0.8717949 0.8500000 0.8536585 0.8571429
10 0.8461538 0.8500000 0.8918919 0.9166667 0.9189189 0.9166667 0.8918919 0.8947368 0.8918919 0.8684211
          21        22        23        24        25        26        27        28        29        30
1  0.6875000 0.6734694 0.6600000 0.6600000 0.6600000 0.6600000 0.6600000 0.6600000 0.6666667 0.6600000
2  0.9210526 0.8974359 0.8974359 0.8750000 0.8750000 0.8536585 0.8536585 0.8536585 0.8333333 0.8139535
3  0.8297872 0.8478261 0.8478261 0.8478261 0.8510638 0.8636364 0.8636364 0.8863636 0.9069767 0.8837209
4  0.9200000 0.9038462 0.9056604 0.9056604 0.9056604 0.8888889 0.8867925 0.8867925 0.8846154 0.8846154
5  0.8717949 0.8333333 0.8536585 0.8536585 0.8536585 0.8536585 0.8333333 0.8333333 0.8139535 0.8139535
6  0.8222222 0.8222222 0.8222222 0.8222222 0.8409091 0.8222222 0.8222222 0.8043478 0.7708333 0.7708333
7  0.8048780 0.7857143 0.8048780 0.7857143 0.7727273 0.7906977 0.7727273 0.7500000 0.7674419 0.7674419
8  0.7380952 0.7209302 0.7142857 0.7317073 0.7317073 0.7500000 0.7317073 0.7317073 0.7317073 0.7317073
9  0.8372093 0.8372093 0.8181818 0.7826087 0.7872340 0.7872340 0.7777778 0.7777778 0.7777778 0.7777778
10 0.8684211 0.8684211 0.8918919 0.8888889 0.8250000 0.8250000 0.7857143 0.8048780 0.7674419 0.7674419
          31        32        33        34        35        36        37        38        39        40
1  0.6600000 0.6600000 0.6600000 0.6600000 0.6600000 0.6734694 0.6734694 0.6600000 0.6875000 0.7173913
2  0.8139535 0.8139535 0.8139535 0.8139535 0.7777778 0.7777778 0.7954545 0.7954545 0.7954545 0.7954545
3  0.9285714 0.9047619 0.8837209 0.8837209 0.8837209 0.9047619 0.9047619 0.9268293 0.9268293 0.9250000
4  0.8703704 0.8703704 0.8518519 0.8518519 0.8518519 0.8518519 0.8679245 0.8679245 0.8679245 0.8679245
5  0.7954545 0.8139535 0.8095238 0.8095238 0.8095238 0.8095238 0.8095238 0.8095238 0.8292683 0.8292683
6  0.7708333 0.7551020 0.8043478 0.7872340 0.7872340 0.7872340 0.7708333 0.7551020 0.7551020 0.7872340
7  0.7727273 0.7674419 0.7674419 0.7500000 0.7674419 0.7674419 0.7674419 0.7674419 0.7674419 0.7674419
8  0.7317073 0.7317073 0.7142857 0.7142857 0.7142857 0.7142857 0.7142857 0.7142857 0.7073171 0.7073171
9  0.7777778 0.7608696 0.7659574 0.7500000 0.7500000 0.7500000 0.7659574 0.7500000 0.7500000 0.7346939
10 0.7674419 0.7674419 0.7857143 0.7857143 0.7857143 0.8048780 0.8048780 0.8048780 0.8250000 0.8250000
          41        42        43        44        45        46        47        48        49        50
1  0.7173913 0.7173913 0.7333333 0.7500000 0.7500000 0.7857143 0.8048780 0.8250000 0.8250000 0.8250000
2  0.7954545 0.7954545 0.8139535 0.8095238 0.8095238 0.8500000 0.8717949 0.8717949 0.8500000 0.8717949
3  0.9024390 0.9024390 0.9250000 0.9250000 0.9250000 0.9268293 0.9268293 0.9268293 0.9268293 0.9500000
4  0.8679245 0.8679245 0.8679245 0.8679245 0.8679245 0.8846154 0.8846154 0.8846154 0.8846154 0.8679245
5  0.8095238 0.8095238 0.8292683 0.8095238 0.8095238 0.8250000 0.8250000 0.8461538 0.8461538 0.8461538
6  0.7872340 0.8043478 0.8222222 0.8181818 0.8181818 0.8181818 0.8181818 0.8333333 0.8536585 0.8536585
7  0.7674419 0.7674419 0.7674419 0.7674419 0.7674419 0.7500000 0.7674419 0.7674419 0.7674419 0.7674419
8  0.7073171 0.7073171 0.6904762 0.6904762 0.7567568 0.7777778 0.7777778 0.7368421 0.7435897 0.7631579
9  0.7346939 0.7346939 0.7346939 0.7346939 0.7346939 0.7346939 0.7346939 0.7346939 0.7346939 0.7346939
10 0.8250000 0.8250000 0.8461538 0.8461538 0.8461538 0.8461538 0.8250000 0.8461538 0.8461538 0.8421053

$SVM$`Mean Precisions`
        1         2         3         4         5         6         7         8         9        10 
0.0000000 0.8824455 0.8976695 0.9066425 0.8845344 0.8625308 0.8703878 0.8458511 0.8404983 0.8454035 
       11        12        13        14        15        16        17        18        19        20 
0.8543624 0.8515097 0.8519160 0.8539319 0.8506046 0.8627602 0.8485762 0.8381799 0.8349964 0.8269925 
       21        22        23        24        25        26        27        28        29        30 
0.8300961 0.8190408 0.8216041 0.8153286 0.8102960 0.8094996 0.7987570 0.7988859 0.7920748 0.7871445 
       31        32        33        34        35        36        37        38        39        40 
0.7888837 0.7845602 0.7856797 0.7806284 0.7787550 0.7841224 0.7874531 0.7851440 0.7911838 0.7956726 
       41        42        43        44        45        46        47        48        49        50 
0.7914420 0.7931534 0.8030468 0.8018920 0.8085200 0.8198966 0.8236213 0.8272858 0.8278136 0.8321931 

$SVM$`St Dev Precisions`
         1          2          3          4          5          6          7          8          9 
0.00000000 0.06699431 0.05495798 0.03384537 0.05058029 0.05384089 0.05990912 0.05617949 0.06401694 
        10         11         12         13         14         15         16         17         18 
0.05137789 0.04863212 0.05463618 0.05670133 0.05555003 0.05493648 0.05334408 0.05854792 0.05701986 
        19         20         21         22         23         24         25         26         27 
0.05684402 0.06492389 0.07386913 0.07384414 0.07985845 0.07657350 0.07354892 0.06689561 0.06811497 
        28         29         30         31         32         33         34         35         36 
0.07170151 0.07085804 0.06719309 0.07293414 0.06981208 0.06439579 0.06544261 0.06380776 0.06568525 
        37         38         39         40         41         42         43         44         45 
0.06714516 0.07538814 0.07321708 0.06868283 0.06325757 0.06336249 0.07116966 0.06885209 0.05948846 
        46         47         48         49         50 
0.05993999 0.05796877 0.06347796 0.06171716 0.06324014 

$SVM$`Micro Ave Precisions`
        1         2         3         4         5         6         7         8         9        10 
      NaN 0.8850932 0.8938053 0.9063361 0.8820375 0.8608924 0.8693333 0.8455696 0.8400000 0.8452088 
       11        12        13        14        15        16        17        18        19        20 
0.8543210 0.8520286 0.8513189 0.8527316 0.8503563 0.8623188 0.8489209 0.8384798 0.8352941 0.8263889 
       21        22        23        24        25        26        27        28        29        30 
0.8283063 0.8177677 0.8196347 0.8136364 0.8098434 0.8089888 0.7986577 0.7986577 0.7924107 0.7871397 
       31        32        33        34        35        36        37        38        39        40 
0.7885463 0.7841410 0.7853982 0.7802198 0.7785088 0.7836645 0.7871397 0.7836645 0.7901786 0.7950450 
       41        42        43        44        45        46        47        48        49        50 
0.7914798 0.7932584 0.8022727 0.8013699 0.8083141 0.8196721 0.8235294 0.8270142 0.8274232 0.8309524 

$SVM$`Recalls per Fold`
   1         2         3         4         5         6         7         8         9        10
1  0 0.7222222 0.6944444 0.8333333 0.8611111 0.8333333 0.8333333 0.8888889 0.8888889 0.9166667
2  0 0.6666667 0.6666667 0.7435897 0.7435897 0.7435897 0.7692308 0.8205128 0.8205128 0.8717949
3  0 0.7906977 0.7674419 0.8372093 0.8604651 0.8604651 0.8372093 0.8372093 0.8372093 0.8372093
4  0 0.7600000 0.8600000 0.8800000 0.8800000 0.8800000 0.8800000 0.8400000 0.8600000 0.8800000
5  0 0.7837838 0.7837838 0.8648649 0.8648649 0.8648649 0.8378378 0.8378378 0.8378378 0.8918919
6  0 0.7804878 0.7317073 0.8536585 0.9024390 0.9024390 0.9024390 0.9024390 0.9024390 0.9268293
7  0 0.8108108 0.8648649 0.8378378 0.8108108 0.8378378 0.7567568 0.8108108 0.8648649 0.8648649
8  0 0.7352941 0.7352941 0.8529412 0.8235294 0.8235294 0.8529412 0.8823529 0.8823529 0.8823529
9  0 0.7380952 0.8095238 0.8095238 0.7857143 0.7619048 0.7857143 0.8571429 0.8333333 0.8095238
10 0 0.4000000 0.7428571 0.8285714 0.8000000 0.8000000 0.8000000 0.8000000 0.8000000 0.8571429
          11        12        13        14        15        16        17        18        19        20
1  0.8888889 0.8888889 0.9166667 0.9166667 0.9166667 0.9166667 0.8888889 0.8888889 0.9166667 0.9166667
2  0.8461538 0.8974359 0.8974359 0.8974359 0.8974359 0.8717949 0.8461538 0.8461538 0.8717949 0.8717949
3  0.8837209 0.9302326 0.9534884 0.9534884 0.9534884 0.9302326 0.9302326 0.9302326 0.9302326 0.9302326
4  0.8600000 0.9200000 0.9200000 0.9400000 0.9400000 0.9400000 0.9400000 0.9400000 0.9400000 0.9400000
5  0.8918919 0.8918919 0.8918919 0.9459459 0.9459459 0.9459459 0.9459459 0.9189189 0.9189189 0.9189189
6  0.9268293 0.9268293 0.9024390 0.9024390 0.9268293 0.9268293 0.8780488 0.8780488 0.8780488 0.9024390
7  0.8648649 0.8918919 0.8918919 0.8918919 0.8648649 0.8918919 0.8918919 0.8648649 0.8648649 0.8648649
8  0.8823529 0.9117647 0.9117647 0.9117647 0.9117647 0.9117647 0.9117647 0.9117647 0.9117647 0.9117647
9  0.8095238 0.8333333 0.7857143 0.8095238 0.7619048 0.7857143 0.8095238 0.8095238 0.8333333 0.8571429
10 0.9428571 0.9714286 0.9428571 0.9428571 0.9714286 0.9428571 0.9428571 0.9714286 0.9428571 0.9428571
          21        22        23        24        25        26        27        28        29        30
1  0.9166667 0.9166667 0.9166667 0.9166667 0.9166667 0.9166667 0.9166667 0.9166667 0.8888889 0.9166667
2  0.8974359 0.8974359 0.8974359 0.8974359 0.8974359 0.8974359 0.8974359 0.8974359 0.8974359 0.8974359
3  0.9069767 0.9069767 0.9069767 0.9069767 0.9302326 0.8837209 0.8837209 0.9069767 0.9069767 0.8837209
4  0.9200000 0.9400000 0.9600000 0.9600000 0.9600000 0.9600000 0.9400000 0.9400000 0.9200000 0.9200000
5  0.9189189 0.9459459 0.9459459 0.9459459 0.9459459 0.9459459 0.9459459 0.9459459 0.9459459 0.9459459
6  0.9024390 0.9024390 0.9024390 0.9024390 0.9024390 0.9024390 0.9024390 0.9024390 0.9024390 0.9024390
7  0.8918919 0.8918919 0.8918919 0.8918919 0.9189189 0.9189189 0.9189189 0.8918919 0.8918919 0.8918919
8  0.9117647 0.9117647 0.8823529 0.8823529 0.8823529 0.8823529 0.8823529 0.8823529 0.8823529 0.8823529
9  0.8571429 0.8571429 0.8571429 0.8571429 0.8809524 0.8809524 0.8333333 0.8333333 0.8333333 0.8333333
10 0.9428571 0.9428571 0.9428571 0.9142857 0.9428571 0.9428571 0.9428571 0.9428571 0.9428571 0.9428571
          31        32        33        34        35        36        37        38        39        40
1  0.9166667 0.9166667 0.9166667 0.9166667 0.9166667 0.9166667 0.9166667 0.9166667 0.9166667 0.9166667
2  0.8974359 0.8974359 0.8974359 0.8974359 0.8974359 0.8974359 0.8974359 0.8974359 0.8974359 0.8974359
3  0.9069767 0.8837209 0.8837209 0.8837209 0.8837209 0.8837209 0.8837209 0.8837209 0.8837209 0.8604651
4  0.9400000 0.9400000 0.9200000 0.9200000 0.9200000 0.9200000 0.9200000 0.9200000 0.9200000 0.9200000
5  0.9459459 0.9459459 0.9189189 0.9189189 0.9189189 0.9189189 0.9189189 0.9189189 0.9189189 0.9189189
6  0.9024390 0.9024390 0.9024390 0.9024390 0.9024390 0.9024390 0.9024390 0.9024390 0.9024390 0.9024390
7  0.9189189 0.8918919 0.8918919 0.8918919 0.8918919 0.8918919 0.8918919 0.8918919 0.8918919 0.8918919
8  0.8823529 0.8823529 0.8823529 0.8823529 0.8823529 0.8823529 0.8823529 0.8823529 0.8529412 0.8529412
9  0.8333333 0.8333333 0.8571429 0.8571429 0.8571429 0.8571429 0.8571429 0.8571429 0.8571429 0.8571429
10 0.9428571 0.9428571 0.9428571 0.9428571 0.9428571 0.9428571 0.9428571 0.9428571 0.9428571 0.9428571
          41        42        43        44        45        46        47        48        49        50
1  0.9166667 0.9166667 0.9166667 0.9166667 0.9166667 0.9166667 0.9166667 0.9166667 0.9166667 0.9166667
2  0.8974359 0.8974359 0.8974359 0.8717949 0.8717949 0.8717949 0.8717949 0.8717949 0.8717949 0.8717949
3  0.8604651 0.8604651 0.8604651 0.8604651 0.8604651 0.8837209 0.8837209 0.8837209 0.8837209 0.8837209
4  0.9200000 0.9200000 0.9200000 0.9200000 0.9200000 0.9200000 0.9200000 0.9200000 0.9200000 0.9200000
5  0.9189189 0.9189189 0.9189189 0.9189189 0.9189189 0.8918919 0.8918919 0.8918919 0.8918919 0.8918919
6  0.9024390 0.9024390 0.9024390 0.8780488 0.8780488 0.8780488 0.8780488 0.8536585 0.8536585 0.8536585
7  0.8918919 0.8918919 0.8918919 0.8918919 0.8918919 0.8918919 0.8918919 0.8918919 0.8918919 0.8918919
8  0.8529412 0.8529412 0.8529412 0.8529412 0.8235294 0.8235294 0.8235294 0.8235294 0.8529412 0.8529412
9  0.8571429 0.8571429 0.8571429 0.8571429 0.8571429 0.8571429 0.8571429 0.8571429 0.8571429 0.8571429
10 0.9428571 0.9428571 0.9428571 0.9428571 0.9428571 0.9428571 0.9428571 0.9428571 0.9428571 0.9142857

$SVM$`Mean Recalls`
        1         2         3         4         5         6         7         8         9        10 
0.0000000 0.7188058 0.7656584 0.8341530 0.8332524 0.8307964 0.8255462 0.8477194 0.8527439 0.8738276 
       11        12        13        14        15        16        17        18        19        20 
0.8797084 0.9063697 0.9014150 0.9112013 0.9090329 0.9063697 0.8985308 0.8959825 0.9008482 0.9056682 
       21        22        23        24        25        26        27        28        29        30 
0.9066094 0.9113121 0.9103709 0.9075138 0.9177801 0.9131290 0.9063671 0.9059900 0.9012122 0.9016644 
       31        32        33        34        35        36        37        38        39        40 
0.9086927 0.9036644 0.9013426 0.9013426 0.9013426 0.9013426 0.9013426 0.9013426 0.8984015 0.8960759 
       41        42        43        44        45        46        47        48        49        50 
0.8960759 0.8960759 0.8960759 0.8910727 0.8881316 0.8877544 0.8877544 0.8853154 0.8882566 0.8853995 

$SVM$`St Dev Recalls`
         1          2          3          4          5          6          7          8          9 
0.00000000 0.11942844 0.06537371 0.03747840 0.04886633 0.05055564 0.04727997 0.03435877 0.03251218 
        10         11         12         13         14         15         16         17         18 
0.03483322 0.03818739 0.03586161 0.04558159 0.04194502 0.05991242 0.04843613 0.04513559 0.04816190 
        19         20         21         22         23         24         25         26         27 
0.03662720 0.03104882 0.02245410 0.02717841 0.03166680 0.02963372 0.02712705 0.02869674 0.03465940 
        28         29         30         31         32         33         34         35         36 
0.03391091 0.03221340 0.03282441 0.03373904 0.03462562 0.02437175 0.02437175 0.02437175 0.02437175 
        37         38         39         40         41         42         43         44         45 
0.02437175 0.02437175 0.02836552 0.03057048 0.03057048 0.03057048 0.03057048 0.03168049 0.03659760 
        46         47         48         49         50 
0.03394986 0.03394986 0.03556243 0.03077924 0.02612134 

$SVM$`Micro Ave Recalls`
        1         2         3         4         5         6         7         8         9        10 
      NaN 0.7233503 0.7690355 0.8350254 0.8350254 0.8324873 0.8274112 0.8477157 0.8527919 0.8730964 
       11        12        13        14        15        16        17        18        19        20 
0.8781726 0.9060914 0.9010152 0.9111675 0.9086294 0.9060914 0.8984772 0.8959391 0.9010152 0.9060914 
       21        22        23        24        25        26        27        28        29        30 
0.9060914 0.9111675 0.9111675 0.9086294 0.9187817 0.9137056 0.9060914 0.9060914 0.9010152 0.9010152 
       31        32        33        34        35        36        37        38        39        40 
0.9086294 0.9035533 0.9010152 0.9010152 0.9010152 0.9010152 0.9010152 0.9010152 0.8984772 0.8959391 
       41        42        43        44        45        46        47        48        49        50 
0.8959391 0.8959391 0.8959391 0.8908629 0.8883249 0.8883249 0.8883249 0.8857868 0.8883249 0.8857868 

$SVM$`F1 Measure`
   1         2         3         4         5         6         7         8         9        10
1  0 0.7878788 0.7812500 0.8571429 0.8266667 0.8000000 0.8333333 0.8421053 0.8311688 0.8461538
2  0 0.7761194 0.7761194 0.8055556 0.8055556 0.8285714 0.8450704 0.8767123 0.8767123 0.8947368
3  0 0.8000000 0.7857143 0.8780488 0.8705882 0.8809524 0.8780488 0.8780488 0.8780488 0.8780488
4  0 0.8539326 0.8958333 0.8888889 0.8800000 0.8800000 0.8800000 0.8484848 0.8686869 0.8712871
5  0 0.8405797 0.8405797 0.8888889 0.8888889 0.8421053 0.8051948 0.8157895 0.8051948 0.8354430
6  0 0.8311688 0.8108108 0.8974359 0.9135802 0.9024390 0.9250000 0.9024390 0.9024390 0.9047619
7  0 0.8108108 0.8311688 0.8378378 0.8108108 0.8157895 0.7777778 0.8108108 0.8205128 0.8311688
8  0 0.8064516 0.8064516 0.8787879 0.8615385 0.8615385 0.8787879 0.8450704 0.8450704 0.8571429
9  0 0.8378378 0.8717949 0.8717949 0.8354430 0.8000000 0.8048780 0.8372093 0.8235294 0.8292683
10 0 0.5283019 0.8387097 0.8787879 0.8750000 0.8358209 0.8358209 0.8000000 0.8000000 0.8333333
          11        12        13        14        15        16        17        18        19        20
1  0.8311688 0.8101266 0.8250000 0.8250000 0.8250000 0.8354430 0.8101266 0.8101266 0.8250000 0.7951807
2  0.8800000 0.9090909 0.9210526 0.9210526 0.9090909 0.8947368 0.8684211 0.8684211 0.8831169 0.8831169
3  0.9047619 0.9302326 0.9318182 0.9213483 0.9318182 0.9302326 0.9195402 0.8888889 0.8888889 0.8791209
4  0.8600000 0.9019608 0.8932039 0.9038462 0.9038462 0.9126214 0.9215686 0.9215686 0.9215686 0.9215686
5  0.8461538 0.8461538 0.8571429 0.8860759 0.8860759 0.8974359 0.9090909 0.8947368 0.8831169 0.8831169
6  0.9156627 0.8941176 0.8809524 0.8705882 0.8837209 0.8837209 0.8470588 0.8470588 0.8470588 0.8604651
7  0.8421053 0.8571429 0.8461538 0.8571429 0.8421053 0.8684211 0.8461538 0.8311688 0.8205128 0.8311688
8  0.8571429 0.8732394 0.8611111 0.8611111 0.8611111 0.8493151 0.8378378 0.8266667 0.8266667 0.8157895
9  0.8292683 0.8433735 0.8148148 0.8292683 0.7901235 0.8250000 0.8395062 0.8292683 0.8433735 0.8571429
10 0.8918919 0.9066667 0.9166667 0.9295775 0.9444444 0.9295775 0.9166667 0.9315068 0.9166667 0.9041096
          21        22        23        24        25        26        27        28        29        30
1  0.7857143 0.7764706 0.7674419 0.7674419 0.7674419 0.7674419 0.7674419 0.7674419 0.7619048 0.7674419
2  0.9090909 0.8974359 0.8974359 0.8860759 0.8860759 0.8750000 0.8750000 0.8750000 0.8641975 0.8536585
3  0.8666667 0.8764045 0.8764045 0.8764045 0.8888889 0.8735632 0.8735632 0.8965517 0.9069767 0.8837209
4  0.9200000 0.9215686 0.9320388 0.9320388 0.9320388 0.9230769 0.9126214 0.9126214 0.9019608 0.9019608
5  0.8947368 0.8860759 0.8974359 0.8974359 0.8974359 0.8974359 0.8860759 0.8860759 0.8750000 0.8750000
6  0.8604651 0.8604651 0.8604651 0.8604651 0.8705882 0.8604651 0.8604651 0.8505747 0.8314607 0.8314607
7  0.8461538 0.8354430 0.8461538 0.8354430 0.8395062 0.8500000 0.8395062 0.8148148 0.8250000 0.8250000
8  0.8157895 0.8051948 0.7894737 0.8000000 0.8000000 0.8108108 0.8000000 0.8000000 0.8000000 0.8000000
9  0.8470588 0.8470588 0.8372093 0.8181818 0.8314607 0.8314607 0.8045977 0.8045977 0.8045977 0.8045977
10 0.9041096 0.9041096 0.9166667 0.9014085 0.8800000 0.8800000 0.8571429 0.8684211 0.8461538 0.8461538
          31        32        33        34        35        36        37        38        39        40
1  0.7674419 0.7674419 0.7674419 0.7674419 0.7674419 0.7764706 0.7764706 0.7674419 0.7857143 0.8048780
2  0.8536585 0.8536585 0.8536585 0.8536585 0.8333333 0.8333333 0.8433735 0.8433735 0.8433735 0.8433735
3  0.9176471 0.8941176 0.8837209 0.8837209 0.8837209 0.8941176 0.8941176 0.9047619 0.9047619 0.8915663
4  0.9038462 0.9038462 0.8846154 0.8846154 0.8846154 0.8846154 0.8932039 0.8932039 0.8932039 0.8932039
5  0.8641975 0.8750000 0.8607595 0.8607595 0.8607595 0.8607595 0.8607595 0.8607595 0.8717949 0.8717949
6  0.8314607 0.8222222 0.8505747 0.8409091 0.8409091 0.8409091 0.8314607 0.8222222 0.8222222 0.8409091
7  0.8395062 0.8250000 0.8250000 0.8148148 0.8250000 0.8250000 0.8250000 0.8250000 0.8250000 0.8250000
8  0.8000000 0.8000000 0.7894737 0.7894737 0.7894737 0.7894737 0.7894737 0.7894737 0.7733333 0.7733333
9  0.8045977 0.7954545 0.8089888 0.8000000 0.8000000 0.8000000 0.8089888 0.8000000 0.8000000 0.7912088
10 0.8461538 0.8461538 0.8571429 0.8571429 0.8571429 0.8684211 0.8684211 0.8684211 0.8800000 0.8800000
          41        42        43        44        45        46        47        48        49        50
1  0.8048780 0.8048780 0.8148148 0.8250000 0.8250000 0.8461538 0.8571429 0.8684211 0.8684211 0.8684211
2  0.8433735 0.8433735 0.8536585 0.8395062 0.8395062 0.8607595 0.8717949 0.8717949 0.8607595 0.8717949
3  0.8809524 0.8809524 0.8915663 0.8915663 0.8915663 0.9047619 0.9047619 0.9047619 0.9047619 0.9156627
4  0.8932039 0.8932039 0.8932039 0.8932039 0.8932039 0.9019608 0.9019608 0.9019608 0.9019608 0.8932039
5  0.8607595 0.8607595 0.8717949 0.8607595 0.8607595 0.8571429 0.8571429 0.8684211 0.8684211 0.8684211
6  0.8409091 0.8505747 0.8604651 0.8470588 0.8470588 0.8470588 0.8470588 0.8433735 0.8536585 0.8536585
7  0.8250000 0.8250000 0.8250000 0.8250000 0.8250000 0.8148148 0.8250000 0.8250000 0.8250000 0.8250000
8  0.7733333 0.7733333 0.7631579 0.7631579 0.7887324 0.8000000 0.8000000 0.7777778 0.7945205 0.8055556
9  0.7912088 0.7912088 0.7912088 0.7912088 0.7912088 0.7912088 0.7912088 0.7912088 0.7912088 0.7912088
10 0.8800000 0.8800000 0.8918919 0.8918919 0.8918919 0.8918919 0.8800000 0.8918919 0.8918919 0.8767123

$SVM$`Mean F1 Measure`
        1         2         3         4         5         6         7         8         9        10 
0.0000000 0.7873081 0.8238433 0.8683169 0.8568072 0.8447217 0.8463912 0.8456670 0.8451363 0.8581345 
       11        12        13        14        15        16        17        18        19        20 
0.8658156 0.8772105 0.8747916 0.8805011 0.8777336 0.8826504 0.8715971 0.8649411 0.8655970 0.8630780 
       21        22        23        24        25        26        27        28        29        30 
0.8649786 0.8610227 0.8620726 0.8574895 0.8593437 0.8569255 0.8476414 0.8476099 0.8417252 0.8388994 
       31        32        33        34        35        36        37        38        39        40 
0.8428510 0.8382895 0.8381376 0.8352537 0.8342397 0.8373100 0.8391269 0.8374658 0.8399404 0.8415268 
       41        42        43        44        45        46        47        48        49        50 
0.8393619 0.8403284 0.8456762 0.8428353 0.8453928 0.8515753 0.8536071 0.8544612 0.8560604 0.8569639 

$SVM$`St Dev F1 Measure`
         1          2          3          4          5          6          7          8          9 
0.00000000 0.09430646 0.03951736 0.02791502 0.03565401 0.03552049 0.04443836 0.03252532 0.03467209 
        10         11         12         13         14         15         16         17         18 
0.02772552 0.03068952 0.03744920 0.04071278 0.03803872 0.04847465 0.03741083 0.04141989 0.04257480 
        19         20         21         22         23         24         25         26         27 
0.03790508 0.03954143 0.04319356 0.04573828 0.05341875 0.05132767 0.04945802 0.04471623 0.04471562 
        28         29         30         31         32         33         34         35         36 
0.04820411 0.04642049 0.04163852 0.04597733 0.04449126 0.03929217 0.04033316 0.03941649 0.04020057 
        37         38         39         40         41         42         43         44         45 
0.04062068 0.04493114 0.04616330 0.04265250 0.04059340 0.04074911 0.04548649 0.04386650 0.03920269 
        46         47         48         49         50 
0.04057029 0.03892413 0.04440940 0.04089775 0.03891663 

$SVM$`Micro Ave F1 Measure`
        1         2         3         4         5         6         7         8         9        10 
      NaN 0.7960894 0.8267394 0.8692206 0.8578879 0.8464516 0.8478544 0.8466413 0.8463476 0.8589263 
       11        12        13        14        15        16        17        18        19        20 
0.8660826 0.8782288 0.8754624 0.8809816 0.8785276 0.8836634 0.8729963 0.8662577 0.8669109 0.8644068 
       21        22        23        24        25        26        27        28        29        30 
0.8654545 0.8619448 0.8629808 0.8585132 0.8608799 0.8581645 0.8489893 0.8489893 0.8432304 0.8402367 
       31        32        33        34        35        36        37        38        39        40 
0.8443396 0.8396226 0.8392435 0.8362780 0.8352941 0.8382527 0.8402367 0.8382527 0.8408551 0.8424821 
       41        42        43        44        45        46        47        48        49        50 
0.8404762 0.8414779 0.8465228 0.8437500 0.8464329 0.8526188 0.8547009 0.8553922 0.8567931 0.8574939 

