> chisq_5
$`NAIVE BAYES`
$`NAIVE BAYES`$`Accuracy per Fold`
   1         2         3         4         5         6         7         8         9        10
1  0 0.9728959 0.9728959 0.9814551 0.9728959 0.9686163 0.9686163 0.9700428 0.9671897 0.9643367
2  0 0.9703390 0.9703390 0.9745763 0.9731638 0.9703390 0.9717514 0.9703390 0.9703390 0.9675141
3  0 0.9618105 0.9674682 0.9702970 0.9618105 0.9589816 0.9618105 0.9561528 0.9504950 0.9504950
4  0 0.9745763 0.9759887 0.9788136 0.9788136 0.9759887 0.9802260 0.9858757 0.9830508 0.9816384
5  0 0.9675141 0.9717514 0.9689266 0.9661017 0.9731638 0.9717514 0.9703390 0.9675141 0.9689266
6  0 0.9674682 0.9674682 0.9702970 0.9632249 0.9646393 0.9632249 0.9632249 0.9660537 0.9603960
7  0 0.9731638 0.9774011 0.9802260 0.9788136 0.9830508 0.9858757 0.9858757 0.9844633 0.9830508
8  0 0.9674682 0.9731259 0.9674682 0.9589816 0.9603960 0.9632249 0.9603960 0.9674682 0.9688826
9  0 0.9604520 0.9646893 0.9675141 0.9661017 0.9661017 0.9689266 0.9661017 0.9632768 0.9646893
10 0 0.9614836 0.9629101 0.9614836 0.9572040 0.9572040 0.9614836 0.9629101 0.9614836 0.9629101
          11        12        13        14        15        16        17        18        19        20
1  0.9686163 0.9686163 0.9671897 0.9671897 0.9600571 0.9600571 0.9600571 0.9586305 0.9586305 0.9600571
2  0.9632768 0.9590395 0.9646893 0.9618644 0.9590395 0.9576271 0.9576271 0.9576271 0.9590395 0.9576271
3  0.9547383 0.9547383 0.9533239 0.9519095 0.9504950 0.9490806 0.9490806 0.9476662 0.9490806 0.9490806
4  0.9802260 0.9816384 0.9788136 0.9788136 0.9816384 0.9816384 0.9788136 0.9774011 0.9788136 0.9802260
5  0.9675141 0.9661017 0.9661017 0.9661017 0.9661017 0.9632768 0.9646893 0.9646893 0.9618644 0.9618644
6  0.9533239 0.9533239 0.9547383 0.9533239 0.9490806 0.9462518 0.9462518 0.9490806 0.9476662 0.9462518
7  0.9802260 0.9774011 0.9774011 0.9759887 0.9774011 0.9759887 0.9745763 0.9731638 0.9717514 0.9703390
8  0.9589816 0.9603960 0.9603960 0.9575672 0.9589816 0.9618105 0.9618105 0.9603960 0.9575672 0.9575672
9  0.9618644 0.9604520 0.9618644 0.9604520 0.9576271 0.9590395 0.9576271 0.9576271 0.9562147 0.9562147
10 0.9586305 0.9543509 0.9514979 0.9543509 0.9529244 0.9500713 0.9500713 0.9500713 0.9486448 0.9529244
          21        22        23        24        25        26        27        28        29        30
1  0.9557775 0.9543509 0.9557775 0.9572040 0.9557775 0.9557775 0.9557775 0.9543509 0.9543509 0.9543509
2  0.9590395 0.9533898 0.9548023 0.9548023 0.9533898 0.9548023 0.9548023 0.9533898 0.9548023 0.9533898
3  0.9490806 0.9490806 0.9490806 0.9504950 0.9490806 0.9504950 0.9504950 0.9462518 0.9434229 0.9420085
4  0.9774011 0.9731638 0.9731638 0.9717514 0.9703390 0.9675141 0.9675141 0.9675141 0.9661017 0.9661017
5  0.9618644 0.9618644 0.9604520 0.9604520 0.9576271 0.9590395 0.9576271 0.9604520 0.9590395 0.9618644
6  0.9462518 0.9476662 0.9504950 0.9519095 0.9533239 0.9561528 0.9561528 0.9533239 0.9519095 0.9448373
7  0.9703390 0.9703390 0.9703390 0.9703390 0.9703390 0.9689266 0.9675141 0.9675141 0.9646893 0.9632768
8  0.9589816 0.9589816 0.9603960 0.9589816 0.9603960 0.9575672 0.9561528 0.9575672 0.9561528 0.9561528
9  0.9548023 0.9548023 0.9491525 0.9491525 0.9491525 0.9491525 0.9505650 0.9519774 0.9533898 0.9533898
10 0.9529244 0.9557775 0.9600571 0.9600571 0.9586305 0.9629101 0.9600571 0.9614836 0.9557775 0.9543509
          31        32        33        34        35        36        37        38        39        40
1  0.9543509 0.9543509 0.9529244 0.9529244 0.9529244 0.9486448 0.9529244 0.9529244 0.9529244 0.9529244
2  0.9533898 0.9491525 0.9491525 0.9491525 0.9505650 0.9491525 0.9477401 0.9463277 0.9449153 0.9406780
3  0.9420085 0.9405941 0.9405941 0.9363508 0.9349364 0.9349364 0.9349364 0.9321075 0.9321075 0.9321075
4  0.9632768 0.9646893 0.9646893 0.9646893 0.9576271 0.9576271 0.9548023 0.9548023 0.9533898 0.9505650
5  0.9618644 0.9604520 0.9576271 0.9548023 0.9519774 0.9533898 0.9505650 0.9491525 0.9491525 0.9477401
6  0.9462518 0.9462518 0.9434229 0.9434229 0.9434229 0.9434229 0.9405941 0.9377652 0.9349364 0.9363508
7  0.9618644 0.9618644 0.9632768 0.9618644 0.9562147 0.9562147 0.9562147 0.9562147 0.9548023 0.9519774
8  0.9561528 0.9561528 0.9547383 0.9561528 0.9533239 0.9462518 0.9462518 0.9434229 0.9434229 0.9405941
9  0.9519774 0.9505650 0.9505650 0.9505650 0.9491525 0.9491525 0.9491525 0.9491525 0.9491525 0.9477401
10 0.9514979 0.9500713 0.9514979 0.9514979 0.9514979 0.9472183 0.9415121 0.9415121 0.9372325 0.9372325
          41        42        43        44        45        46        47        48        49        50
1  0.9529244 0.9529244 0.9500713 0.9500713 0.9500713 0.9500713 0.9500713 0.9500713 0.9500713 0.9500713
2  0.9392655 0.9378531 0.9378531 0.9378531 0.9378531 0.9378531 0.9378531 0.9378531 0.9378531 0.9336158
3  0.9321075 0.9335219 0.9321075 0.9321075 0.9335219 0.9321075 0.9306931 0.9306931 0.9321075 0.9306931
4  0.9491525 0.9491525 0.9491525 0.9491525 0.9491525 0.9491525 0.9463277 0.9463277 0.9463277 0.9449153
5  0.9477401 0.9463277 0.9463277 0.9463277 0.9449153 0.9435028 0.9435028 0.9435028 0.9420904 0.9420904
6  0.9363508 0.9363508 0.9363508 0.9349364 0.9349364 0.9321075 0.9321075 0.9306931 0.9306931 0.9306931
7  0.9519774 0.9477401 0.9463277 0.9449153 0.9491525 0.9463277 0.9435028 0.9420904 0.9420904 0.9392655
8  0.9405941 0.9405941 0.9405941 0.9391796 0.9391796 0.9391796 0.9349364 0.9349364 0.9363508 0.9363508
9  0.9463277 0.9449153 0.9435028 0.9406780 0.9392655 0.9392655 0.9392655 0.9378531 0.9378531 0.9378531
10 0.9343795 0.9315264 0.9315264 0.9315264 0.9315264 0.9315264 0.9315264 0.9329529 0.9329529 0.9329529

$`NAIVE BAYES`$`Mean Accuracy`
        1         2         3         4         5         6         7         8         9        10 
0.0000000 0.9677171 0.9704038 0.9721057 0.9677111 0.9678481 0.9696891 0.9691258 0.9681334 0.9672840 
       11        12        13        14        15        16        17        18        19        20 
0.9647398 0.9636058 0.9636016 0.9627562 0.9613347 0.9604842 0.9600605 0.9596353 0.9589273 0.9592152 
       21        22        23        24        25        26        27        28        29        30 
0.9586462 0.9579416 0.9583716 0.9585144 0.9578056 0.9582338 0.9576658 0.9573825 0.9559636 0.9549723 
       31        32        33        34        35        36        37        38        39        40 
0.9542635 0.9534144 0.9528488 0.9521422 0.9501642 0.9486011 0.9474693 0.9463382 0.9452036 0.9437910 
       41        42        43        44        45        46        47        48        49        50 
0.9430819 0.9420906 0.9413814 0.9406748 0.9409575 0.9401094 0.9389787 0.9386974 0.9388390 0.9378501 

$`NAIVE BAYES`$`St Dev Accuracy`
          1           2           3           4           5           6           7           8 
0.000000000 0.005132696 0.004733344 0.006468012 0.007816439 0.008118809 0.008139383 0.009955525 
          9          10          11          12          13          14          15          16 
0.009882750 0.009567377 0.009507939 0.009763438 0.009345952 0.009274129 0.010840625 0.011298536 
         17          18          19          20          21          22          23          24 
0.010592124 0.009888112 0.010040784 0.009986070 0.009427852 0.008394000 0.008340789 0.007691757 
         25          26          27          28          29          30          31          32 
0.007574025 0.006565214 0.005943103 0.006882237 0.006435393 0.007588601 0.006899084 0.007524417 
         33          34          35          36          37          38          39          40 
0.007710586 0.008252665 0.006612183 0.006531534 0.006780823 0.007718689 0.008121740 0.007320442 
         41          42          43          44          45          46          47          48 
0.007507947 0.007174468 0.006756394 0.006752142 0.006905648 0.006988858 0.006725418 0.006657500 
         49          50 
0.006305545 0.006375857 

$`NAIVE BAYES`$`Precisions per Fold`
   1         2         3         4         5         6         7         8         9        10
1  0 0.7692308 0.7837838 0.8648649 0.7837838 0.7647059 0.7500000 0.7435897 0.7297297 0.6923077
2  0 0.6000000 0.6052632 0.6486486 0.6388889 0.6000000 0.6216216 0.6052632 0.6111111 0.5937500
3  0 0.5945946 0.6571429 0.6969697 0.6000000 0.5757576 0.6060606 0.5454545 0.4864865 0.4883721
4  0 0.7878788 0.7777778 0.8055556 0.8055556 0.7941176 0.8285714 0.8292683 0.8205128 0.8157895
5  0 0.6071429 0.6451613 0.6060606 0.5641026 0.6315789 0.6285714 0.6000000 0.5833333 0.6060606
6  0 0.6428571 0.6428571 0.6750000 0.5957447 0.6086957 0.6000000 0.5882353 0.6122449 0.5686275
7  0 0.8285714 0.8421053 0.8684211 0.8139535 0.8571429 0.8809524 0.8636364 0.8780488 0.8409091
8  0 0.6363636 0.7096774 0.6285714 0.5333333 0.5454545 0.5750000 0.5476190 0.6216216 0.6562500
9  0 0.5555556 0.5945946 0.6285714 0.5952381 0.6052632 0.6388889 0.6000000 0.5789474 0.6000000
10 0 0.6428571 0.6382979 0.6250000 0.5849057 0.5849057 0.6111111 0.6226415 0.6250000 0.6326531
          11        12        13        14        15        16        17        18        19        20
1  0.6875000 0.6875000 0.6734694 0.6808511 0.6200000 0.6200000 0.6200000 0.6078431 0.6078431 0.6153846
2  0.5454545 0.5000000 0.5588235 0.5263158 0.5000000 0.4871795 0.4871795 0.4871795 0.5000000 0.4871795
3  0.5250000 0.5263158 0.5128205 0.5000000 0.4878049 0.4750000 0.4772727 0.4666667 0.4772727 0.4772727
4  0.7948718 0.8157895 0.7750000 0.7894737 0.8000000 0.8000000 0.7750000 0.7560976 0.7750000 0.7948718
5  0.5882353 0.5675676 0.5714286 0.5675676 0.5641026 0.5365854 0.5500000 0.5500000 0.5238095 0.5238095
6  0.5185185 0.5185185 0.5272727 0.5178571 0.4915254 0.4754098 0.4754098 0.4915254 0.4833333 0.4754098
7  0.8043478 0.7826087 0.7826087 0.7659574 0.7826087 0.7659574 0.7500000 0.7346939 0.7291667 0.7234043
8  0.5405405 0.5476190 0.5500000 0.5227273 0.5348837 0.5581395 0.5531915 0.5416667 0.5208333 0.5217391
9  0.5675676 0.5500000 0.5714286 0.5555556 0.5294118 0.5454545 0.5294118 0.5294118 0.5135135 0.5135135
10 0.5961538 0.5636364 0.5423729 0.5614035 0.5517241 0.5344828 0.5344828 0.5344828 0.5254237 0.5517241
          21        22        23        24        25        26        27        28        29        30
1  0.5818182 0.5714286 0.5789474 0.5892857 0.5789474 0.5789474 0.5789474 0.5689655 0.5689655 0.5689655
2  0.5000000 0.4545455 0.4651163 0.4651163 0.4545455 0.4651163 0.4651163 0.4583333 0.4680851 0.4583333
3  0.4772727 0.4772727 0.4791667 0.4893617 0.4807692 0.4901961 0.4901961 0.4629630 0.4464286 0.4385965
4  0.7692308 0.7142857 0.7142857 0.7179487 0.6904762 0.6666667 0.6666667 0.6666667 0.6511628 0.6444444
5  0.5238095 0.5238095 0.5116279 0.5116279 0.4888889 0.5000000 0.4897959 0.5106383 0.5000000 0.5217391
6  0.4754098 0.4833333 0.5000000 0.5087719 0.5172414 0.5357143 0.5357143 0.5172414 0.5084746 0.4687500
7  0.7234043 0.7234043 0.7234043 0.7234043 0.7234043 0.7083333 0.6938776 0.6938776 0.6666667 0.6538462
8  0.5333333 0.5333333 0.5454545 0.5333333 0.5454545 0.5217391 0.5111111 0.5217391 0.5102041 0.5102041
9  0.5000000 0.5000000 0.4523810 0.4523810 0.4523810 0.4523810 0.4634146 0.4750000 0.4878049 0.4871795
10 0.5517241 0.5714286 0.6000000 0.6000000 0.5892857 0.6226415 0.6000000 0.6111111 0.5689655 0.5593220
          31        32        33        34        35        36        37        38        39        40
1  0.5689655 0.5689655 0.5593220 0.5593220 0.5593220 0.5322581 0.5593220 0.5593220 0.5593220 0.5593220
2  0.4583333 0.4313725 0.4313725 0.4313725 0.4400000 0.4313725 0.4230769 0.4150943 0.4074074 0.3859649
3  0.4385965 0.4310345 0.4310345 0.4098361 0.4032258 0.4062500 0.4062500 0.3939394 0.3939394 0.3939394
4  0.6222222 0.6250000 0.6250000 0.6250000 0.5686275 0.5660377 0.5454545 0.5438596 0.5344828 0.5161290
5  0.5217391 0.5106383 0.4897959 0.4705882 0.4528302 0.4615385 0.4444444 0.4363636 0.4363636 0.4285714
6  0.4761905 0.4761905 0.4615385 0.4603175 0.4615385 0.4615385 0.4477612 0.4347826 0.4225352 0.4285714
7  0.6415094 0.6415094 0.6481481 0.6363636 0.5932203 0.5932203 0.5932203 0.5932203 0.5833333 0.5645161
8  0.5102041 0.5102041 0.5000000 0.5102041 0.4901961 0.4464286 0.4464286 0.4333333 0.4333333 0.4193548
9  0.4736842 0.4615385 0.4615385 0.4615385 0.4500000 0.4500000 0.4500000 0.4500000 0.4500000 0.4418605
10 0.5409836 0.5322581 0.5409836 0.5409836 0.5409836 0.5156250 0.4848485 0.4848485 0.4637681 0.4637681
          41        42        43        44        45        46        47        48        49        50
1  0.5593220 0.5593220 0.5409836 0.5409836 0.5409836 0.5409836 0.5409836 0.5409836 0.5409836 0.5409836
2  0.3793103 0.3728814 0.3728814 0.3728814 0.3728814 0.3728814 0.3728814 0.3728814 0.3728814 0.3548387
3  0.3939394 0.4029851 0.3939394 0.3939394 0.4029851 0.3939394 0.3880597 0.3880597 0.3970588 0.3913043
4  0.5079365 0.5079365 0.5079365 0.5079365 0.5079365 0.5079365 0.4923077 0.4923077 0.4923077 0.4848485
5  0.4285714 0.4210526 0.4210526 0.4210526 0.4137931 0.4067797 0.4067797 0.4067797 0.4000000 0.4000000
6  0.4285714 0.4285714 0.4285714 0.4225352 0.4225352 0.4109589 0.4109589 0.4054054 0.4054054 0.4054054
7  0.5645161 0.5384615 0.5303030 0.5223881 0.5454545 0.5285714 0.5138889 0.5068493 0.5068493 0.4933333
8  0.4193548 0.4193548 0.4193548 0.4126984 0.4126984 0.4126984 0.3939394 0.3939394 0.4000000 0.4000000
9  0.4347826 0.4255319 0.4166667 0.3958333 0.3877551 0.3877551 0.3877551 0.3800000 0.3800000 0.3800000
10 0.4507042 0.4383562 0.4383562 0.4383562 0.4383562 0.4383562 0.4383562 0.4444444 0.4444444 0.4444444

$`NAIVE BAYES`$`Mean Precisions`
        1         2         3         4         5         6         7         8         9        10 
0.0000000 0.6665052 0.6896661 0.7047663 0.6515506 0.6567622 0.6740777 0.6545708 0.6547036 0.6494719 
       11        12        13        14        15        16        17        18        19        20 
0.6168190 0.6059555 0.6065225 0.5987709 0.5862061 0.5798209 0.5751948 0.5699567 0.5656196 0.5684309 
       21        22        23        24        25        26        27        28        29        30 
0.5636003 0.5552841 0.5570384 0.5591231 0.5521394 0.5541736 0.5494840 0.5486536 0.5376758 0.5311381 
       31        32        33        34        35        36        37        38        39        40 
0.5252429 0.5188711 0.5148734 0.5105526 0.4959944 0.4864269 0.4800807 0.4744764 0.4684485 0.4601998 
       41        42        43        44        45        46        47        48        49        50 
0.4567009 0.4514453 0.4470046 0.4428605 0.4445379 0.4400861 0.4345910 0.4331651 0.4339931 0.4295158 

$`NAIVE BAYES`$`St Dev Precisions`
         1          2          3          4          5          6          7          8          9 
0.00000000 0.09369235 0.08451865 0.10240752 0.10684623 0.10729190 0.10665905 0.11513475 0.11917036 
        10         11         12         13         14         15         16         17         18 
0.10872972 0.10777572 0.11396838 0.10054397 0.10678571 0.11500711 0.11584833 0.10783291 0.10055147 
        19         20         21         22         23         24         25         26         27 
0.10505945 0.10981177 0.10225976 0.09428501 0.09755144 0.09738158 0.09451658 0.08720034 0.08250716 
        28         29         30         31         32         33         34         35         36 
0.08393937 0.07465397 0.07478602 0.06861301 0.07424808 0.07680288 0.07829265 0.06472481 0.06175284 
        37         38         39         40         41         42         43         44         45 
0.06362079 0.06794850 0.06652273 0.06476842 0.06515132 0.06168082 0.05827762 0.05916860 0.06330898 
        46         47         48         49         50 
0.06210113 0.05972556 0.05979583 0.05907357 0.05924956 

$`NAIVE BAYES`$`Micro Ave Precisions`
        1         2         3         4         5         6         7         8         9        10 
      NaN 0.6657534 0.6881720 0.7043011 0.6464891 0.6517413 0.6717557 0.6555819 0.6557789 0.6489899 
       11        12        13        14        15        16        17        18        19        20 
0.6190476 0.6059908 0.6064815 0.5977273 0.5848214 0.5774336 0.5726681 0.5689655 0.5631692 0.5655914 
       21        22        23        24        25        26        27        28        29        30 
0.5607676 0.5548523 0.5574113 0.5590717 0.5523614 0.5555556 0.5512295 0.5483871 0.5374016 0.5299807 
       31        32        33        34        35        36        37        38        39        40 
0.5250965 0.5189394 0.5149813 0.5102421 0.4972777 0.4876325 0.4807692 0.4743151 0.4679054 0.4603960 
       41        42        43        44        45        46        47        48        49        50 
0.4567700 0.4517685 0.4480000 0.4442675 0.4460317 0.4418239 0.4363354 0.4349845 0.4358578 0.4311927 

$`NAIVE BAYES`$`Recalls per Fold`
   1         2         3         4         5         6         7         8         9        10
1  0 0.7500000 0.7250000 0.8000000 0.7250000 0.6500000 0.6750000 0.7250000 0.6750000 0.6750000
2  0 0.8275862 0.7931034 0.8275862 0.7931034 0.8275862 0.7931034 0.7931034 0.7586207 0.6551724
3  0 0.6470588 0.6764706 0.6764706 0.6176471 0.5588235 0.5882353 0.5294118 0.5294118 0.6176471
4  0 0.7027027 0.7567568 0.7837838 0.7837838 0.7297297 0.7837838 0.9189189 0.8648649 0.8378378
5  0 0.5862069 0.6896552 0.6896552 0.7586207 0.8275862 0.7586207 0.8275862 0.7241379 0.6896552
6  0 0.7714286 0.7714286 0.7714286 0.8000000 0.8000000 0.7714286 0.8571429 0.8571429 0.8285714
7  0 0.6904762 0.7619048 0.7857143 0.8333333 0.8571429 0.8809524 0.9047619 0.8571429 0.8809524
8  0 0.6562500 0.6875000 0.6875000 0.7500000 0.7500000 0.7187500 0.7187500 0.7187500 0.6562500
9  0 0.6250000 0.6875000 0.6875000 0.7812500 0.7187500 0.7187500 0.7500000 0.6875000 0.6562500
10 0 0.6923077 0.7692308 0.7692308 0.7948718 0.7948718 0.8461538 0.8461538 0.7692308 0.7948718
          11        12        13        14        15        16        17        18        19        20
1  0.8250000 0.8250000 0.8250000 0.8000000 0.7750000 0.7750000 0.7750000 0.7750000 0.7750000 0.8000000
2  0.6206897 0.6206897 0.6551724 0.6896552 0.6551724 0.6551724 0.6551724 0.6551724 0.6551724 0.6551724
3  0.6176471 0.5882353 0.5882353 0.5882353 0.5882353 0.5588235 0.6176471 0.6176471 0.6176471 0.6176471
4  0.8378378 0.8378378 0.8378378 0.8108108 0.8648649 0.8648649 0.8378378 0.8378378 0.8378378 0.8378378
5  0.6896552 0.7241379 0.6896552 0.7241379 0.7586207 0.7586207 0.7586207 0.7586207 0.7586207 0.7586207
6  0.8000000 0.8000000 0.8285714 0.8285714 0.8285714 0.8285714 0.8285714 0.8285714 0.8285714 0.8285714
7  0.8809524 0.8571429 0.8571429 0.8571429 0.8571429 0.8571429 0.8571429 0.8571429 0.8333333 0.8095238
8  0.6250000 0.7187500 0.6875000 0.7187500 0.7187500 0.7500000 0.8125000 0.8125000 0.7812500 0.7500000
9  0.6562500 0.6875000 0.6250000 0.6250000 0.5625000 0.5625000 0.5625000 0.5625000 0.5937500 0.5937500
10 0.7948718 0.7948718 0.8205128 0.8205128 0.8205128 0.7948718 0.7948718 0.7948718 0.7948718 0.8205128
          21        22        23        24        25        26        27        28        29        30
1  0.8000000 0.8000000 0.8250000 0.8250000 0.8250000 0.8250000 0.8250000 0.8250000 0.8250000 0.8250000
2  0.6896552 0.6896552 0.6896552 0.6896552 0.6896552 0.6896552 0.6896552 0.7586207 0.7586207 0.7586207
3  0.6176471 0.6176471 0.6764706 0.6764706 0.7352941 0.7352941 0.7352941 0.7352941 0.7352941 0.7352941
4  0.8108108 0.8108108 0.8108108 0.7567568 0.7837838 0.7567568 0.7567568 0.7567568 0.7567568 0.7837838
5  0.7586207 0.7586207 0.7586207 0.7586207 0.7586207 0.8275862 0.8275862 0.8275862 0.7931034 0.8275862
6  0.8285714 0.8285714 0.8285714 0.8285714 0.8571429 0.8571429 0.8571429 0.8571429 0.8571429 0.8571429
7  0.8095238 0.8095238 0.8095238 0.8095238 0.8095238 0.8095238 0.8095238 0.8095238 0.8095238 0.8095238
8  0.7500000 0.7500000 0.7500000 0.7500000 0.7500000 0.7500000 0.7187500 0.7500000 0.7812500 0.7812500
9  0.5937500 0.5937500 0.5937500 0.5937500 0.5937500 0.5937500 0.5937500 0.5937500 0.6250000 0.5937500
10 0.8205128 0.8205128 0.8461538 0.8461538 0.8461538 0.8461538 0.8461538 0.8461538 0.8461538 0.8461538
          31        32        33        34        35        36        37        38        39        40
1  0.8250000 0.8250000 0.8250000 0.8250000 0.8250000 0.8250000 0.8250000 0.8250000 0.8250000 0.8250000
2  0.7586207 0.7586207 0.7586207 0.7586207 0.7586207 0.7586207 0.7586207 0.7586207 0.7586207 0.7586207
3  0.7352941 0.7352941 0.7352941 0.7352941 0.7352941 0.7647059 0.7647059 0.7647059 0.7647059 0.7647059
4  0.7567568 0.8108108 0.8108108 0.8108108 0.7837838 0.8108108 0.8108108 0.8378378 0.8378378 0.8648649
5  0.8275862 0.8275862 0.8275862 0.8275862 0.8275862 0.8275862 0.8275862 0.8275862 0.8275862 0.8275862
6  0.8571429 0.8571429 0.8571429 0.8285714 0.8571429 0.8571429 0.8571429 0.8571429 0.8571429 0.8571429
7  0.8095238 0.8095238 0.8333333 0.8333333 0.8333333 0.8333333 0.8333333 0.8333333 0.8333333 0.8333333
8  0.7812500 0.7812500 0.7812500 0.7812500 0.7812500 0.7812500 0.7812500 0.8125000 0.8125000 0.8125000
9  0.5625000 0.5625000 0.5625000 0.5625000 0.5625000 0.5625000 0.5625000 0.5625000 0.5625000 0.5937500
10 0.8461538 0.8461538 0.8461538 0.8461538 0.8461538 0.8461538 0.8205128 0.8205128 0.8205128 0.8205128
          41        42        43        44        45        46        47        48        49        50
1  0.8250000 0.8250000 0.8250000 0.8250000 0.8250000 0.8250000 0.8250000 0.8250000 0.8250000 0.8250000
2  0.7586207 0.7586207 0.7586207 0.7586207 0.7586207 0.7586207 0.7586207 0.7586207 0.7586207 0.7586207
3  0.7647059 0.7941176 0.7647059 0.7647059 0.7941176 0.7647059 0.7647059 0.7647059 0.7941176 0.7941176
4  0.8648649 0.8648649 0.8648649 0.8648649 0.8648649 0.8648649 0.8648649 0.8648649 0.8648649 0.8648649
5  0.8275862 0.8275862 0.8275862 0.8275862 0.8275862 0.8275862 0.8275862 0.8275862 0.8275862 0.8275862
6  0.8571429 0.8571429 0.8571429 0.8571429 0.8571429 0.8571429 0.8571429 0.8571429 0.8571429 0.8571429
7  0.8333333 0.8333333 0.8333333 0.8333333 0.8571429 0.8809524 0.8809524 0.8809524 0.8809524 0.8809524
8  0.8125000 0.8125000 0.8125000 0.8125000 0.8125000 0.8125000 0.8125000 0.8125000 0.8125000 0.8125000
9  0.6250000 0.6250000 0.6250000 0.5937500 0.5937500 0.5937500 0.5937500 0.5937500 0.5937500 0.5937500
10 0.8205128 0.8205128 0.8205128 0.8205128 0.8205128 0.8205128 0.8205128 0.8205128 0.8205128 0.8205128

$`NAIVE BAYES`$`Mean Recalls`
        1         2         3         4         5         6         7         8         9        10 
0.0000000 0.6949017 0.7318550 0.7478869 0.7637610 0.7514490 0.7534778 0.7870829 0.7441802 0.7292208 
       11        12        13        14        15        16        17        18        19        20 
0.7347904 0.7454165 0.7414628 0.7462816 0.7429370 0.7405568 0.7499864 0.7499864 0.7476055 0.7471636 
       21        22        23        24        25        26        27        28        29        30 
0.7479092 0.7479092 0.7588556 0.7534502 0.7648924 0.7690863 0.7659613 0.7759828 0.7787846 0.7818105 
       31        32        33        34        35        36        37        38        39        40 
0.7759828 0.7813882 0.7837692 0.7809120 0.7810665 0.7867104 0.7841463 0.7899740 0.7899740 0.7958017 
       41        42        43        44        45        46        47        48        49        50 
0.7989267 0.8018678 0.7989267 0.7958017 0.8011238 0.8005636 0.8005636 0.8005636 0.8035047 0.8035047 

$`NAIVE BAYES`$`St Dev Recalls`
         1          2          3          4          5          6          7          8          9 
0.00000000 0.07231738 0.04354749 0.05635345 0.05940136 0.09186173 0.08403163 0.11430799 0.10333031 
        10         11         12         13         14         15         16         17         18 
0.09550300 0.10273115 0.09283445 0.10196383 0.09175120 0.10919525 0.11223240 0.10200948 0.10200948 
        19         20         21         22         23         24         25         26         27 
0.09152356 0.09178574 0.08595220 0.08595220 0.08235243 0.08031202 0.07969586 0.08204841 0.08343945 
        28         29         30         31         32         33         34         35         36 
0.07739658 0.06700202 0.07646082 0.08539505 0.08575287 0.08694314 0.08470465 0.08642768 0.08560832 
        37         38         39         40         41         42         43         44         45 
0.08399893 0.08571925 0.08571925 0.07878777 0.07001452 0.06902806 0.07001452 0.07878777 0.07956435 
        46         47         48         49         50 
0.08265247 0.08265247 0.08265247 0.08175312 0.08175312 

$`NAIVE BAYES`$`Micro Ave Recalls`
        1         2         3         4         5         6         7         8         9        10 
      NaN 0.6962751 0.7335244 0.7507163 0.7650430 0.7507163 0.7564470 0.7908309 0.7478510 0.7363897 
       11        12        13        14        15        16        17        18        19        20 
0.7449857 0.7535817 0.7507163 0.7535817 0.7507163 0.7478510 0.7564470 0.7564470 0.7535817 0.7535817 
       21        22        23        24        25        26        27        28        29        30 
0.7535817 0.7535817 0.7650430 0.7593123 0.7707736 0.7736390 0.7707736 0.7793696 0.7822350 0.7851003 
       31        32        33        34        35        36        37        38        39        40 
0.7793696 0.7851003 0.7879656 0.7851003 0.7851003 0.7908309 0.7879656 0.7936963 0.7936963 0.7994269 
       41        42        43        44        45        46        47        48        49        50 
0.8022923 0.8051576 0.8022923 0.7994269 0.8051576 0.8051576 0.8051576 0.8051576 0.8080229 0.8080229 

$`NAIVE BAYES`$`F1 Measure`
   1         2         3         4         5         6         7         8         9        10
1  0 0.7594937 0.7532468 0.8311688 0.7532468 0.7027027 0.7105263 0.7341772 0.7012987 0.6835443
2  0 0.6956522 0.6865672 0.7272727 0.7076923 0.6956522 0.6969697 0.6865672 0.6769231 0.6229508
3  0 0.6197183 0.6666667 0.6865672 0.6086957 0.5671642 0.5970149 0.5373134 0.5070423 0.5454545
4  0 0.7428571 0.7671233 0.7945205 0.7945205 0.7605634 0.8055556 0.8717949 0.8421053 0.8266667
5  0 0.5964912 0.6666667 0.6451613 0.6470588 0.7164179 0.6875000 0.6956522 0.6461538 0.6451613
6  0 0.7012987 0.7012987 0.7200000 0.6829268 0.6913580 0.6750000 0.6976744 0.7142857 0.6744186
7  0 0.7532468 0.8000000 0.8250000 0.8235294 0.8571429 0.8809524 0.8837209 0.8674699 0.8604651
8  0 0.6461538 0.6984127 0.6567164 0.6233766 0.6315789 0.6388889 0.6216216 0.6666667 0.6562500
9  0 0.5882353 0.6376812 0.6567164 0.6756757 0.6571429 0.6764706 0.6666667 0.6285714 0.6268657
10 0 0.6666667 0.6976744 0.6896552 0.6739130 0.6739130 0.7096774 0.7173913 0.6896552 0.7045455
          11        12        13        14        15        16        17        18        19        20
1  0.7500000 0.7500000 0.7415730 0.7356322 0.6888889 0.6888889 0.6888889 0.6813187 0.6813187 0.6956522
2  0.5806452 0.5538462 0.6031746 0.5970149 0.5671642 0.5588235 0.5588235 0.5588235 0.5671642 0.5588235
3  0.5675676 0.5555556 0.5479452 0.5405405 0.5333333 0.5135135 0.5384615 0.5316456 0.5384615 0.5384615
4  0.8157895 0.8266667 0.8051948 0.8000000 0.8311688 0.8311688 0.8051948 0.7948718 0.8051948 0.8157895
5  0.6349206 0.6363636 0.6250000 0.6363636 0.6470588 0.6285714 0.6376812 0.6376812 0.6197183 0.6197183
6  0.6292135 0.6292135 0.6444444 0.6373626 0.6170213 0.6041667 0.6041667 0.6170213 0.6105263 0.6041667
7  0.8409091 0.8181818 0.8181818 0.8089888 0.8181818 0.8089888 0.8000000 0.7912088 0.7777778 0.7640449
8  0.5797101 0.6216216 0.6111111 0.6052632 0.6133333 0.6400000 0.6582278 0.6500000 0.6250000 0.6153846
9  0.6086957 0.6111111 0.5970149 0.5882353 0.5454545 0.5538462 0.5454545 0.5454545 0.5507246 0.5507246
10 0.6813187 0.6595745 0.6530612 0.6666667 0.6597938 0.6391753 0.6391753 0.6391753 0.6326531 0.6597938
          21        22        23        24        25        26        27        28        29        30
1  0.6736842 0.6666667 0.6804124 0.6875000 0.6804124 0.6804124 0.6804124 0.6734694 0.6734694 0.6734694
2  0.5797101 0.5479452 0.5555556 0.5555556 0.5479452 0.5555556 0.5555556 0.5714286 0.5789474 0.5714286
3  0.5384615 0.5384615 0.5609756 0.5679012 0.5813953 0.5882353 0.5882353 0.5681818 0.5555556 0.5494505
4  0.7894737 0.7594937 0.7594937 0.7368421 0.7341772 0.7088608 0.7088608 0.7088608 0.7000000 0.7073171
5  0.6197183 0.6197183 0.6111111 0.6111111 0.5945946 0.6233766 0.6153846 0.6315789 0.6133333 0.6400000
6  0.6041667 0.6105263 0.6236559 0.6304348 0.6451613 0.6593407 0.6593407 0.6451613 0.6382979 0.6060606
7  0.7640449 0.7640449 0.7640449 0.7640449 0.7640449 0.7555556 0.7472527 0.7472527 0.7311828 0.7234043
8  0.6233766 0.6233766 0.6315789 0.6233766 0.6315789 0.6153846 0.5974026 0.6153846 0.6172840 0.6172840
9  0.5428571 0.5428571 0.5135135 0.5135135 0.5135135 0.5135135 0.5205479 0.5277778 0.5479452 0.5352113
10 0.6597938 0.6736842 0.7021277 0.7021277 0.6947368 0.7173913 0.7021277 0.7096774 0.6804124 0.6734694
          31        32        33        34        35        36        37        38        39        40
1  0.6734694 0.6734694 0.6666667 0.6666667 0.6666667 0.6470588 0.6666667 0.6666667 0.6666667 0.6666667
2  0.5714286 0.5500000 0.5500000 0.5500000 0.5569620 0.5500000 0.5432099 0.5365854 0.5301205 0.5116279
3  0.5494505 0.5434783 0.5434783 0.5263158 0.5208333 0.5306122 0.5306122 0.5200000 0.5200000 0.5200000
4  0.6829268 0.7058824 0.7058824 0.7058824 0.6590909 0.6666667 0.6521739 0.6595745 0.6526316 0.6464646
5  0.6400000 0.6315789 0.6153846 0.6000000 0.5853659 0.5925926 0.5783133 0.5714286 0.5714286 0.5647059
6  0.6122449 0.6122449 0.6000000 0.5918367 0.6000000 0.6000000 0.5882353 0.5769231 0.5660377 0.5714286
7  0.7157895 0.7157895 0.7291667 0.7216495 0.6930693 0.6930693 0.6930693 0.6930693 0.6862745 0.6730769
8  0.6172840 0.6172840 0.6097561 0.6172840 0.6024096 0.5681818 0.5681818 0.5652174 0.5652174 0.5531915
9  0.5142857 0.5070423 0.5070423 0.5070423 0.5000000 0.5000000 0.5000000 0.5000000 0.5000000 0.5066667
10 0.6600000 0.6534653 0.6600000 0.6600000 0.6600000 0.6407767 0.6095238 0.6095238 0.5925926 0.5925926
          41        42        43        44        45        46        47        48        49        50
1  0.6666667 0.6666667 0.6534653 0.6534653 0.6534653 0.6534653 0.6534653 0.6534653 0.6534653 0.6534653
2  0.5057471 0.5000000 0.5000000 0.5000000 0.5000000 0.5000000 0.5000000 0.5000000 0.5000000 0.4835165
3  0.5200000 0.5346535 0.5200000 0.5200000 0.5346535 0.5200000 0.5148515 0.5148515 0.5294118 0.5242718
4  0.6400000 0.6400000 0.6400000 0.6400000 0.6400000 0.6400000 0.6274510 0.6274510 0.6274510 0.6213592
5  0.5647059 0.5581395 0.5581395 0.5581395 0.5517241 0.5454545 0.5454545 0.5454545 0.5393258 0.5393258
6  0.5714286 0.5714286 0.5714286 0.5660377 0.5660377 0.5555556 0.5555556 0.5504587 0.5504587 0.5504587
7  0.6730769 0.6542056 0.6481481 0.6422018 0.6666667 0.6607143 0.6491228 0.6434783 0.6434783 0.6324786
8  0.5531915 0.5531915 0.5531915 0.5473684 0.5473684 0.5473684 0.5306122 0.5306122 0.5360825 0.5360825
9  0.5128205 0.5063291 0.5000000 0.4750000 0.4691358 0.4691358 0.4691358 0.4634146 0.4634146 0.4634146
10 0.5818182 0.5714286 0.5714286 0.5714286 0.5714286 0.5714286 0.5714286 0.5765766 0.5765766 0.5765766

$`NAIVE BAYES`$`Mean F1 Measure`
        1         2         3         4         5         6         7         8         9        10 
0.0000000 0.6769814 0.7075338 0.7232779 0.6990636 0.6953636 0.7078556 0.7112580 0.6940172 0.6846322 
       11        12        13        14        15        16        17        18        19        20 
0.6688770 0.6662135 0.6646701 0.6616068 0.6521399 0.6467143 0.6476074 0.6447201 0.6408539 0.6422560 
       21        22        23        24        25        26        27        28        29        30 
0.6395287 0.6346775 0.6402469 0.6392408 0.6387560 0.6417626 0.6375120 0.6398773 0.6336428 0.6297095 
       31        32        33        34        35        36        37        38        39        40 
0.6236879 0.6210235 0.6187377 0.6146677 0.6044398 0.5988958 0.5929986 0.5898989 0.5850970 0.5806421 
       41        42        43        44        45        46        47        48        49        50 
0.5789455 0.5756043 0.5715802 0.5673641 0.5700480 0.5663123 0.5617077 0.5605763 0.5619665 0.5580950 

$`NAIVE BAYES`$`St Dev F1 Measure`
         1          2          3          4          5          6          7          8          9 
0.00000000 0.06376568 0.05062838 0.07034146 0.07122215 0.07700024 0.08107449 0.10402774 0.10277954 
        10         11         12         13         14         15         16         17         18 
0.09455658 0.10014504 0.09891645 0.09201259 0.09128199 0.10355518 0.10459886 0.09554614 0.09203685 
        19         20         21         22         23         24         25         26         27 
0.09013336 0.09243509 0.08472642 0.08233103 0.08544358 0.08192557 0.08092310 0.07655934 0.07344675 
        28         29         30         31         32         33         34         35         36 
0.07100637 0.06220568 0.06516572 0.06362897 0.07010821 0.07233890 0.07366484 0.06526915 0.06267495 
        37         38         39         40         41         42         43         44         45 
0.06244096 0.06557942 0.06407844 0.06273845 0.06184143 0.05930297 0.05838180 0.06155909 0.06531784 
        46         47         48         49         50 
0.06570852 0.06352548 0.06382167 0.06275616 0.06283827 

$`NAIVE BAYES`$`Micro Ave F1 Measure`
        1         2         3         4         5         6         7         8         9        10 
      NaN 0.6806723 0.7101248 0.7267684 0.7007874 0.6977364 0.7115903 0.7168831 0.6987952 0.6899329 
       11        12        13        14        15        16        17        18        19        20 
0.6762029 0.6717752 0.6709347 0.6666667 0.6574655 0.6516854 0.6518519 0.6494465 0.6446078 0.6461916 
       21        22        23        24        25        26        27        28        29        30 
0.6430318 0.6391252 0.6449275 0.6439854 0.6435407 0.6467066 0.6427718 0.6437870 0.6371062 0.6327945 
       31        32        33        34        35        36        37        38        39        40 
0.6274510 0.6248575 0.6228766 0.6185102 0.6088889 0.6032787 0.5971770 0.5937835 0.5887354 0.5842932 
       41        42        43        44        45        46        47        48        49        50 
0.5821206 0.5787848 0.5749487 0.5711361 0.5740552 0.5705584 0.5659617 0.5648241 0.5662651 0.5623131 


$SVM
$SVM$`Accuracy per Fold`
   1         2         3         4         5         6         7         8         9        10
1  0 0.9686163 0.9657632 0.9657632 0.9629101 0.9629101 0.9643367 0.9700428 0.9714693 0.9714693
2  0 0.9731638 0.9703390 0.9731638 0.9731638 0.9830508 0.9802260 0.9830508 0.9830508 0.9830508
3  0 0.9632249 0.9660537 0.9688826 0.9717115 0.9759547 0.9773692 0.9759547 0.9745403 0.9787836
4  0 0.9745763 0.9759887 0.9774011 0.9717514 0.9745763 0.9788136 0.9872881 0.9872881 0.9872881
5  0 0.9717514 0.9745763 0.9703390 0.9703390 0.9717514 0.9731638 0.9731638 0.9745763 0.9745763
6  0 0.9660537 0.9702970 0.9674682 0.9759547 0.9787836 0.9787836 0.9759547 0.9816124 0.9787836
7  0 0.9717514 0.9731638 0.9745763 0.9731638 0.9774011 0.9802260 0.9788136 0.9788136 0.9788136
8  0 0.9674682 0.9745403 0.9731259 0.9717115 0.9745403 0.9717115 0.9717115 0.9702970 0.9702970
9  0 0.9632768 0.9703390 0.9703390 0.9703390 0.9745763 0.9745763 0.9759887 0.9759887 0.9774011
10 0 0.9643367 0.9686163 0.9714693 0.9686163 0.9714693 0.9757489 0.9771755 0.9771755 0.9828816
          11        12        13        14        15        16        17        18        19        20
1  0.9714693 0.9728959 0.9728959 0.9728959 0.9743224 0.9728959 0.9728959 0.9757489 0.9757489 0.9757489
2  0.9816384 0.9802260 0.9816384 0.9774011 0.9788136 0.9788136 0.9802260 0.9830508 0.9830508 0.9844633
3  0.9787836 0.9759547 0.9759547 0.9745403 0.9773692 0.9759547 0.9801980 0.9801980 0.9773692 0.9759547
4  0.9901130 0.9887006 0.9901130 0.9901130 0.9915254 0.9915254 0.9929379 0.9915254 0.9901130 0.9901130
5  0.9774011 0.9816384 0.9802260 0.9788136 0.9802260 0.9802260 0.9802260 0.9816384 0.9774011 0.9774011
6  0.9787836 0.9801980 0.9801980 0.9787836 0.9801980 0.9844413 0.9844413 0.9830269 0.9816124 0.9830269
7  0.9788136 0.9774011 0.9759887 0.9759887 0.9745763 0.9759887 0.9759887 0.9759887 0.9717514 0.9717514
8  0.9702970 0.9731259 0.9745403 0.9759547 0.9773692 0.9801980 0.9773692 0.9773692 0.9787836 0.9773692
9  0.9802260 0.9816384 0.9816384 0.9788136 0.9788136 0.9774011 0.9802260 0.9774011 0.9759887 0.9759887
10 0.9828816 0.9828816 0.9828816 0.9828816 0.9814551 0.9814551 0.9814551 0.9814551 0.9814551 0.9857347
          21        22        23        24        25        26        27        28        29        30
1  0.9757489 0.9757489 0.9757489 0.9786020 0.9771755 0.9771755 0.9771755 0.9786020 0.9786020 0.9786020
2  0.9830508 0.9774011 0.9774011 0.9774011 0.9774011 0.9788136 0.9788136 0.9802260 0.9774011 0.9759887
3  0.9731259 0.9731259 0.9731259 0.9745403 0.9731259 0.9731259 0.9731259 0.9731259 0.9717115 0.9731259
4  0.9901130 0.9872881 0.9858757 0.9872881 0.9887006 0.9887006 0.9872881 0.9830508 0.9830508 0.9830508
5  0.9774011 0.9774011 0.9774011 0.9788136 0.9774011 0.9788136 0.9774011 0.9774011 0.9759887 0.9774011
6  0.9816124 0.9816124 0.9816124 0.9801980 0.9801980 0.9801980 0.9801980 0.9801980 0.9801980 0.9816124
7  0.9703390 0.9689266 0.9675141 0.9675141 0.9675141 0.9675141 0.9675141 0.9675141 0.9675141 0.9689266
8  0.9731259 0.9731259 0.9731259 0.9731259 0.9759547 0.9759547 0.9759547 0.9759547 0.9759547 0.9759547
9  0.9759887 0.9759887 0.9745763 0.9745763 0.9745763 0.9759887 0.9745763 0.9759887 0.9759887 0.9745763
10 0.9828816 0.9828816 0.9828816 0.9814551 0.9814551 0.9800285 0.9800285 0.9800285 0.9800285 0.9814551
          31        32        33        34        35        36        37        38        39        40
1  0.9771755 0.9771755 0.9771755 0.9757489 0.9757489 0.9757489 0.9714693 0.9743224 0.9757489 0.9728959
2  0.9759887 0.9774011 0.9774011 0.9788136 0.9788136 0.9788136 0.9788136 0.9788136 0.9788136 0.9788136
3  0.9731259 0.9731259 0.9745403 0.9745403 0.9745403 0.9745403 0.9759547 0.9731259 0.9745403 0.9731259
4  0.9816384 0.9816384 0.9830508 0.9816384 0.9830508 0.9830508 0.9802260 0.9774011 0.9774011 0.9774011
5  0.9788136 0.9788136 0.9802260 0.9802260 0.9816384 0.9802260 0.9816384 0.9816384 0.9816384 0.9816384
6  0.9816124 0.9816124 0.9816124 0.9801980 0.9801980 0.9801980 0.9787836 0.9816124 0.9801980 0.9830269
7  0.9689266 0.9689266 0.9689266 0.9689266 0.9689266 0.9675141 0.9689266 0.9703390 0.9703390 0.9661017
8  0.9773692 0.9773692 0.9745403 0.9745403 0.9731259 0.9745403 0.9745403 0.9745403 0.9759547 0.9773692
9  0.9745763 0.9745763 0.9745763 0.9745763 0.9759887 0.9759887 0.9759887 0.9759887 0.9759887 0.9759887
10 0.9814551 0.9800285 0.9800285 0.9786020 0.9786020 0.9786020 0.9786020 0.9786020 0.9800285 0.9800285
          41        42        43        44        45        46        47        48        49        50
1  0.9728959 0.9757489 0.9757489 0.9743224 0.9728959 0.9728959 0.9728959 0.9714693 0.9714693 0.9700428
2  0.9802260 0.9816384 0.9830508 0.9802260 0.9788136 0.9774011 0.9788136 0.9788136 0.9774011 0.9788136
3  0.9731259 0.9731259 0.9731259 0.9717115 0.9731259 0.9731259 0.9731259 0.9717115 0.9717115 0.9717115
4  0.9774011 0.9788136 0.9774011 0.9774011 0.9774011 0.9774011 0.9788136 0.9774011 0.9774011 0.9731638
5  0.9816384 0.9816384 0.9788136 0.9788136 0.9759887 0.9759887 0.9759887 0.9802260 0.9788136 0.9788136
6  0.9844413 0.9830269 0.9830269 0.9830269 0.9830269 0.9830269 0.9844413 0.9830269 0.9816124 0.9801980
7  0.9646893 0.9675141 0.9661017 0.9661017 0.9632768 0.9618644 0.9632768 0.9618644 0.9618644 0.9618644
8  0.9787836 0.9787836 0.9801980 0.9816124 0.9801980 0.9801980 0.9801980 0.9787836 0.9787836 0.9787836
9  0.9759887 0.9745763 0.9745763 0.9759887 0.9759887 0.9745763 0.9745763 0.9745763 0.9731638 0.9731638
10 0.9757489 0.9757489 0.9757489 0.9743224 0.9728959 0.9728959 0.9743224 0.9757489 0.9757489 0.9757489

$SVM$`Mean Accuracy`
        1         2         3         4         5         6         7         8         9        10 
0.0000000 0.9684220 0.9709677 0.9712528 0.9709661 0.9745014 0.9754955 0.9769144 0.9774812 0.9783345 
       11        12        13        14        15        16        17        18        19        20 
0.9790407 0.9794661 0.9796075 0.9786186 0.9794669 0.9798900 0.9805964 0.9807403 0.9793274 0.9797552 
       21        22        23        24        25        26        27        28        29        30 
0.9783387 0.9773500 0.9769263 0.9773514 0.9773502 0.9776313 0.9772076 0.9772090 0.9766438 0.9770694 
       31        32        33        34        35        36        37        38        39        40 
0.9770682 0.9770667 0.9772078 0.9767810 0.9770633 0.9769223 0.9764943 0.9766384 0.9770651 0.9766390 
       41        42        43        44        45        46        47        48        49        50 
0.9764939 0.9770615 0.9767792 0.9763527 0.9753611 0.9749374 0.9756452 0.9753622 0.9747970 0.9742304 

$SVM$`St Dev Accuracy`
          1           2           3           4           5           6           7           8 
0.000000000 0.004206593 0.003556250 0.003460924 0.003455775 0.005302798 0.004890708 0.005163982 
          9          10          11          12          13          14          15          16 
0.005304115 0.005275177 0.005599114 0.004801066 0.005024678 0.004890744 0.004836325 0.005225282 
         17          18          19          20          21          22          23          24 
0.005368080 0.004696377 0.005045684 0.005733754 0.005996707 0.005360308 0.005399100 0.005350150 
         25          26          27          28          29          30          31          32 
0.005558394 0.005436826 0.005166693 0.004419848 0.004454203 0.004328116 0.004124901 0.003966496 
         33          34          35          36          37          38          39          40 
0.004221394 0.003833268 0.004255684 0.004316788 0.003976816 0.003668462 0.003306919 0.004954700 
         41          42          43          44          45          46          47          48 
0.005518358 0.004711462 0.005043284 0.005048299 0.005397626 0.005666763 0.005657534 0.005977911 
         49          50 
0.005612073 0.005575090 

$SVM$`Precisions per Fold`
   1         2         3         4         5         6         7         8         9        10
1  0 0.8750000 0.8333333 0.8076923 0.7500000 0.7500000 0.7586207 0.8064516 0.8571429 0.8333333
2  0 0.6666667 0.6428571 0.6785714 0.6785714 0.8400000 0.8260870 0.8695652 0.8695652 0.8695652
3  0 0.6666667 0.7083333 0.7500000 0.7916667 0.8400000 0.8750000 0.8400000 0.8076923 0.8275862
4  0 0.9523810 0.9166667 0.9200000 0.8400000 0.8518519 0.8928571 0.8888889 0.8888889 0.8888889
5  0 0.7142857 0.7894737 0.7000000 0.6818182 0.7368421 0.7500000 0.6785714 0.6896552 0.6896552
6  0 0.6774194 0.7333333 0.7142857 0.7812500 0.8125000 0.8125000 0.7647059 0.8055556 0.7631579
7  0 0.8928571 0.8965517 0.8750000 0.8108108 0.8250000 0.8333333 0.8292683 0.8292683 0.8292683
8  0 0.6956522 0.7692308 0.7241379 0.7000000 0.7333333 0.7000000 0.6875000 0.6774194 0.6774194
9  0 0.6153846 0.7037037 0.7037037 0.7391304 0.8181818 0.8181818 0.8571429 0.8571429 0.8636364
10 0 0.7058824 0.7179487 0.7567568 0.7297297 0.7567568 0.7894737 0.8285714 0.8285714 0.8857143
          11        12        13        14        15        16        17        18        19        20
1  0.7941176 0.8181818 0.8181818 0.8181818 0.8437500 0.8181818 0.8000000 0.8108108 0.8108108 0.8108108
2  0.8333333 0.8000000 0.8076923 0.7407407 0.7500000 0.7500000 0.7419355 0.7931034 0.7931034 0.8214286
3  0.8275862 0.8148148 0.8148148 0.7857143 0.8461538 0.8148148 0.8333333 0.8333333 0.7812500 0.7741935
4  0.9166667 0.9142857 0.9411765 0.9411765 0.9696970 0.9696970 0.9705882 0.9428571 0.9166667 0.9166667
5  0.7407407 0.8076923 0.8000000 0.7916667 0.7777778 0.7586207 0.7586207 0.7666667 0.7241379 0.7241379
6  0.7631579 0.7692308 0.7692308 0.7500000 0.7692308 0.8333333 0.8333333 0.8285714 0.8235294 0.8285714
7  0.8292683 0.8095238 0.7906977 0.7906977 0.7727273 0.7777778 0.7777778 0.7777778 0.7619048 0.7750000
8  0.6896552 0.7096774 0.7333333 0.7419355 0.7500000 0.8000000 0.7666667 0.7666667 0.7741935 0.7500000
9  0.9090909 0.9130435 0.9130435 0.8695652 0.8695652 0.8333333 0.8750000 0.8333333 0.7777778 0.7777778
10 0.8857143 0.8857143 0.8857143 0.8857143 0.8823529 0.8823529 0.8823529 0.8823529 0.8823529 0.9393939
          21        22        23        24        25        26        27        28        29        30
1  0.8108108 0.8108108 0.7948718 0.8048780 0.7857143 0.7857143 0.7857143 0.8048780 0.8205128 0.8205128
2  0.7931034 0.7096774 0.7096774 0.7096774 0.7241379 0.7333333 0.7333333 0.7586207 0.7241379 0.7142857
3  0.7586207 0.7586207 0.7419355 0.7666667 0.7419355 0.7419355 0.7419355 0.7419355 0.7187500 0.7419355
4  0.9166667 0.8684211 0.8461538 0.8684211 0.8918919 0.8918919 0.8888889 0.8378378 0.8205128 0.8205128
5  0.7096774 0.7096774 0.7096774 0.7333333 0.7096774 0.7187500 0.7096774 0.7096774 0.7000000 0.7096774
6  0.8235294 0.8235294 0.8235294 0.8000000 0.8000000 0.8000000 0.8000000 0.8000000 0.8000000 0.8235294
7  0.7560976 0.7500000 0.7435897 0.7435897 0.7567568 0.7567568 0.7567568 0.7567568 0.7567568 0.7777778
8  0.6969697 0.6969697 0.7096774 0.7241379 0.7586207 0.7586207 0.7586207 0.7586207 0.7586207 0.7586207
9  0.7777778 0.7777778 0.7692308 0.7692308 0.7692308 0.8000000 0.7692308 0.7586207 0.7586207 0.7333333
10 0.8857143 0.8857143 0.8857143 0.8611111 0.8611111 0.8378378 0.8378378 0.8378378 0.8378378 0.8611111
          31        32        33        34        35        36        37        38        39        40
1  0.8000000 0.8000000 0.8157895 0.7948718 0.8108108 0.8108108 0.7777778 0.8055556 0.8484848 0.8888889
2  0.7142857 0.7407407 0.7407407 0.7692308 0.7692308 0.7692308 0.7692308 0.7692308 0.7692308 0.7692308
3  0.7586207 0.7586207 0.7857143 0.7857143 0.7857143 0.7857143 0.8148148 0.8260870 0.9444444 0.9411765
4  0.8157895 0.8157895 0.8378378 0.8333333 0.8378378 0.8378378 0.8108108 0.7837838 0.7837838 0.7837838
5  0.7333333 0.7333333 0.7419355 0.7419355 0.7666667 0.7586207 0.7857143 0.7857143 0.7857143 0.8076923
6  0.8235294 0.8235294 0.8235294 0.8181818 0.8181818 0.8181818 0.7941176 0.8437500 0.8387097 0.9600000
7  0.7777778 0.7941176 0.7941176 0.7941176 0.7941176 0.7714286 0.7941176 0.8387097 0.8387097 0.8214286
8  0.7857143 0.7857143 0.7500000 0.7500000 0.7241379 0.7500000 0.7500000 0.7500000 0.8000000 0.8333333
9  0.7333333 0.7333333 0.7333333 0.7333333 0.7586207 0.7586207 0.7586207 0.7586207 0.7586207 0.7586207
10 0.8611111 0.8571429 0.8571429 0.8529412 0.8529412 0.8529412 0.8529412 0.8529412 0.8787879 0.9310345
          41        42        43        44        45        46        47        48        49        50
1  0.8888889 0.9600000 0.9600000 0.9583333 0.9565217 0.9565217 0.9200000 0.9166667 0.9166667 0.9130435
2  0.8000000 0.8076923 0.8400000 0.8260870 0.8181818 0.8421053 0.8500000 0.8500000 0.8421053 0.8888889
3  0.9411765 0.9411765 0.9411765 0.9375000 1.0000000 1.0000000 1.0000000 1.0000000 1.0000000 1.0000000
4  0.7837838 0.8055556 0.8000000 0.8181818 0.8181818 0.8888889 0.9230769 0.9200000 0.9200000 0.9090909
5  0.8076923 0.8076923 0.7692308 0.7692308 0.7307692 0.7307692 0.7307692 0.8571429 0.8500000 0.8500000
6  0.9615385 0.9600000 0.9600000 0.9600000 0.9600000 0.9600000 1.0000000 1.0000000 1.0000000 1.0000000
7  0.8148148 0.8518519 0.8461538 0.8461538 0.8333333 0.8260870 0.8636364 0.8571429 0.8571429 0.8571429
8  0.8695652 0.8695652 0.9500000 0.9523810 0.9500000 0.9500000 0.9500000 0.9473684 0.9473684 0.9473684
9  0.7586207 0.7333333 0.7333333 0.7777778 0.7777778 0.7500000 0.7500000 0.7500000 0.7241379 0.7241379
10 0.9230769 0.9230769 0.9230769 0.9200000 0.9166667 0.9166667 0.9565217 1.0000000 1.0000000 1.0000000

$SVM$`Mean Precisions`
        1         2         3         4         5         6         7         8         9        10 
0.0000000 0.7462196 0.7711432 0.7630148 0.7502977 0.7964466 0.8056054 0.8050666 0.8110902 0.8128225 
       11        12        13        14        15        16        17        18        19        20 
0.8189331 0.8242164 0.8273885 0.8115393 0.8231255 0.8238112 0.8239608 0.8235474 0.8045727 0.8117981 
       21        22        23        24        25        26        27        28        29        30 
0.7928968 0.7791199 0.7734058 0.7781046 0.7799076 0.7824840 0.7781995 0.7764785 0.7695750 0.7761297 
       31        32        33        34        35        36        37        38        39        40 
0.7803495 0.7842322 0.7880141 0.7873660 0.7918260 0.7913387 0.7908146 0.8014393 0.8246486 0.8495189 
       41        42        43        44        45        46        47        48        49        50 
0.8549158 0.8659944 0.8722971 0.8765645 0.8761432 0.8821039 0.8944004 0.9098321 0.9057421 0.9089672 

$SVM$`St Dev Precisions`
         1          2          3          4          5          6          7          8          9 
0.00000000 0.11561526 0.08839392 0.08020457 0.05506519 0.04675886 0.05824733 0.07280916 0.07226974 
        10         11         12         13         14         15         16         17         18 
0.07730243 0.07384862 0.06422831 0.06552541 0.06737894 0.07172410 0.06445300 0.07045647 0.05534179 
        19         20         21         22         23         24         25         26         27 
0.05736797 0.06918741 0.06998291 0.06664728 0.06232475 0.05501854 0.05788822 0.05271678 0.05300681 
        28         29         30         31         32         33         34         35         36 
0.04201982 0.04792066 0.05266132 0.04633462 0.04207597 0.04488208 0.03968757 0.03912603 0.03624513 
        37         38         39         40         41         42         43         44         45 
0.03022417 0.03731545 0.05722265 0.07500537 0.07150013 0.07806529 0.08539538 0.07685210 0.09146416 
        46         47         48         49         50 
0.09216363 0.09502927 0.08207606 0.08894932 0.08633275 

$SVM$`Micro Ave Precisions`
        1         2         3         4         5         6         7         8         9        10 
      NaN 0.7404580 0.7666667 0.7644928 0.7517483 0.7964912 0.8055556 0.8039216 0.8104575 0.8121019 
       11        12        13        14        15        16        17        18        19        20 
0.8190476 0.8227848 0.8253968 0.8113208 0.8207547 0.8244514 0.8231707 0.8237082 0.8066465 0.8140244 
       21        22        23        24        25        26        27        28        29        30 
0.7951807 0.7820896 0.7767857 0.7820896 0.7837838 0.7850746 0.7814371 0.7797619 0.7738095 0.7807808 
       31        32        33        34        35        36        37        38        39        40 
0.7841945 0.7876923 0.7919255 0.7899687 0.7949527 0.7943038 0.7923323 0.8026316 0.8213058 0.8432836 
       41        42        43        44        45        46        47        48        49        50 
0.8479087 0.8582375 0.8627451 0.8699187 0.8661088 0.8739130 0.8864629 0.9032258 0.8976744 0.8995215 

$SVM$`Recalls per Fold`
   1         2         3         4         5         6         7         8         9        10
1  0 0.5250000 0.5000000 0.5250000 0.5250000 0.5250000 0.5500000 0.6250000 0.6000000 0.6250000
2  0 0.6896552 0.6206897 0.6551724 0.6551724 0.7241379 0.6551724 0.6896552 0.6896552 0.6896552
3  0 0.4705882 0.5000000 0.5294118 0.5588235 0.6176471 0.6176471 0.6176471 0.6176471 0.7058824
4  0 0.5405405 0.5945946 0.6216216 0.5675676 0.6216216 0.6756757 0.8648649 0.8648649 0.8648649
5  0 0.5172414 0.5172414 0.4827586 0.5172414 0.4827586 0.5172414 0.6551724 0.6896552 0.6896552
6  0 0.6000000 0.6285714 0.5714286 0.7142857 0.7428571 0.7428571 0.7428571 0.8285714 0.8285714
7  0 0.5952381 0.6190476 0.6666667 0.7142857 0.7857143 0.8333333 0.8095238 0.8095238 0.8095238
8  0 0.5000000 0.6250000 0.6562500 0.6562500 0.6875000 0.6562500 0.6875000 0.6562500 0.6562500
9  0 0.5000000 0.5937500 0.5937500 0.5312500 0.5625000 0.5625000 0.5625000 0.5625000 0.5937500
10 0 0.6153846 0.7179487 0.7179487 0.6923077 0.7179487 0.7692308 0.7435897 0.7435897 0.7948718
          11        12        13        14        15        16        17        18        19        20
1  0.6750000 0.6750000 0.6750000 0.6750000 0.6750000 0.6750000 0.7000000 0.7500000 0.7500000 0.7500000
2  0.6896552 0.6896552 0.7241379 0.6896552 0.7241379 0.7241379 0.7931034 0.7931034 0.7931034 0.7931034
3  0.7058824 0.6470588 0.6470588 0.6470588 0.6470588 0.6470588 0.7352941 0.7352941 0.7352941 0.7058824
4  0.8918919 0.8648649 0.8648649 0.8648649 0.8648649 0.8648649 0.8918919 0.8918919 0.8918919 0.8918919
5  0.6896552 0.7241379 0.6896552 0.6551724 0.7241379 0.7586207 0.7586207 0.7931034 0.7241379 0.7241379
6  0.8285714 0.8571429 0.8571429 0.8571429 0.8571429 0.8571429 0.8571429 0.8285714 0.8000000 0.8285714
7  0.8095238 0.8095238 0.8095238 0.8095238 0.8095238 0.8333333 0.8333333 0.8333333 0.7619048 0.7380952
8  0.6250000 0.6875000 0.6875000 0.7187500 0.7500000 0.7500000 0.7187500 0.7187500 0.7500000 0.7500000
9  0.6250000 0.6562500 0.6562500 0.6250000 0.6250000 0.6250000 0.6562500 0.6250000 0.6562500 0.6562500
10 0.7948718 0.7948718 0.7948718 0.7948718 0.7692308 0.7692308 0.7692308 0.7692308 0.7692308 0.7948718
          21        22        23        24        25        26        27        28        29        30
1  0.7500000 0.7500000 0.7750000 0.8250000 0.8250000 0.8250000 0.8250000 0.8250000 0.8000000 0.8000000
2  0.7931034 0.7586207 0.7586207 0.7586207 0.7241379 0.7586207 0.7586207 0.7586207 0.7241379 0.6896552
3  0.6470588 0.6470588 0.6764706 0.6764706 0.6764706 0.6764706 0.6764706 0.6764706 0.6764706 0.6764706
4  0.8918919 0.8918919 0.8918919 0.8918919 0.8918919 0.8918919 0.8648649 0.8378378 0.8648649 0.8648649
5  0.7586207 0.7586207 0.7586207 0.7586207 0.7586207 0.7931034 0.7586207 0.7586207 0.7241379 0.7586207
6  0.8000000 0.8000000 0.8000000 0.8000000 0.8000000 0.8000000 0.8000000 0.8000000 0.8000000 0.8000000
7  0.7380952 0.7142857 0.6904762 0.6904762 0.6666667 0.6666667 0.6666667 0.6666667 0.6666667 0.6666667
8  0.7187500 0.7187500 0.6875000 0.6562500 0.6875000 0.6875000 0.6875000 0.6875000 0.6875000 0.6875000
9  0.6562500 0.6562500 0.6250000 0.6250000 0.6250000 0.6250000 0.6250000 0.6875000 0.6875000 0.6875000
10 0.7948718 0.7948718 0.7948718 0.7948718 0.7948718 0.7948718 0.7948718 0.7948718 0.7948718 0.7948718
          31        32        33        34        35        36        37        38        39        40
1  0.8000000 0.8000000 0.7750000 0.7750000 0.7500000 0.7500000 0.7000000 0.7250000 0.7000000 0.6000000
2  0.6896552 0.6896552 0.6896552 0.6896552 0.6896552 0.6896552 0.6896552 0.6896552 0.6896552 0.6896552
3  0.6470588 0.6470588 0.6470588 0.6470588 0.6470588 0.6470588 0.6470588 0.5588235 0.5000000 0.4705882
4  0.8378378 0.8378378 0.8378378 0.8108108 0.8378378 0.8378378 0.8108108 0.7837838 0.7837838 0.7837838
5  0.7586207 0.7586207 0.7931034 0.7931034 0.7931034 0.7586207 0.7586207 0.7586207 0.7586207 0.7241379
6  0.8000000 0.8000000 0.8000000 0.7714286 0.7714286 0.7714286 0.7714286 0.7714286 0.7428571 0.6857143
7  0.6666667 0.6428571 0.6428571 0.6428571 0.6428571 0.6428571 0.6428571 0.6190476 0.6190476 0.5476190
8  0.6875000 0.6875000 0.6562500 0.6562500 0.6562500 0.6562500 0.6562500 0.6562500 0.6250000 0.6250000
9  0.6875000 0.6875000 0.6875000 0.6875000 0.6875000 0.6875000 0.6875000 0.6875000 0.6875000 0.6875000
10 0.7948718 0.7692308 0.7692308 0.7435897 0.7435897 0.7435897 0.7435897 0.7435897 0.7435897 0.6923077
          41        42        43        44        45        46        47        48        49        50
1  0.6000000 0.6000000 0.6000000 0.5750000 0.5500000 0.5500000 0.5750000 0.5500000 0.5500000 0.5250000
2  0.6896552 0.7241379 0.7241379 0.6551724 0.6206897 0.5517241 0.5862069 0.5862069 0.5517241 0.5517241
3  0.4705882 0.4705882 0.4705882 0.4411765 0.4411765 0.4411765 0.4411765 0.4117647 0.4117647 0.4117647
4  0.7837838 0.7837838 0.7567568 0.7297297 0.7297297 0.6486486 0.6486486 0.6216216 0.6216216 0.5405405
5  0.7241379 0.7241379 0.6896552 0.6896552 0.6551724 0.6551724 0.6551724 0.6206897 0.5862069 0.5862069
6  0.7142857 0.6857143 0.6857143 0.6857143 0.6857143 0.6857143 0.6857143 0.6571429 0.6285714 0.6000000
7  0.5238095 0.5476190 0.5238095 0.5238095 0.4761905 0.4523810 0.4523810 0.4285714 0.4285714 0.4285714
8  0.6250000 0.6250000 0.5937500 0.6250000 0.5937500 0.5937500 0.5937500 0.5625000 0.5625000 0.5625000
9  0.6875000 0.6875000 0.6875000 0.6562500 0.6562500 0.6562500 0.6562500 0.6562500 0.6562500 0.6562500
10 0.6153846 0.6153846 0.6153846 0.5897436 0.5641026 0.5641026 0.5641026 0.5641026 0.5641026 0.5641026

$SVM$`Mean Recalls`
        1         2         3         4         5         6         7         8         9        10 
0.0000000 0.5553648 0.5916843 0.6020008 0.6132184 0.6467685 0.6579908 0.6998310 0.7062257 0.7258025 
       11        12        13        14        15        16        17        18        19        20 
0.7335052 0.7406005 0.7406005 0.7337040 0.7446097 0.7504389 0.7713617 0.7738278 0.7631813 0.7632804 
       21        22        23        24        25        26        27        28        29        30 
0.7548642 0.7490350 0.7458452 0.7477202 0.7450160 0.7519125 0.7457615 0.7493088 0.7426150 0.7426150 
       31        32        33        34        35        36        37        38        39        40 
0.7369711 0.7320260 0.7298493 0.7217254 0.7219281 0.7184798 0.7107771 0.6993699 0.6850054 0.6506306 
       41        42        43        44        45        46        47        48        49        50 
0.6434145 0.6463866 0.6347297 0.6171251 0.5972776 0.5798919 0.5858402 0.5658850 0.5561313 0.5426660 

$SVM$`St Dev Recalls`
         1          2          3          4          5          6          7          8          9 
0.00000000 0.06760278 0.06861314 0.07468489 0.08100197 0.10086244 0.10157859 0.09219450 0.10275933 
        10         11         12         13         14         15         16         17         18 
0.09257204 0.09143723 0.08338274 0.08338274 0.09008126 0.08265085 0.08470597 0.07361918 0.07339166 
        19         20         21         22         23         24         25         26         27 
0.06049745 0.06663372 0.07214695 0.07182086 0.07726484 0.08415077 0.08343248 0.08436014 0.07830402 
        28         29         30         31         32         33         34         35         36 
0.06511642 0.06762909 0.06955522 0.06839516 0.06948978 0.07258788 0.06420443 0.06717029 0.06391673 
        37         38         39         40         41         42         43         44         45 
0.05754368 0.07206529 0.08458138 0.09142710 0.09574742 0.09335465 0.09054821 0.08684293 0.09136018 
        46         47         48         49         50 
0.08501823 0.08371641 0.08556478 0.08009661 0.07415345 

$SVM$`Micro Ave Recalls`
        1         2         3         4         5         6         7         8         9        10 
      NaN 0.5558739 0.5931232 0.6045845 0.6160458 0.6504298 0.6647564 0.7048711 0.7106017 0.7306590 
       11        12        13        14        15        16        17        18        19        20 
0.7392550 0.7449857 0.7449857 0.7392550 0.7478510 0.7535817 0.7736390 0.7765043 0.7650430 0.7650430 
       21        22        23        24        25        26        27        28        29        30 
0.7564470 0.7507163 0.7478510 0.7507163 0.7478510 0.7535817 0.7478510 0.7507163 0.7449857 0.7449857 
       31        32        33        34        35        36        37        38        39        40 
0.7392550 0.7335244 0.7306590 0.7220630 0.7220630 0.7191977 0.7106017 0.6991404 0.6848138 0.6475645 
       41        42        43        44        45        46        47        48        49        50 
0.6389685 0.6418338 0.6303725 0.6131805 0.5931232 0.5759312 0.5816619 0.5616046 0.5530086 0.5386819 

$SVM$`F1 Measure`
   1         2         3         4         5         6         7         8         9        10
1  0 0.6562500 0.6250000 0.6363636 0.6176471 0.6176471 0.6376812 0.7042254 0.7058824 0.7142857
2  0 0.6779661 0.6315789 0.6666667 0.6666667 0.7777778 0.7307692 0.7692308 0.7692308 0.7692308
3  0 0.5517241 0.5862069 0.6206897 0.6551724 0.7118644 0.7241379 0.7118644 0.7000000 0.7619048
4  0 0.6896552 0.7213115 0.7419355 0.6774194 0.7187500 0.7692308 0.8767123 0.8767123 0.8767123
5  0 0.6000000 0.6250000 0.5714286 0.5882353 0.5833333 0.6122449 0.6666667 0.6896552 0.6896552
6  0 0.6363636 0.6769231 0.6349206 0.7462687 0.7761194 0.7761194 0.7536232 0.8169014 0.7945205
7  0 0.7142857 0.7323944 0.7567568 0.7594937 0.8048780 0.8333333 0.8192771 0.8192771 0.8192771
8  0 0.5818182 0.6896552 0.6885246 0.6774194 0.7096774 0.6774194 0.6875000 0.6666667 0.6666667
9  0 0.5517241 0.6440678 0.6440678 0.6181818 0.6666667 0.6666667 0.6792453 0.6792453 0.7037037
10 0 0.6575342 0.7179487 0.7368421 0.7105263 0.7368421 0.7792208 0.7837838 0.7837838 0.8378378
          11        12        13        14        15        16        17        18        19        20
1  0.7297297 0.7397260 0.7397260 0.7397260 0.7500000 0.7397260 0.7466667 0.7792208 0.7792208 0.7792208
2  0.7547170 0.7407407 0.7636364 0.7142857 0.7368421 0.7368421 0.7666667 0.7931034 0.7931034 0.8070175
3  0.7619048 0.7213115 0.7213115 0.7096774 0.7333333 0.7213115 0.7812500 0.7812500 0.7575758 0.7384615
4  0.9041096 0.8888889 0.9014085 0.9014085 0.9142857 0.9142857 0.9295775 0.9166667 0.9041096 0.9041096
5  0.7142857 0.7636364 0.7407407 0.7169811 0.7500000 0.7586207 0.7586207 0.7796610 0.7241379 0.7241379
6  0.7945205 0.8108108 0.8108108 0.8000000 0.8108108 0.8450704 0.8450704 0.8285714 0.8115942 0.8285714
7  0.8192771 0.8095238 0.8000000 0.8000000 0.7906977 0.8045977 0.8045977 0.8045977 0.7619048 0.7560976
8  0.6557377 0.6984127 0.7096774 0.7301587 0.7500000 0.7741935 0.7419355 0.7419355 0.7619048 0.7500000
9  0.7407407 0.7636364 0.7636364 0.7272727 0.7272727 0.7142857 0.7500000 0.7142857 0.7118644 0.7118644
10 0.8378378 0.8378378 0.8378378 0.8378378 0.8219178 0.8219178 0.8219178 0.8219178 0.8219178 0.8611111
          21        22        23        24        25        26        27        28        29        30
1  0.7792208 0.7792208 0.7848101 0.8148148 0.8048780 0.8048780 0.8048780 0.8148148 0.8101266 0.8101266
2  0.7931034 0.7333333 0.7333333 0.7333333 0.7241379 0.7457627 0.7457627 0.7586207 0.7241379 0.7017544
3  0.6984127 0.6984127 0.7076923 0.7187500 0.7076923 0.7076923 0.7076923 0.7076923 0.6969697 0.7076923
4  0.9041096 0.8800000 0.8684211 0.8800000 0.8918919 0.8918919 0.8767123 0.8378378 0.8421053 0.8421053
5  0.7333333 0.7333333 0.7333333 0.7457627 0.7333333 0.7540984 0.7333333 0.7333333 0.7118644 0.7333333
6  0.8115942 0.8115942 0.8115942 0.8000000 0.8000000 0.8000000 0.8000000 0.8000000 0.8000000 0.8115942
7  0.7469880 0.7317073 0.7160494 0.7160494 0.7088608 0.7088608 0.7088608 0.7088608 0.7088608 0.7179487
8  0.7076923 0.7076923 0.6984127 0.6885246 0.7213115 0.7213115 0.7213115 0.7213115 0.7213115 0.7213115
9  0.7118644 0.7118644 0.6896552 0.6896552 0.6896552 0.7017544 0.6896552 0.7213115 0.7213115 0.7096774
10 0.8378378 0.8378378 0.8378378 0.8266667 0.8266667 0.8157895 0.8157895 0.8157895 0.8157895 0.8266667
          31        32        33        34        35        36        37        38        39        40
1  0.8000000 0.8000000 0.7948718 0.7848101 0.7792208 0.7792208 0.7368421 0.7631579 0.7671233 0.7164179
2  0.7017544 0.7142857 0.7142857 0.7272727 0.7272727 0.7272727 0.7272727 0.7272727 0.7272727 0.7272727
3  0.6984127 0.6984127 0.7096774 0.7096774 0.7096774 0.7096774 0.7213115 0.6666667 0.6538462 0.6274510
4  0.8266667 0.8266667 0.8378378 0.8219178 0.8378378 0.8378378 0.8108108 0.7837838 0.7837838 0.7837838
5  0.7457627 0.7457627 0.7666667 0.7666667 0.7796610 0.7586207 0.7719298 0.7719298 0.7719298 0.7636364
6  0.8115942 0.8115942 0.8115942 0.7941176 0.7941176 0.7941176 0.7826087 0.8059701 0.7878788 0.8000000
7  0.7179487 0.7105263 0.7105263 0.7105263 0.7105263 0.7012987 0.7105263 0.7123288 0.7123288 0.6571429
8  0.7333333 0.7333333 0.7000000 0.7000000 0.6885246 0.7000000 0.7000000 0.7000000 0.7017544 0.7142857
9  0.7096774 0.7096774 0.7096774 0.7096774 0.7213115 0.7213115 0.7213115 0.7213115 0.7213115 0.7213115
10 0.8266667 0.8108108 0.8108108 0.7945205 0.7945205 0.7945205 0.7945205 0.7945205 0.8055556 0.7941176
          41        42        43        44        45        46        47        48        49        50
1  0.7164179 0.7384615 0.7384615 0.7187500 0.6984127 0.6984127 0.7076923 0.6875000 0.6875000 0.6666667
2  0.7407407 0.7636364 0.7777778 0.7307692 0.7058824 0.6666667 0.6938776 0.6938776 0.6666667 0.6808511
3  0.6274510 0.6274510 0.6274510 0.6000000 0.6122449 0.6122449 0.6122449 0.5833333 0.5833333 0.5833333
4  0.7837838 0.7945205 0.7777778 0.7714286 0.7714286 0.7500000 0.7619048 0.7419355 0.7419355 0.6779661
5  0.7636364 0.7636364 0.7272727 0.7272727 0.6909091 0.6909091 0.6909091 0.7200000 0.6938776 0.6938776
6  0.8196721 0.8000000 0.8000000 0.8000000 0.8000000 0.8000000 0.8135593 0.7931034 0.7719298 0.7500000
7  0.6376812 0.6666667 0.6470588 0.6470588 0.6060606 0.5846154 0.5937500 0.5714286 0.5714286 0.5714286
8  0.7272727 0.7272727 0.7307692 0.7547170 0.7307692 0.7307692 0.7307692 0.7058824 0.7058824 0.7058824
9  0.7213115 0.7096774 0.7096774 0.7118644 0.7118644 0.7000000 0.7000000 0.7000000 0.6885246 0.6885246
10 0.7384615 0.7384615 0.7384615 0.7187500 0.6984127 0.6984127 0.7096774 0.7213115 0.7213115 0.7213115

$SVM$`Mean F1 Measure`
        1         2         3         4         5         6         7         8         9        10 
0.0000000 0.6317321 0.6650086 0.6698196 0.6717031 0.7103556 0.7206824 0.7452129 0.7507355 0.7633795 
       11        12        13        14        15        16        17        18        19        20 
0.7712861 0.7774525 0.7788785 0.7677348 0.7785160 0.7830851 0.7946303 0.7961210 0.7827333 0.7860592 
       21        22        23        24        25        26        27        28        29        30 
0.7724157 0.7624996 0.7581139 0.7613557 0.7608428 0.7652039 0.7603996 0.7619572 0.7552477 0.7582210 
       31        32        33        34        35        36        37        38        39        40 
0.7571817 0.7561070 0.7565948 0.7519187 0.7542670 0.7523878 0.7477134 0.7446942 0.7432785 0.7305419 
       41        42        43        44        45        46        47        48        49        50 
0.7276429 0.7329784 0.7274708 0.7180611 0.7025985 0.6932031 0.7014385 0.6918372 0.6832390 0.6739842 

$SVM$`St Dev F1 Measure`
         1          2          3          4          5          6          7          8          9 
0.00000000 0.05763580 0.04969917 0.06028225 0.05566955 0.07088184 0.07078775 0.06795180 0.07216911 
        10         11         12         13         14         15         16         17         18 
0.06934547 0.07034610 0.05845960 0.05917055 0.06455161 0.05807278 0.06348393 0.05861902 0.05450943 
        19         20         21         22         23         24         25         26         27 
0.05495133 0.06295025 0.06594493 0.06191075 0.06314635 0.06500845 0.06603077 0.06176062 0.06060528 
        28         29         30         31         32         33         34         35         36 
0.05032725 0.05469647 0.05673128 0.05319926 0.05045702 0.05338448 0.04519077 0.04887439 0.04755392 
        37         38         39         40         41         42         43         44         45 
0.03882423 0.04574293 0.04751232 0.05712661 0.05916367 0.05408641 0.05513744 0.05789950 0.06034151 
        46         47         48         49         50 
0.06253721 0.06404594 0.06748232 0.06341241 0.05626794 

$SVM$`Micro Ave F1 Measure`
        1         2         3         4         5         6         7         8         9        10 
      NaN 0.6350245 0.6688207 0.6752000 0.6771654 0.7160883 0.7284144 0.7511450 0.7572519 0.7692308 
       11        12        13        14        15        16        17        18        19        20 
0.7771084 0.7819549 0.7831325 0.7736132 0.7826087 0.7874251 0.7976366 0.7994100 0.7852941 0.7887740 
       21        22        23        24        25        26        27        28        29        30 
0.7753304 0.7660819 0.7620438 0.7660819 0.7653959 0.7690058 0.7642753 0.7649635 0.7591241 0.7624633 
       31        32        33        34        35        36        37        38        39        40 
0.7610619 0.7596439 0.7600596 0.7544910 0.7567568 0.7548872 0.7492447 0.7473201 0.7468750 0.7325770 
       41        42        43        44        45        46        47        48        49        50 
0.7287582 0.7344262 0.7284768 0.7193277 0.7040816 0.6943005 0.7024221 0.6925795 0.6843972 0.6738351 

