> chisq_6
$`NAIVE BAYES`
$`NAIVE BAYES`$`Accuracy per Fold`
   1         2         3         4         5         6         7         8         9        10
1  0 0.9529244 0.9557775 0.9572040 0.9500713 0.9529244 0.9586305 0.9514979 0.9529244 0.9514979
2  0 0.9675141 0.9618644 0.9562147 0.9576271 0.9477401 0.9548023 0.9533898 0.9590395 0.9548023
3  0 0.9688826 0.9632249 0.9575672 0.9547383 0.9462518 0.9448373 0.9391796 0.9490806 0.9448373
4  0 0.9703390 0.9717514 0.9689266 0.9745763 0.9745763 0.9731638 0.9759887 0.9745763 0.9731638
5  0 0.9661017 0.9689266 0.9646893 0.9661017 0.9548023 0.9505650 0.9477401 0.9449153 0.9477401
6  0 0.9632249 0.9575672 0.9575672 0.9476662 0.9476662 0.9476662 0.9462518 0.9476662 0.9462518
7  0 0.9590395 0.9562147 0.9491525 0.9604520 0.9576271 0.9519774 0.9562147 0.9548023 0.9576271
8  0 0.9561528 0.9561528 0.9547383 0.9476662 0.9533239 0.9519095 0.9533239 0.9533239 0.9547383
9  0 0.9533898 0.9378531 0.9378531 0.9420904 0.9435028 0.9477401 0.9463277 0.9463277 0.9477401
10 0 0.9586305 0.9600571 0.9557775 0.9643367 0.9643367 0.9643367 0.9657632 0.9600571 0.9586305
          11        12        13        14        15        16        17        18        19        20
1  0.9529244 0.9543509 0.9543509 0.9529244 0.9500713 0.9500713 0.9472183 0.9472183 0.9386591 0.9415121
2  0.9576271 0.9562147 0.9533898 0.9519774 0.9505650 0.9491525 0.9463277 0.9449153 0.9378531 0.9392655
3  0.9476662 0.9405941 0.9377652 0.9306931 0.9321075 0.9264498 0.9207921 0.9193777 0.9151344 0.9137199
4  0.9689266 0.9590395 0.9604520 0.9618644 0.9604520 0.9590395 0.9533898 0.9505650 0.9519774 0.9533898
5  0.9449153 0.9435028 0.9449153 0.9435028 0.9449153 0.9463277 0.9449153 0.9463277 0.9463277 0.9378531
6  0.9434229 0.9490806 0.9405941 0.9363508 0.9335219 0.9306931 0.9292786 0.9321075 0.9278642 0.9193777
7  0.9562147 0.9576271 0.9533898 0.9505650 0.9491525 0.9491525 0.9491525 0.9449153 0.9463277 0.9477401
8  0.9561528 0.9519095 0.9490806 0.9448373 0.9377652 0.9349364 0.9321075 0.9292786 0.9278642 0.9250354
9  0.9491525 0.9505650 0.9491525 0.9449153 0.9420904 0.9435028 0.9420904 0.9406780 0.9378531 0.9364407
10 0.9543509 0.9500713 0.9472183 0.9386591 0.9386591 0.9343795 0.9358060 0.9372325 0.9400856 0.9386591
          21        22        23        24        25        26        27        28        29        30
1  0.9457917 0.9443652 0.9429387 0.9372325 0.9358060 0.9358060 0.9400856 0.9343795 0.9343795 0.9358060
2  0.9350282 0.9350282 0.9322034 0.9293785 0.9293785 0.9307910 0.9307910 0.9293785 0.9265537 0.9307910
3  0.9123055 0.9094767 0.9108911 0.9108911 0.9108911 0.9094767 0.9108911 0.9123055 0.9137199 0.9123055
4  0.9505650 0.9491525 0.9477401 0.9505650 0.9477401 0.9477401 0.9477401 0.9449153 0.9406780 0.9378531
5  0.9322034 0.9279661 0.9265537 0.9251412 0.9237288 0.9265537 0.9265537 0.9251412 0.9152542 0.9166667
6  0.9193777 0.9165488 0.9151344 0.9108911 0.9094767 0.9108911 0.9137199 0.9137199 0.9123055 0.9066478
7  0.9477401 0.9406780 0.9392655 0.9350282 0.9364407 0.9336158 0.9322034 0.9307910 0.9293785 0.9279661
8  0.9207921 0.9222065 0.9250354 0.9278642 0.9278642 0.9222065 0.9222065 0.9207921 0.9165488 0.9179632
9  0.9350282 0.9378531 0.9378531 0.9364407 0.9364407 0.9378531 0.9364407 0.9336158 0.9350282 0.9364407
10 0.9343795 0.9343795 0.9329529 0.9315264 0.9300999 0.9300999 0.9300999 0.9272468 0.9300999 0.9300999
          31        32        33        34        35        36        37        38        39        40
1  0.9343795 0.9329529 0.9329529 0.9343795 0.9329529 0.9329529 0.9329529 0.9272468 0.9243937 0.9215407
2  0.9279661 0.9265537 0.9237288 0.9279661 0.9265537 0.9265537 0.9237288 0.9223164 0.9251412 0.9251412
3  0.9094767 0.9066478 0.9066478 0.9038190 0.9038190 0.9009901 0.9009901 0.8981612 0.8981612 0.8995757
4  0.9364407 0.9378531 0.9364407 0.9350282 0.9336158 0.9350282 0.9336158 0.9322034 0.9322034 0.9293785
5  0.9180791 0.9223164 0.9194915 0.9209040 0.9194915 0.9152542 0.9152542 0.9152542 0.9081921 0.9096045
6  0.9066478 0.9094767 0.9094767 0.9066478 0.9066478 0.9038190 0.9024045 0.9066478 0.9066478 0.9052334
7  0.9307910 0.9307910 0.9307910 0.9293785 0.9307910 0.9293785 0.9307910 0.9307910 0.9265537 0.9265537
8  0.9222065 0.9193777 0.9193777 0.9179632 0.9179632 0.9094767 0.9066478 0.9108911 0.9094767 0.9094767
9  0.9350282 0.9322034 0.9279661 0.9265537 0.9293785 0.9265537 0.9279661 0.9279661 0.9237288 0.9223164
10 0.9286733 0.9300999 0.9315264 0.9300999 0.9272468 0.9272468 0.9243937 0.9229672 0.9229672 0.9186876
          41        42        43        44        45        46        47        48        49        50
1  0.9229672 0.9243937 0.9229672 0.9229672 0.9201141 0.9186876 0.9129815 0.9087019 0.9029957 0.9044223
2  0.9223164 0.9251412 0.9152542 0.9152542 0.9081921 0.9096045 0.9081921 0.9081921 0.9081921 0.9011299
3  0.8995757 0.9009901 0.8967468 0.8967468 0.8896747 0.8882603 0.8868458 0.8868458 0.8811881 0.8755304
4  0.9293785 0.9293785 0.9265537 0.9251412 0.9209040 0.9194915 0.9194915 0.9124294 0.9110169 0.9096045
5  0.9011299 0.9011299 0.8940678 0.8940678 0.8898305 0.8841808 0.8799435 0.8785311 0.8644068 0.8488701
6  0.9080622 0.9094767 0.9094767 0.8995757 0.8995757 0.8953324 0.8854314 0.8868458 0.8868458 0.8840170
7  0.9237288 0.9209040 0.9194915 0.9237288 0.9223164 0.9237288 0.9223164 0.9209040 0.9209040 0.9138418
8  0.9094767 0.9080622 0.9066478 0.9066478 0.9052334 0.8967468 0.8939180 0.8925035 0.8953324 0.8910891
9  0.9110169 0.9053672 0.9053672 0.8926554 0.8926554 0.8954802 0.8968927 0.8912429 0.8855932 0.8841808
10 0.9172611 0.9172611 0.9215407 0.9172611 0.9058488 0.9044223 0.8958631 0.8958631 0.8915835 0.8901569

$`NAIVE BAYES`$`Mean Accuracy`
        1         2         3         4         5         6         7         8         9        10 
0.0000000 0.9616199 0.9589390 0.9559690 0.9565326 0.9542752 0.9545629 0.9535677 0.9542713 0.9537029 
       11        12        13        14        15        16        17        18        19        20 
0.9531353 0.9512956 0.9490309 0.9456289 0.9439300 0.9423705 0.9401078 0.9392616 0.9369946 0.9352993 
       21        22        23        24        25        26        27        28        29        30 
0.9333211 0.9317655 0.9310568 0.9294959 0.9287867 0.9285034 0.9290732 0.9272286 0.9253946 0.9252540 
       31        32        33        34        35        36        37        38        39        40 
0.9249689 0.9248272 0.9238400 0.9232740 0.9228460 0.9207254 0.9198745 0.9194445 0.9177466 0.9167508 
       41        42        43        44        45        46        47        48        49        50 
0.9144913 0.9142105 0.9118114 0.9094046 0.9054345 0.9035935 0.9001876 0.8982060 0.8948059 0.8902843 

$`NAIVE BAYES`$`St Dev Accuracy`
          1           2           3           4           5           6           7           8 
0.000000000 0.006455004 0.009212089 0.008345565 0.010029820 0.009395124 0.008670094 0.010592089 
          9          10          11          12          13          14          15          16 
0.008773089 0.008371774 0.007433581 0.005926919 0.006791186 0.009097506 0.008820629 0.010301285 
         17          18          19          20          21          22          23          24 
0.010259877 0.009759708 0.010837658 0.012382784 0.012745476 0.012601503 0.011807296 0.012021453 
         25          26          27          28          29          30          31          32 
0.011772413 0.011833930 0.011341272 0.009849028 0.010193504 0.011042699 0.010586812 0.010320363 
         33          34          35          36          37          38          39          40 
0.010038563 0.010887678 0.010627809 0.012343259 0.012639902 0.011319272 0.011130137 0.010084330 
         41          42          43          44          45          46          47          48 
0.010150303 0.010496827 0.011168906 0.012965306 0.012636360 0.013807159 0.014774293 0.013577302 
         49          50 
0.016528151 0.019019726 

$`NAIVE BAYES`$`Precisions per Fold`
   1         2         3         4         5         6         7         8         9        10
1  0 0.3333333 0.3666667 0.3870968 0.3500000 0.3863636 0.4210526 0.3658537 0.3684211 0.3658537
2  0 0.6363636 0.5675676 0.5111111 0.5208333 0.4528302 0.5000000 0.4897959 0.5333333 0.5000000
3  0 0.5925926 0.5135135 0.4634146 0.4418605 0.3877551 0.3800000 0.3620690 0.4117647 0.3888889
4  0 0.6388889 0.6666667 0.6153846 0.6511628 0.6511628 0.6304348 0.6590909 0.6585366 0.6428571
5  0 0.7105263 0.7045455 0.6595745 0.6666667 0.5714286 0.5423729 0.5254237 0.5079365 0.5230769
6  0 0.5882353 0.5250000 0.5227273 0.4509804 0.4528302 0.4576271 0.4482759 0.4545455 0.4423077
7  0 0.5405405 0.5135135 0.4523810 0.5454545 0.5217391 0.4807692 0.5106383 0.5000000 0.5192308
8  0 0.5777778 0.5714286 0.5576923 0.5087719 0.5423729 0.5344828 0.5423729 0.5409836 0.5535714
9  0 0.5500000 0.4339623 0.4426230 0.4677419 0.4745763 0.5000000 0.4909091 0.4909091 0.5000000
10 0 0.6818182 0.6734694 0.6250000 0.6851852 0.6785714 0.6785714 0.6909091 0.6808511 0.6666667
          11        12        13        14        15        16        17        18        19        20
1  0.3863636 0.3953488 0.4042553 0.3958333 0.3846154 0.3846154 0.3703704 0.3703704 0.3333333 0.3392857
2  0.5217391 0.5102041 0.4905660 0.4821429 0.4736842 0.4655172 0.4500000 0.4426230 0.4062500 0.4126984
3  0.4000000 0.3636364 0.3559322 0.3281250 0.3333333 0.3134328 0.2957746 0.2916667 0.2800000 0.2763158
4  0.6046512 0.5208333 0.5294118 0.5384615 0.5283019 0.5192308 0.4827586 0.4666667 0.4745763 0.4827586
5  0.5074627 0.5000000 0.5076923 0.5000000 0.5076923 0.5151515 0.5072464 0.5142857 0.5138889 0.4743590
6  0.4230769 0.4615385 0.4166667 0.4000000 0.3846154 0.3731343 0.3714286 0.3787879 0.3582090 0.3287671
7  0.5098039 0.5192308 0.4897959 0.4716981 0.4642857 0.4642857 0.4642857 0.4406780 0.4500000 0.4576271
8  0.5538462 0.5294118 0.5142857 0.4927536 0.4594595 0.4473684 0.4358974 0.4250000 0.4197531 0.4050633
9  0.5081967 0.5161290 0.5081967 0.4843750 0.4677419 0.4754098 0.4666667 0.4590164 0.4461538 0.4393939
10 0.6274510 0.5833333 0.5606061 0.5142857 0.5142857 0.4935065 0.5000000 0.5064935 0.5200000 0.5131579
          21        22        23        24        25        26        27        28        29        30
1  0.3584906 0.3461538 0.3396226 0.3157895 0.3103448 0.3103448 0.3272727 0.3050847 0.3050847 0.3166667
2  0.3939394 0.3939394 0.3823529 0.3714286 0.3714286 0.3768116 0.3768116 0.3714286 0.3611111 0.3768116
3  0.2727273 0.2658228 0.2692308 0.2692308 0.2692308 0.2658228 0.2692308 0.2727273 0.2763158 0.2727273
4  0.4666667 0.4603175 0.4531250 0.4677419 0.4531250 0.4531250 0.4531250 0.4375000 0.4179104 0.4057971
5  0.4500000 0.4337349 0.4285714 0.4235294 0.4186047 0.4285714 0.4302326 0.4235294 0.3913043 0.3956044
6  0.3287671 0.3200000 0.3205128 0.3086420 0.3048780 0.3037975 0.3164557 0.3164557 0.3125000 0.2976190
7  0.4576271 0.4193548 0.4126984 0.3939394 0.4029851 0.3880597 0.3823529 0.3768116 0.3714286 0.3661972
8  0.3902439 0.3975904 0.4096386 0.4197531 0.4197531 0.4022989 0.4022989 0.3953488 0.3820225 0.3863636
9  0.4328358 0.4461538 0.4461538 0.4393939 0.4393939 0.4461538 0.4411765 0.4264706 0.4328358 0.4411765
10 0.4936709 0.4936709 0.4875000 0.4810127 0.4756098 0.4756098 0.4756098 0.4642857 0.4750000 0.4756098
          31        32        33        34        35        36        37        38        39        40
1  0.3114754 0.3064516 0.3064516 0.3114754 0.3125000 0.3125000 0.3125000 0.2941176 0.2794118 0.2714286
2  0.3698630 0.3648649 0.3552632 0.3698630 0.3648649 0.3648649 0.3552632 0.3506494 0.3636364 0.3636364
3  0.2658228 0.2592593 0.2592593 0.2530120 0.2530120 0.2470588 0.2528736 0.2471910 0.2471910 0.2500000
4  0.4000000 0.4057971 0.4000000 0.3943662 0.3888889 0.3943662 0.3888889 0.3835616 0.3835616 0.3733333
5  0.4000000 0.4137931 0.4044944 0.4090909 0.4044944 0.3913043 0.3913043 0.3913043 0.3711340 0.3750000
6  0.2976190 0.3048780 0.3048780 0.2976190 0.2976190 0.2954545 0.2873563 0.2926829 0.2926829 0.2891566
7  0.3731343 0.3731343 0.3731343 0.3714286 0.3802817 0.3750000 0.3835616 0.3835616 0.3684211 0.3684211
8  0.4000000 0.3908046 0.3908046 0.3863636 0.3863636 0.3617021 0.3541667 0.3626374 0.3586957 0.3586957
9  0.4347826 0.4225352 0.4054054 0.4000000 0.4133333 0.4025974 0.4078947 0.4078947 0.3950617 0.3902439
10 0.4705882 0.4761905 0.4819277 0.4761905 0.4651163 0.4651163 0.4545455 0.4494382 0.4494382 0.4347826
          41        42        43        44        45        46        47        48        49        50
1  0.2753623 0.2794118 0.2753623 0.2753623 0.2676056 0.2638889 0.2564103 0.2469136 0.2352941 0.2380952
2  0.3544304 0.3636364 0.3333333 0.3333333 0.3146067 0.3181818 0.3146067 0.3146067 0.3146067 0.2978723
3  0.2500000 0.2528736 0.2444444 0.2500000 0.2371134 0.2346939 0.2323232 0.2323232 0.2233010 0.2201835
4  0.3733333 0.3733333 0.3670886 0.3625000 0.3493976 0.3488372 0.3522727 0.3333333 0.3297872 0.3263158
5  0.3529412 0.3529412 0.3394495 0.3394495 0.3303571 0.3125000 0.3043478 0.3017241 0.2777778 0.2554745
6  0.2962963 0.3000000 0.3000000 0.2808989 0.2808989 0.2765957 0.2574257 0.2600000 0.2600000 0.2549020
7  0.3552632 0.3421053 0.3376623 0.3552632 0.3466667 0.3552632 0.3506494 0.3571429 0.3571429 0.3370787
8  0.3586957 0.3548387 0.3541667 0.3541667 0.3505155 0.3300971 0.3238095 0.3207547 0.3301887 0.3211009
9  0.3555556 0.3404255 0.3404255 0.3106796 0.3106796 0.3168317 0.3200000 0.3076923 0.2962963 0.2935780
10 0.4301075 0.4301075 0.4456522 0.4343434 0.4018692 0.3981481 0.3771930 0.3771930 0.3675214 0.3644068

$`NAIVE BAYES`$`Mean Precisions`
        1         2         3         4         5         6         7         8         9        10 
0.0000000 0.5850077 0.5536334 0.5237005 0.5288657 0.5119630 0.5125311 0.5085338 0.5147281 0.5102453 
       11        12        13        14        15        16        17        18        19        20 
0.5042591 0.4899666 0.4777409 0.4607675 0.4518015 0.4451653 0.4344428 0.4295588 0.4202164 0.4129427 
       21        22        23        24        25        26        27        28        29        30 
0.4044969 0.3976738 0.3949406 0.3890461 0.3865354 0.3850595 0.3874566 0.3789642 0.3725513 0.3734573 
       31        32        33        34        35        36        37        38        39        40 
0.3723285 0.3717709 0.3681619 0.3669409 0.3666474 0.3609965 0.3588355 0.3563039 0.3509234 0.3474698 
       41        42        43        44        45        46        47        48        49        50 
0.3401985 0.3389673 0.3337585 0.3295997 0.3189710 0.3155038 0.3089038 0.3051684 0.2991916 0.2909008 

$`NAIVE BAYES`$`St Dev Precisions`
         1          2          3          4          5          6          7          8          9 
0.00000000 0.10399299 0.10736194 0.08969033 0.10979274 0.10071157 0.09013151 0.10722007 0.09762330 
        10         11         12         13         14         15         16         17         18 
0.09694091 0.08126472 0.06582563 0.06409545 0.06506384 0.06402298 0.06718813 0.06783196 0.06729094 
        19         20         21         22         23         24         25         26         27 
0.07781432 0.07646757 0.06915598 0.06939951 0.06732908 0.07136697 0.06994157 0.07089545 0.06649908 
        28         29         30         31         32         33         34         35         36 
0.06318471 0.06162620 0.06316738 0.06367227 0.06516311 0.06415263 0.06396595 0.06235242 0.06186426 
        37         38         39         40         41         42         43         44         45 
0.06023543 0.06140854 0.06048099 0.05810849 0.05230074 0.05058844 0.05443303 0.05316048 0.04780281 
        46         47         48         49         50 
0.04768078 0.04708821 0.04687172 0.04944923 0.04725565 

$`NAIVE BAYES`$`Micro Ave Precisions`
        1         2         3         4         5         6         7         8         9        10 
      NaN 0.5906593 0.5574572 0.5283843 0.5306122 0.5135135 0.5155039 0.5085714 0.5138340 0.5097276 
       11        12        13        14        15        16        17        18        19        20 
0.5056604 0.4937163 0.4802065 0.4612850 0.4521880 0.4446203 0.4340491 0.4303030 0.4203540 0.4122807 
       21        22        23        24        25        26        27        28        29        30 
0.4037356 0.3974540 0.3952514 0.3889655 0.3869210 0.3855586 0.3885870 0.3805668 0.3736702 0.3741765 
       31        32        33        34        35        36        37        38        39        40 
0.3735256 0.3730366 0.3696498 0.3680824 0.3676845 0.3611457 0.3588163 0.3567901 0.3519417 0.3489771 
       41        42        43        44        45        46        47        48        49        50 
0.3420118 0.3408284 0.3356322 0.3311037 0.3206934 0.3166311 0.3095238 0.3062880 0.2994071 0.2906310 

$`NAIVE BAYES`$`Recalls per Fold`
   1         2         3         4         5         6         7         8         9        10
1  0 0.4347826 0.4782609 0.5217391 0.6086957 0.7391304 0.6956522 0.6521739 0.6086957 0.6521739
2  0 0.6562500 0.6562500 0.7187500 0.7812500 0.7500000 0.7187500 0.7500000 0.7500000 0.7187500
3  0 0.5925926 0.7037037 0.7037037 0.7037037 0.7037037 0.7037037 0.7777778 0.7777778 0.7777778
4  0 0.7419355 0.7096774 0.7741935 0.9032258 0.9032258 0.9354839 0.9354839 0.8709677 0.8709677
5  0 0.6750000 0.7750000 0.7750000 0.8000000 0.8000000 0.8000000 0.7750000 0.8000000 0.8500000
6  0 0.6250000 0.6562500 0.7187500 0.7187500 0.7500000 0.8437500 0.8125000 0.7812500 0.7187500
7  0 0.6250000 0.5937500 0.5937500 0.7500000 0.7500000 0.7812500 0.7500000 0.7812500 0.8437500
8  0 0.6842105 0.7368421 0.7631579 0.7631579 0.8421053 0.8157895 0.8421053 0.8684211 0.8157895
9  0 0.5945946 0.6216216 0.7297297 0.7837838 0.7567568 0.7027027 0.7297297 0.7297297 0.7837838
10 0 0.6666667 0.7333333 0.7777778 0.8222222 0.8444444 0.8444444 0.8444444 0.7111111 0.7111111
          11        12        13        14        15        16        17        18        19        20
1  0.7391304 0.7391304 0.8260870 0.8260870 0.8695652 0.8695652 0.8695652 0.8695652 0.8695652 0.8260870
2  0.7500000 0.7812500 0.8125000 0.8437500 0.8437500 0.8437500 0.8437500 0.8437500 0.8125000 0.8125000
3  0.7407407 0.7407407 0.7777778 0.7777778 0.7777778 0.7777778 0.7777778 0.7777778 0.7777778 0.7777778
4  0.8387097 0.8064516 0.8709677 0.9032258 0.9032258 0.8709677 0.9032258 0.9032258 0.9032258 0.9032258
5  0.8500000 0.8500000 0.8250000 0.8250000 0.8250000 0.8500000 0.8750000 0.9000000 0.9250000 0.9250000
6  0.6875000 0.7500000 0.7812500 0.8125000 0.7812500 0.7812500 0.8125000 0.7812500 0.7500000 0.7500000
7  0.8125000 0.8437500 0.7500000 0.7812500 0.8125000 0.8125000 0.8125000 0.8125000 0.8437500 0.8437500
8  0.9473684 0.9473684 0.9473684 0.8947368 0.8947368 0.8947368 0.8947368 0.8947368 0.8947368 0.8421053
9  0.8378378 0.8648649 0.8378378 0.8378378 0.7837838 0.7837838 0.7567568 0.7567568 0.7837838 0.7837838
10 0.7111111 0.7777778 0.8222222 0.8000000 0.8000000 0.8444444 0.8444444 0.8666667 0.8666667 0.8666667
          21        22        23        24        25        26        27        28        29        30
1  0.8260870 0.7826087 0.7826087 0.7826087 0.7826087 0.7826087 0.7826087 0.7826087 0.7826087 0.8260870
2  0.8125000 0.8125000 0.8125000 0.8125000 0.8125000 0.8125000 0.8125000 0.8125000 0.8125000 0.8125000
3  0.7777778 0.7777778 0.7777778 0.7777778 0.7777778 0.7777778 0.7777778 0.7777778 0.7777778 0.7777778
4  0.9032258 0.9354839 0.9354839 0.9354839 0.9354839 0.9354839 0.9354839 0.9032258 0.9032258 0.9032258
5  0.9000000 0.9000000 0.9000000 0.9000000 0.9000000 0.9000000 0.9250000 0.9000000 0.9000000 0.9000000
6  0.7500000 0.7500000 0.7812500 0.7812500 0.7812500 0.7500000 0.7812500 0.7812500 0.7812500 0.7812500
7  0.8437500 0.8125000 0.8125000 0.8125000 0.8437500 0.8125000 0.8125000 0.8125000 0.8125000 0.8125000
8  0.8421053 0.8684211 0.8947368 0.8947368 0.8947368 0.9210526 0.9210526 0.8947368 0.8947368 0.8947368
9  0.7837838 0.7837838 0.7837838 0.7837838 0.7837838 0.7837838 0.8108108 0.7837838 0.7837838 0.8108108
10 0.8666667 0.8666667 0.8666667 0.8444444 0.8666667 0.8666667 0.8666667 0.8666667 0.8444444 0.8666667
          31        32        33        34        35        36        37        38        39        40
1  0.8260870 0.8260870 0.8260870 0.8260870 0.8695652 0.8695652 0.8695652 0.8695652 0.8260870 0.8260870
2  0.8437500 0.8437500 0.8437500 0.8437500 0.8437500 0.8437500 0.8437500 0.8437500 0.8750000 0.8750000
3  0.7777778 0.7777778 0.7777778 0.7777778 0.7777778 0.7777778 0.8148148 0.8148148 0.8148148 0.8148148
4  0.9032258 0.9032258 0.9032258 0.9032258 0.9032258 0.9032258 0.9032258 0.9032258 0.9032258 0.9032258
5  0.9000000 0.9000000 0.9000000 0.9000000 0.9000000 0.9000000 0.9000000 0.9000000 0.9000000 0.9000000
6  0.7812500 0.7812500 0.7812500 0.7812500 0.7812500 0.8125000 0.7812500 0.7500000 0.7500000 0.7500000
7  0.7812500 0.7812500 0.7812500 0.8125000 0.8437500 0.8437500 0.8750000 0.8750000 0.8750000 0.8750000
8  0.8947368 0.8947368 0.8947368 0.8947368 0.8947368 0.8947368 0.8947368 0.8684211 0.8684211 0.8684211
9  0.8108108 0.8108108 0.8108108 0.8108108 0.8378378 0.8378378 0.8378378 0.8378378 0.8648649 0.8648649
10 0.8888889 0.8888889 0.8888889 0.8888889 0.8888889 0.8888889 0.8888889 0.8888889 0.8888889 0.8888889
          41        42        43        44        45        46        47        48        49        50
1  0.8260870 0.8260870 0.8260870 0.8260870 0.8260870 0.8260870 0.8695652 0.8695652 0.8695652 0.8695652
2  0.8750000 0.8750000 0.8750000 0.8750000 0.8750000 0.8750000 0.8750000 0.8750000 0.8750000 0.8750000
3  0.8148148 0.8148148 0.8148148 0.8518519 0.8518519 0.8518519 0.8518519 0.8518519 0.8518519 0.8888889
4  0.9032258 0.9032258 0.9354839 0.9354839 0.9354839 0.9677419 1.0000000 1.0000000 1.0000000 1.0000000
5  0.9000000 0.9000000 0.9250000 0.9250000 0.9250000 0.8750000 0.8750000 0.8750000 0.8750000 0.8750000
6  0.7500000 0.7500000 0.7500000 0.7812500 0.7812500 0.8125000 0.8125000 0.8125000 0.8125000 0.8125000
7  0.8437500 0.8125000 0.8125000 0.8437500 0.8125000 0.8437500 0.8437500 0.9375000 0.9375000 0.9375000
8  0.8684211 0.8684211 0.8947368 0.8947368 0.8947368 0.8947368 0.8947368 0.8947368 0.9210526 0.9210526
9  0.8648649 0.8648649 0.8648649 0.8648649 0.8648649 0.8648649 0.8648649 0.8648649 0.8648649 0.8648649
10 0.8888889 0.8888889 0.9111111 0.9555556 0.9555556 0.9555556 0.9555556 0.9555556 0.9555556 0.9555556

$`NAIVE BAYES`$`Mean Recalls`
        1         2         3         4         5         6         7         8         9        10 
0.0000000 0.6296032 0.6664689 0.7076552 0.7634789 0.7839366 0.7841526 0.7869215 0.7679203 0.7742854 
       11        12        13        14        15        16        17        18        19        20 
0.7914898 0.8101334 0.8251011 0.8302165 0.8291589 0.8328776 0.8390257 0.8406229 0.8427006 0.8330896 
       21        22        23        24        25        26        27        28        29        30 
0.8305896 0.8289742 0.8347308 0.8325085 0.8378558 0.8342373 0.8425650 0.8315050 0.8292827 0.8385555 
       31        32        33        34        35        36        37        38        39        40 
0.8407777 0.8407777 0.8407777 0.8439027 0.8540782 0.8572032 0.8609069 0.8551504 0.8566302 0.8566302 
       41        42        43        44        45        46        47        48        49        50 
0.8535052 0.8503802 0.8609598 0.8753580 0.8722330 0.8767088 0.8842824 0.8936574 0.8962890 0.8999927 

$`NAIVE BAYES`$`St Dev Recalls`
         1          2          3          4          5          6          7          8          9 
0.00000000 0.08187928 0.08652943 0.08514606 0.07799947 0.06161842 0.07927764 0.07707075 0.07642007 
        10         11         12         13         14         15         16         17         18 
0.07211186 0.07948016 0.06659654 0.05496051 0.04236506 0.04687001 0.04176047 0.04879730 0.05497259 
        19         20         21         22         23         24         25         26         27 
0.05928564 0.05533360 0.05112430 0.06051490 0.05910109 0.05817743 0.05861923 0.06633573 0.06371678 
        28         29         30         31         32         33         34         35         36 
0.05361672 0.05244518 0.04849412 0.05250616 0.05250616 0.05250616 0.04940816 0.04622632 0.04157856 
        37         38         39         40         41         42         43         44         45 
0.04057427 0.04637071 0.04717092 0.04717092 0.04685279 0.04858585 0.05918831 0.05357490 0.05645729 
        46         47         48         49         50 
0.05095146 0.05496768 0.05528043 0.05595972 0.05387882 

$`NAIVE BAYES`$`Micro Ave Recalls`
        1         2         3         4         5         6         7         8         9        10 
      NaN 0.6379822 0.6765579 0.7181009 0.7715134 0.7893175 0.7893175 0.7922849 0.7715134 0.7774481 
       11        12        13        14        15        16        17        18        19        20 
0.7952522 0.8160237 0.8278932 0.8308605 0.8278932 0.8338279 0.8397626 0.8427300 0.8456973 0.8367953 
       21        22        23        24        25        26        27        28        29        30 
0.8338279 0.8338279 0.8397626 0.8367953 0.8427300 0.8397626 0.8486647 0.8367953 0.8338279 0.8427300 
       31        32        33        34        35        36        37        38        39        40 
0.8456973 0.8456973 0.8456973 0.8486647 0.8575668 0.8605341 0.8635015 0.8575668 0.8605341 0.8605341 
       41        42        43        44        45        46        47        48        49        50 
0.8575668 0.8545994 0.8664688 0.8813056 0.8783383 0.8813056 0.8872404 0.8961424 0.8991098 0.9020772 

$`NAIVE BAYES`$`F1 Measure`
   1         2         3         4         5         6         7         8         9        10
1  0 0.3773585 0.4150943 0.4444444 0.4444444 0.5074627 0.5245902 0.4687500 0.4590164 0.4687500
2  0 0.6461538 0.6086957 0.5974026 0.6250000 0.5647059 0.5897436 0.5925926 0.6233766 0.5897436
3  0 0.5925926 0.5937500 0.5588235 0.5428571 0.5000000 0.4935065 0.4941176 0.5384615 0.5185185
4  0 0.6865672 0.6875000 0.6857143 0.7567568 0.7567568 0.7532468 0.7733333 0.7500000 0.7397260
5  0 0.6923077 0.7380952 0.7126437 0.7272727 0.6666667 0.6464646 0.6262626 0.6213592 0.6476190
6  0 0.6060606 0.5833333 0.6052632 0.5542169 0.5647059 0.5934066 0.5777778 0.5747126 0.5476190
7  0 0.5797101 0.5507246 0.5135135 0.6315789 0.6153846 0.5952381 0.6075949 0.6097561 0.6428571
8  0 0.6265060 0.6436782 0.6444444 0.6105263 0.6597938 0.6458333 0.6597938 0.6666667 0.6595745
9  0 0.5714286 0.5111111 0.5510204 0.5858586 0.5833333 0.5842697 0.5869565 0.5869565 0.6105263
10 0 0.6741573 0.7021277 0.6930693 0.7474747 0.7524752 0.7524752 0.7600000 0.6956522 0.6881720
          11        12        13        14        15        16        17        18        19        20
1  0.5074627 0.5151515 0.5428571 0.5352113 0.5333333 0.5333333 0.5194805 0.5194805 0.4819277 0.4810127
2  0.6153846 0.6172840 0.6117647 0.6136364 0.6067416 0.6000000 0.5869565 0.5806452 0.5416667 0.5473684
3  0.5194805 0.4878049 0.4883721 0.4615385 0.4666667 0.4468085 0.4285714 0.4242424 0.4117647 0.4077670
4  0.7027027 0.6329114 0.6585366 0.6746988 0.6666667 0.6506024 0.6292135 0.6153846 0.6222222 0.6292135
5  0.6355140 0.6296296 0.6285714 0.6226415 0.6285714 0.6415094 0.6422018 0.6545455 0.6607143 0.6271186
6  0.5238095 0.5714286 0.5434783 0.5360825 0.5154639 0.5050505 0.5098039 0.5102041 0.4848485 0.4571429
7  0.6265060 0.6428571 0.5925926 0.5882353 0.5909091 0.5909091 0.5909091 0.5714286 0.5869565 0.5934066
8  0.6990291 0.6792453 0.6666667 0.6355140 0.6071429 0.5964912 0.5862069 0.5762712 0.5714286 0.5470085
9  0.6326531 0.6464646 0.6326531 0.6138614 0.5858586 0.5918367 0.5773196 0.5714286 0.5686275 0.5631068
10 0.6666667 0.6666667 0.6666667 0.6260870 0.6260870 0.6229508 0.6280992 0.6393443 0.6500000 0.6446281
          21        22        23        24        25        26        27        28        29        30
1  0.5000000 0.4800000 0.4736842 0.4500000 0.4444444 0.4444444 0.4615385 0.4390244 0.4390244 0.4578313
2  0.5306122 0.5306122 0.5200000 0.5098039 0.5098039 0.5148515 0.5148515 0.5098039 0.5000000 0.5148515
3  0.4038462 0.3962264 0.4000000 0.4000000 0.4000000 0.3962264 0.4000000 0.4038462 0.4077670 0.4038462
4  0.6153846 0.6170213 0.6105263 0.6236559 0.6105263 0.6105263 0.6105263 0.5894737 0.5714286 0.5600000
5  0.6000000 0.5853659 0.5806452 0.5760000 0.5714286 0.5806452 0.5873016 0.5760000 0.5454545 0.5496183
6  0.4571429 0.4485981 0.4545455 0.4424779 0.4385965 0.4324324 0.4504505 0.4504505 0.4464286 0.4310345
7  0.5934066 0.5531915 0.5473684 0.5306122 0.5454545 0.5252525 0.5200000 0.5148515 0.5098039 0.5048544
8  0.5333333 0.5454545 0.5619835 0.5714286 0.5714286 0.5600000 0.5600000 0.5483871 0.5354331 0.5396825
9  0.5576923 0.5686275 0.5686275 0.5631068 0.5631068 0.5686275 0.5714286 0.5523810 0.5576923 0.5714286
10 0.6290323 0.6290323 0.6240000 0.6129032 0.6141732 0.6141732 0.6141732 0.6046512 0.6080000 0.6141732
          31        32        33        34        35        36        37        38        39        40
1  0.4523810 0.4470588 0.4470588 0.4523810 0.4597701 0.4597701 0.4597701 0.4395604 0.4175824 0.4086022
2  0.5142857 0.5094340 0.5000000 0.5142857 0.5094340 0.5094340 0.5000000 0.4954128 0.5137615 0.5137615
3  0.3962264 0.3888889 0.3888889 0.3818182 0.3818182 0.3750000 0.3859649 0.3793103 0.3793103 0.3826087
4  0.5544554 0.5600000 0.5544554 0.5490196 0.5436893 0.5490196 0.5436893 0.5384615 0.5384615 0.5283019
5  0.5538462 0.5669291 0.5581395 0.5625000 0.5581395 0.5454545 0.5454545 0.5454545 0.5255474 0.5294118
6  0.4310345 0.4385965 0.4385965 0.4310345 0.4310345 0.4333333 0.4201681 0.4210526 0.4210526 0.4173913
7  0.5050505 0.5050505 0.5050505 0.5098039 0.5242718 0.5192308 0.5333333 0.5333333 0.5185185 0.5185185
8  0.5528455 0.5440000 0.5440000 0.5396825 0.5396825 0.5151515 0.5074627 0.5116279 0.5076923 0.5076923
9  0.5660377 0.5555556 0.5405405 0.5357143 0.5535714 0.5438596 0.5486726 0.5486726 0.5423729 0.5378151
10 0.6153846 0.6201550 0.6250000 0.6201550 0.6106870 0.6106870 0.6015038 0.5970149 0.5970149 0.5839416
          41        42        43        44        45        46        47        48        49        50
1  0.4130435 0.4175824 0.4130435 0.4130435 0.4042553 0.4000000 0.3960396 0.3846154 0.3703704 0.3738318
2  0.5045045 0.5137615 0.4827586 0.4827586 0.4628099 0.4666667 0.4628099 0.4628099 0.4628099 0.4444444
3  0.3826087 0.3859649 0.3760684 0.3865546 0.3709677 0.3680000 0.3650794 0.3650794 0.3538462 0.3529412
4  0.5283019 0.5283019 0.5272727 0.5225225 0.5087719 0.5128205 0.5210084 0.5000000 0.4960000 0.4920635
5  0.5070423 0.5070423 0.4966443 0.4966443 0.4868421 0.4605263 0.4516129 0.4487179 0.4216867 0.3954802
6  0.4247788 0.4285714 0.4285714 0.4132231 0.4132231 0.4126984 0.3909774 0.3939394 0.3939394 0.3880597
7  0.5000000 0.4814815 0.4770642 0.5000000 0.4859813 0.5000000 0.4954128 0.5172414 0.5172414 0.4958678
8  0.5076923 0.5038168 0.5074627 0.5074627 0.5037037 0.4822695 0.4755245 0.4722222 0.4861111 0.4761905
9  0.5039370 0.4885496 0.4885496 0.4571429 0.4571429 0.4637681 0.4671533 0.4539007 0.4413793 0.4383562
10 0.5797101 0.5797101 0.5985401 0.5972222 0.5657895 0.5620915 0.5408805 0.5408805 0.5308642 0.5276074

$`NAIVE BAYES`$`Mean F1 Measure`
        1         2         3         4         5         6         7         8         9        10 
0.0000000 0.6052842 0.6034110 0.6006339 0.6225987 0.6171285 0.6178775 0.6147179 0.6125958 0.6113106 
       11        12        13        14        15        16        17        18        19        20 
0.6129209 0.6089444 0.6032159 0.5907507 0.5827441 0.5779492 0.5698762 0.5662975 0.5580157 0.5497773 
       21        22        23        24        25        26        27        28        29        30 
0.5420450 0.5354130 0.5341380 0.5279989 0.5268963 0.5247179 0.5290270 0.5188869 0.5121032 0.5147320 
       31        32        33        34        35        36        37        38        39        40 
0.5141548 0.5135668 0.5101730 0.5096395 0.5112098 0.5060941 0.5046019 0.5009901 0.4961314 0.4928045 
       41        42        43        44        45        46        47        48        49        50 
0.4851619 0.4834782 0.4795976 0.4776574 0.4659487 0.4628841 0.4566499 0.4539407 0.4474249 0.4384843 

$`NAIVE BAYES`$`St Dev F1 Measure`
         1          2          3          4          5          6          7          8          9 
0.00000000 0.09126046 0.09652857 0.08594256 0.09938968 0.09096779 0.08514249 0.09829516 0.08170275 
        10         11         12         13         14         15         16         17         18 
0.08198736 0.07245521 0.06392972 0.06074412 0.06249439 0.06028756 0.06415007 0.06609209 0.06783068 
        19         20         21         22         23         24         25         26         27 
0.07962422 0.07948429 0.07262445 0.07411946 0.07179889 0.07593937 0.07544172 0.07690846 0.07280456 
        28         29         30         31         32         33         34         35         36 
0.06830223 0.06424099 0.06635598 0.06859773 0.07049974 0.06948987 0.06988751 0.06810802 0.06720551 
        37         38         39         40         41         42         43         44         45 
0.06548750 0.06752407 0.06780076 0.06597511 0.05971968 0.05778437 0.06265893 0.06247666 0.05750374 
        46         47         48         49         50 
0.05733507 0.05738845 0.05814695 0.06162918 0.05911700 

$`NAIVE BAYES`$`Micro Ave F1 Measure`
        1         2         3         4         5         6         7         8         9        10 
      NaN 0.6134094 0.6112601 0.6088050 0.6287787 0.6222222 0.6236811 0.6194896 0.6168446 0.6157462 
       11        12        13        14        15        16        17        18        19        20 
0.6182238 0.6152125 0.6078431 0.5932203 0.5849057 0.5799794 0.5722952 0.5697091 0.5615764 0.5523996 
       21        22        23        24        25        26        27        28        29        30 
0.5440465 0.5383142 0.5375119 0.5310734 0.5303455 0.5284781 0.5330848 0.5231911 0.5160698 0.5182482 
       31        32        33        34        35        36        37        38        39        40 
0.5181818 0.5177112 0.5144404 0.5134650 0.5146928 0.5087719 0.5069686 0.5039233 0.4995693 0.4965753 
       41        42        43        44        45        46        47        48        49        50 
0.4890017 0.4873096 0.4838442 0.4813614 0.4698413 0.4658824 0.4589409 0.4565382 0.4492216 0.4396240 


$SVM
$SVM$`Accuracy per Fold`
   1         2         3         4         5         6         7         8         9        10
1  0 0.9700428 0.9714693 0.9728959 0.9757489 0.9728959 0.9714693 0.9728959 0.9714693 0.9728959
2  0 0.9646893 0.9675141 0.9745763 0.9816384 0.9802260 0.9802260 0.9788136 0.9788136 0.9802260
3  0 0.9745403 0.9731259 0.9731259 0.9745403 0.9745403 0.9773692 0.9702970 0.9717115 0.9717115
4  0 0.9745763 0.9703390 0.9774011 0.9830508 0.9802260 0.9774011 0.9759887 0.9774011 0.9759887
5  0 0.9689266 0.9689266 0.9731638 0.9745763 0.9759887 0.9731638 0.9731638 0.9703390 0.9703390
6  0 0.9702970 0.9717115 0.9646393 0.9646393 0.9646393 0.9702970 0.9702970 0.9674682 0.9660537
7  0 0.9675141 0.9717514 0.9717514 0.9745763 0.9731638 0.9689266 0.9675141 0.9675141 0.9717514
8  0 0.9674682 0.9702970 0.9674682 0.9717115 0.9731259 0.9759547 0.9759547 0.9773692 0.9773692
9  0 0.9548023 0.9533898 0.9590395 0.9604520 0.9590395 0.9604520 0.9646893 0.9661017 0.9689266
10 0 0.9486448 0.9586305 0.9557775 0.9643367 0.9686163 0.9700428 0.9700428 0.9686163 0.9686163
          11        12        13        14        15        16        17        18        19        20
1  0.9714693 0.9743224 0.9728959 0.9757489 0.9743224 0.9757489 0.9743224 0.9743224 0.9700428 0.9728959
2  0.9844633 0.9816384 0.9816384 0.9844633 0.9844633 0.9816384 0.9816384 0.9802260 0.9816384 0.9816384
3  0.9759547 0.9759547 0.9773692 0.9773692 0.9773692 0.9745403 0.9759547 0.9759547 0.9773692 0.9773692
4  0.9802260 0.9802260 0.9802260 0.9816384 0.9830508 0.9816384 0.9816384 0.9816384 0.9816384 0.9816384
5  0.9717514 0.9717514 0.9731638 0.9731638 0.9759887 0.9745763 0.9745763 0.9717514 0.9731638 0.9717514
6  0.9688826 0.9731259 0.9702970 0.9717115 0.9717115 0.9745403 0.9717115 0.9717115 0.9745403 0.9745403
7  0.9703390 0.9731638 0.9731638 0.9731638 0.9745763 0.9759887 0.9759887 0.9774011 0.9774011 0.9774011
8  0.9830269 0.9801980 0.9816124 0.9816124 0.9801980 0.9759547 0.9773692 0.9731259 0.9773692 0.9773692
9  0.9646893 0.9661017 0.9661017 0.9675141 0.9675141 0.9689266 0.9689266 0.9661017 0.9646893 0.9661017
10 0.9700428 0.9728959 0.9728959 0.9757489 0.9743224 0.9757489 0.9757489 0.9743224 0.9757489 0.9743224
          21        22        23        24        25        26        27        28        29        30
1  0.9714693 0.9700428 0.9714693 0.9743224 0.9757489 0.9771755 0.9771755 0.9743224 0.9700428 0.9757489
2  0.9788136 0.9802260 0.9774011 0.9774011 0.9759887 0.9759887 0.9759887 0.9717514 0.9703390 0.9703390
3  0.9759547 0.9759547 0.9745403 0.9745403 0.9787836 0.9801980 0.9801980 0.9787836 0.9787836 0.9801980
4  0.9802260 0.9830508 0.9816384 0.9816384 0.9816384 0.9802260 0.9802260 0.9816384 0.9816384 0.9802260
5  0.9703390 0.9703390 0.9703390 0.9703390 0.9689266 0.9661017 0.9632768 0.9604520 0.9618644 0.9590395
6  0.9702970 0.9745403 0.9731259 0.9731259 0.9702970 0.9674682 0.9702970 0.9702970 0.9674682 0.9646393
7  0.9759887 0.9745763 0.9745763 0.9745763 0.9745763 0.9759887 0.9788136 0.9731638 0.9717514 0.9717514
8  0.9801980 0.9759547 0.9745403 0.9745403 0.9745403 0.9759547 0.9731259 0.9717115 0.9702970 0.9717115
9  0.9675141 0.9661017 0.9661017 0.9661017 0.9661017 0.9675141 0.9675141 0.9675141 0.9632768 0.9632768
10 0.9757489 0.9743224 0.9728959 0.9714693 0.9686163 0.9728959 0.9700428 0.9657632 0.9643367 0.9629101
          31        32        33        34        35        36        37        38        39        40
1  0.9743224 0.9786020 0.9786020 0.9771755 0.9757489 0.9728959 0.9743224 0.9757489 0.9728959 0.9743224
2  0.9703390 0.9703390 0.9689266 0.9703390 0.9703390 0.9703390 0.9703390 0.9703390 0.9703390 0.9703390
3  0.9787836 0.9787836 0.9801980 0.9759547 0.9745403 0.9731259 0.9745403 0.9731259 0.9745403 0.9745403
4  0.9816384 0.9802260 0.9802260 0.9788136 0.9788136 0.9774011 0.9788136 0.9774011 0.9774011 0.9759887
5  0.9604520 0.9618644 0.9618644 0.9618644 0.9632768 0.9618644 0.9618644 0.9618644 0.9618644 0.9618644
6  0.9660537 0.9632249 0.9660537 0.9632249 0.9646393 0.9674682 0.9660537 0.9660537 0.9660537 0.9688826
7  0.9717514 0.9717514 0.9717514 0.9689266 0.9689266 0.9689266 0.9689266 0.9703390 0.9689266 0.9689266
8  0.9688826 0.9688826 0.9702970 0.9674682 0.9674682 0.9674682 0.9660537 0.9674682 0.9660537 0.9660537
9  0.9632768 0.9632768 0.9618644 0.9618644 0.9618644 0.9618644 0.9604520 0.9604520 0.9618644 0.9618644
10 0.9671897 0.9629101 0.9643367 0.9657632 0.9657632 0.9629101 0.9614836 0.9643367 0.9643367 0.9643367
          41        42        43        44        45        46        47        48        49        50
1  0.9743224 0.9743224 0.9743224 0.9757489 0.9757489 0.9757489 0.9757489 0.9757489 0.9757489 0.9757489
2  0.9703390 0.9703390 0.9703390 0.9703390 0.9703390 0.9703390 0.9703390 0.9703390 0.9703390 0.9703390
3  0.9731259 0.9731259 0.9731259 0.9731259 0.9731259 0.9745403 0.9759547 0.9759547 0.9773692 0.9773692
4  0.9759887 0.9759887 0.9759887 0.9759887 0.9774011 0.9774011 0.9774011 0.9774011 0.9774011 0.9774011
5  0.9618644 0.9618644 0.9618644 0.9618644 0.9618644 0.9618644 0.9618644 0.9632768 0.9632768 0.9632768
6  0.9674682 0.9660537 0.9660537 0.9674682 0.9674682 0.9674682 0.9674682 0.9674682 0.9660537 0.9646393
7  0.9675141 0.9689266 0.9661017 0.9689266 0.9703390 0.9703390 0.9703390 0.9703390 0.9703390 0.9703390
8  0.9660537 0.9660537 0.9688826 0.9688826 0.9688826 0.9702970 0.9688826 0.9674682 0.9674682 0.9674682
9  0.9618644 0.9618644 0.9618644 0.9618644 0.9618644 0.9646893 0.9632768 0.9632768 0.9632768 0.9632768
10 0.9629101 0.9629101 0.9629101 0.9643367 0.9643367 0.9643367 0.9643367 0.9657632 0.9657632 0.9600571

$SVM$`Mean Accuracy`
        1         2         3         4         5         6         7         8         9        10 
0.0000000 0.9661502 0.9677155 0.9689839 0.9725270 0.9722462 0.9725303 0.9719657 0.9716804 0.9723878 
       11        12        13        14        15        16        17        18        19        20 
0.9740845 0.9749378 0.9749364 0.9762134 0.9763517 0.9759302 0.9757875 0.9746556 0.9753601 0.9755028 
       21        22        23        24        25        26        27        28        29        30 
0.9746549 0.9745109 0.9736628 0.9738055 0.9735218 0.9739511 0.9736658 0.9715397 0.9699798 0.9699841 
       31        32        33        34        35        36        37        38        39        40 
0.9702690 0.9699861 0.9704120 0.9691394 0.9691380 0.9684264 0.9682849 0.9687129 0.9684276 0.9687119 
       41        42        43        44        45        46        47        48        49        50 
0.9681451 0.9681449 0.9681453 0.9688545 0.9691370 0.9697024 0.9695611 0.9697036 0.9697036 0.9689915 

$SVM$`St Dev Accuracy`
          1           2           3           4           5           6           7           8 
0.000000000 0.008315955 0.006484472 0.007103895 0.007396478 0.006617468 0.005673183 0.004259896 
          9          10          11          12          13          14          15          16 
0.004635938 0.004357125 0.006556401 0.004723174 0.005137791 0.005195647 0.005138745 0.003651256 
         17          18          19          20          21          22          23          24 
0.003920578 0.004495038 0.005151702 0.004683677 0.004502837 0.004920327 0.004134757 0.004129962 
         25          26          27          28          29          30          31          32 
0.004914815 0.005241953 0.005777917 0.006137035 0.006374820 0.007394180 0.006623452 0.007208813 
         33          34          35          36          37          38          39          40 
0.007189477 0.006334430 0.005673202 0.005216430 0.006234816 0.005702537 0.005332441 0.005175877 
         41          42          43          44          45          46          47          48 
0.005172917 0.005217063 0.005214240 0.005152561 0.005400497 0.005172029 0.005504651 0.005204803 
         49          50 
0.005495637 0.006294639 

$SVM$`Precisions per Fold`
   1         2         3         4         5         6         7         8         9        10
1  0 0.5833333 0.6000000 0.6250000 0.7142857 0.6250000 0.5882353 0.6111111 0.5789474 0.6111111
2  0 0.7692308 0.7368421 0.8181818 0.8800000 0.9090909 0.9090909 0.8695652 0.8695652 0.8750000
3  0 0.7368421 0.6818182 0.6250000 0.6551724 0.6666667 0.7200000 0.6153846 0.6400000 0.6400000
4  0 0.7600000 0.7500000 0.8000000 0.8275862 0.8400000 0.7586207 0.7333333 0.7419355 0.7333333
5  0 0.9090909 0.8000000 0.8387097 0.8666667 0.8709677 0.8000000 0.8000000 0.7567568 0.7714286
6  0 0.8235294 0.7727273 0.6521739 0.6400000 0.6400000 0.7037037 0.7391304 0.6956522 0.6666667
7  0 0.7368421 0.7727273 0.7727273 0.7916667 0.7600000 0.6923077 0.6551724 0.6551724 0.7142857
8  0 0.8260870 0.8148148 0.7419355 0.7647059 0.7567568 0.8000000 0.7837838 0.8666667 0.8666667
9  0 0.6470588 0.6000000 0.6428571 0.6451613 0.6176471 0.6285714 0.6578947 0.6666667 0.7142857
10 0 0.7368421 0.7666667 0.7500000 0.8333333 0.8484848 0.8750000 0.9000000 0.8484848 0.8709677
          11        12        13        14        15        16        17        18        19        20
1  0.5882353 0.6315789 0.6000000 0.6363636 0.6000000 0.6153846 0.6000000 0.6000000 0.5384615 0.5769231
2  0.9200000 0.8518519 0.8518519 0.8888889 0.8888889 0.8800000 0.8800000 0.8750000 0.8800000 0.8800000
3  0.6923077 0.6785714 0.6896552 0.6896552 0.7037037 0.6551724 0.6785714 0.6666667 0.6896552 0.7037037
4  0.7931034 0.8400000 0.8400000 0.8461538 0.8518519 0.8214286 0.8214286 0.8214286 0.8214286 0.8214286
5  0.7777778 0.7777778 0.8000000 0.7837838 0.8108108 0.8235294 0.8235294 0.8125000 0.8387097 0.8571429
6  0.7083333 0.7600000 0.7037037 0.7000000 0.7000000 0.7333333 0.7000000 0.7142857 0.7500000 0.7333333
7  0.7037037 0.7241379 0.7241379 0.7096774 0.7333333 0.7419355 0.7419355 0.7666667 0.7666667 0.7666667
8  0.9333333 0.9000000 0.8787879 0.8571429 0.8529412 0.8387097 0.8437500 0.7878788 0.8235294 0.8437500
9  0.6764706 0.7241379 0.7241379 0.7500000 0.7500000 0.7777778 0.8000000 0.7600000 0.7307692 0.7407407
10 0.8750000 0.8823529 0.8611111 0.8684211 0.8648649 0.8500000 0.8500000 0.8461538 0.8500000 0.8461538
          21        22        23        24        25        26        27        28        29        30
1  0.5600000 0.5384615 0.5600000 0.6086957 0.6250000 0.6521739 0.6521739 0.6190476 0.5500000 0.6666667
2  0.8400000 0.8750000 0.8333333 0.8333333 0.8260870 0.8260870 0.8571429 0.9285714 0.9230769 0.9230769
3  0.6785714 0.6785714 0.6551724 0.6451613 0.7142857 0.7600000 0.7600000 0.7307692 0.7307692 0.8095238
4  0.8400000 0.8518519 0.8461538 0.8461538 0.8461538 0.8400000 0.8695652 0.8750000 0.9090909 0.9047619
5  0.8275862 0.8275862 0.8518519 0.8518519 0.8461538 0.8333333 0.8500000 0.8333333 0.8823529 0.8235294
6  0.7037037 0.7692308 0.7407407 0.7407407 0.7200000 0.6956522 0.7391304 0.7391304 0.6956522 0.6666667
7  0.7586207 0.7333333 0.7333333 0.7692308 0.7692308 0.7777778 0.8400000 0.8095238 0.8333333 0.8333333
8  0.9285714 0.9565217 0.9545455 0.9545455 0.9545455 0.9565217 0.9523810 0.9090909 0.9047619 0.9090909
9  0.7692308 0.7600000 0.7407407 0.7407407 0.7241379 0.7500000 0.7333333 0.7333333 0.7391304 0.7391304
10 0.8684211 0.8648649 0.8611111 0.8571429 0.8965517 0.9333333 0.9285714 0.9200000 0.9166667 0.9130435
          31        32        33        34        35        36        37        38        39        40
1  0.6470588 0.8333333 0.8333333 0.7692308 0.7500000 0.7000000 0.7777778 0.8000000 0.7000000 0.7777778
2  0.9230769 0.9230769 0.9166667 0.9230769 0.9230769 0.9230769 0.9230769 0.9230769 0.9230769 0.9230769
3  0.8333333 0.8000000 0.8421053 0.8125000 0.7647059 0.7222222 0.7368421 0.7222222 0.7368421 0.7368421
4  0.9500000 0.9473684 0.9473684 0.9444444 0.9444444 0.9411765 0.9444444 0.9411765 0.9411765 0.9375000
5  0.8750000 0.9333333 0.9333333 0.9333333 1.0000000 0.9333333 0.9333333 0.9333333 0.9333333 0.9333333
6  0.7222222 0.6666667 0.7000000 0.7142857 0.7333333 0.8461538 0.8333333 0.8333333 0.8333333 0.8571429
7  0.8333333 0.8333333 0.8333333 0.8125000 0.8125000 0.8125000 0.8125000 0.8666667 0.8571429 0.9166667
8  0.9000000 0.9000000 0.9473684 0.8947368 0.8947368 0.8947368 0.8888889 0.8947368 0.8888889 0.8888889
9  0.7391304 0.7619048 0.7500000 0.7500000 0.7500000 0.7500000 0.7368421 0.7368421 0.7500000 0.7500000
10 0.9583333 0.9130435 0.9545455 0.9565217 0.9565217 1.0000000 0.9500000 1.0000000 1.0000000 1.0000000
          41        42        43        44        45        46        47        48        49        50
1  0.7777778 0.7777778 0.7777778 0.8750000 0.8750000 0.8750000 0.8750000 0.8750000 0.8750000 0.8750000
2  0.9230769 0.9230769 0.9230769 0.9230769 0.9230769 0.9230769 0.9230769 0.9230769 0.9230769 0.9230769
3  0.7222222 0.7222222 0.7222222 0.7222222 0.7222222 0.7647059 0.8125000 0.8125000 0.8235294 0.8235294
4  0.9375000 0.9375000 0.9375000 0.9375000 0.9411765 0.9411765 0.9411765 0.9411765 0.9411765 0.9411765
5  0.9333333 0.9333333 0.9333333 0.9333333 0.9333333 0.9333333 0.9333333 0.9375000 0.9375000 0.9375000
6  0.8461538 0.7857143 0.7857143 0.8000000 0.8000000 0.8000000 0.8000000 0.8000000 0.7857143 0.7333333
7  0.9090909 0.9166667 0.8333333 0.9166667 0.9230769 0.9230769 0.9230769 0.9230769 0.9230769 0.9230769
8  0.8888889 0.8888889 0.9000000 0.9000000 0.9000000 0.9047619 0.9000000 0.8947368 0.9411765 0.9411765
9  0.7500000 0.7500000 0.7500000 0.7500000 0.7500000 0.7727273 0.7619048 0.7619048 0.7619048 0.7619048
10 0.9523810 0.9523810 0.9523810 0.9545455 0.9545455 0.9545455 0.9545455 0.9565217 1.0000000 1.0000000

$SVM$`Mean Precisions`
        1         2         3         4         5         6         7         8         9        10 
0.0000000 0.7528857 0.7295596 0.7266585 0.7618578 0.7534614 0.7475530 0.7365376 0.7319848 0.7463746 
       11        12        13        14        15        16        17        18        19        20 
0.7668265 0.7770409 0.7673386 0.7730087 0.7756395 0.7737271 0.7739215 0.7650580 0.7689220 0.7769843 
       21        22        23        24        25        26        27        28        29        30 
0.7774705 0.7855422 0.7776983 0.7847597 0.7922146 0.8024879 0.8182298 0.8097800 0.8084835 0.8188824 
       31        32        33        34        35        36        37        38        39        40 
0.8381488 0.8512060 0.8658054 0.8510630 0.8529319 0.8523200 0.8537039 0.8651388 0.8563794 0.8721229 
       41        42        43        44        45        46        47        48        49        50 
0.8640425 0.8587561 0.8515339 0.8712345 0.8722431 0.8792404 0.8824614 0.8825494 0.8912155 0.8859774 

$SVM$`St Dev Precisions`
         1          2          3          4          5          6          7          8          9 
0.00000000 0.09176439 0.07721226 0.08330068 0.09272445 0.11053153 0.10178071 0.10214794 0.10258916 
        10         11         12         13         14         15         16         17         18 
0.09738835 0.11387935 0.08976135 0.09220875 0.08854805 0.09309494 0.08684357 0.09014949 0.08442218 
        19         20         21         22         23         24         25         26         27 
0.10040762 0.09248123 0.10768996 0.11824141 0.11480316 0.10503929 0.09922759 0.09599851 0.09441871 
        28         29         30         31         32         33         34         35         36 
0.10240876 0.12503103 0.09902486 0.10496388 0.08984719 0.08938035 0.08962635 0.10127780 0.10289887 
        37         38         39         40         41         42         43         44         45 
0.08504188 0.09128393 0.09990925 0.08917853 0.08499213 0.08899984 0.08746612 0.08350533 0.08424330 
        46         47         48         49         50 
0.07279181 0.06759555 0.06806496 0.07724056 0.08642070 

$SVM$`Micro Ave Precisions`
        1         2         3         4         5         6         7         8         9        10 
      NaN 0.7634409 0.7400881 0.7286822 0.7638376 0.7563636 0.7526502 0.7404844 0.7370242 0.7535714 
       11        12        13        14        15        16        17        18        19        20 
0.7750000 0.7836879 0.7758621 0.7788779 0.7814570 0.7774086 0.7785235 0.7687075 0.7744108 0.7808219 
       21        22        23        24        25        26        27        28        29        30 
0.7821429 0.7854545 0.7765568 0.7835821 0.7906977 0.8047809 0.8158996 0.8035714 0.8019324 0.8172589 
       31        32        33        34        35        36        37        38        39        40 
0.8395722 0.8491620 0.8636364 0.8562874 0.8562874 0.8562500 0.8553459 0.8670886 0.8607595 0.8717949 
       41        42        43        44        45        46        47        48        49        50 
0.8636364 0.8589744 0.8544304 0.8679245 0.8695652 0.8773006 0.8812500 0.8819876 0.8917197 0.8831169 

$SVM$`Recalls per Fold`
   1         2         3         4         5         6         7         8         9        10
1  0 0.3043478 0.3913043 0.4347826 0.4347826 0.4347826 0.4347826 0.4782609 0.4782609 0.4782609
2  0 0.3125000 0.4375000 0.5625000 0.6875000 0.6250000 0.6250000 0.6250000 0.6250000 0.6562500
3  0 0.5185185 0.5555556 0.7407407 0.7037037 0.6666667 0.6666667 0.5925926 0.5925926 0.5925926
4  0 0.6129032 0.4838710 0.6451613 0.7741935 0.6774194 0.7096774 0.7096774 0.7419355 0.7096774
5  0 0.5000000 0.6000000 0.6500000 0.6500000 0.6750000 0.7000000 0.7000000 0.7000000 0.6750000
6  0 0.4375000 0.5312500 0.4687500 0.5000000 0.5000000 0.5937500 0.5312500 0.5000000 0.5000000
7  0 0.4375000 0.5312500 0.5312500 0.5937500 0.5937500 0.5625000 0.5937500 0.5937500 0.6250000
8  0 0.5000000 0.5789474 0.6052632 0.6842105 0.7368421 0.7368421 0.7631579 0.6842105 0.6842105
9  0 0.2972973 0.3243243 0.4864865 0.5405405 0.5675676 0.5945946 0.6756757 0.7027027 0.6756757
10 0 0.3111111 0.5111111 0.4666667 0.5555556 0.6222222 0.6222222 0.6000000 0.6222222 0.6000000
          11        12        13        14        15        16        17        18        19        20
1  0.4347826 0.5217391 0.5217391 0.6086957 0.6521739 0.6956522 0.6521739 0.6521739 0.6086957 0.6521739
2  0.7187500 0.7187500 0.7187500 0.7500000 0.7500000 0.6875000 0.6875000 0.6562500 0.6875000 0.6875000
3  0.6666667 0.7037037 0.7407407 0.7407407 0.7037037 0.7037037 0.7037037 0.7407407 0.7407407 0.7037037
4  0.7419355 0.6774194 0.6774194 0.7096774 0.7419355 0.7419355 0.7419355 0.7419355 0.7419355 0.7419355
5  0.7000000 0.7000000 0.7000000 0.7250000 0.7500000 0.7000000 0.7000000 0.6500000 0.6500000 0.6000000
6  0.5312500 0.5937500 0.5937500 0.6562500 0.6562500 0.6875000 0.6562500 0.6250000 0.6562500 0.6875000
7  0.5937500 0.6562500 0.6562500 0.6875000 0.6875000 0.7187500 0.7187500 0.7187500 0.7187500 0.7187500
8  0.7368421 0.7105263 0.7631579 0.7894737 0.7631579 0.6842105 0.7105263 0.6842105 0.7368421 0.7105263
9  0.6216216 0.5675676 0.5675676 0.5675676 0.5675676 0.5675676 0.5405405 0.5135135 0.5135135 0.5405405
10 0.6222222 0.6666667 0.6888889 0.7333333 0.7111111 0.7555556 0.7555556 0.7333333 0.7555556 0.7333333
          21        22        23        24        25        26        27        28        29        30
1  0.6086957 0.6086957 0.6086957 0.6086957 0.6521739 0.6521739 0.6521739 0.5652174 0.4782609 0.5217391
2  0.6562500 0.6562500 0.6250000 0.6250000 0.5937500 0.5937500 0.5625000 0.4062500 0.3750000 0.3750000
3  0.7037037 0.7037037 0.7037037 0.7407407 0.7407407 0.7037037 0.7037037 0.7037037 0.7037037 0.6296296
4  0.6774194 0.7419355 0.7096774 0.7096774 0.7096774 0.6774194 0.6451613 0.6774194 0.6451613 0.6129032
5  0.6000000 0.6000000 0.5750000 0.5750000 0.5500000 0.5000000 0.4250000 0.3750000 0.3750000 0.3500000
6  0.5937500 0.6250000 0.6250000 0.6250000 0.5625000 0.5000000 0.5312500 0.5312500 0.5000000 0.4375000
7  0.6875000 0.6875000 0.6875000 0.6250000 0.6250000 0.6562500 0.6562500 0.5312500 0.4687500 0.4687500
8  0.6842105 0.5789474 0.5526316 0.5526316 0.5526316 0.5789474 0.5263158 0.5263158 0.5000000 0.5263158
9  0.5405405 0.5135135 0.5405405 0.5405405 0.5675676 0.5675676 0.5945946 0.5945946 0.4594595 0.4594595
10 0.7333333 0.7111111 0.6888889 0.6666667 0.5777778 0.6222222 0.5777778 0.5111111 0.4888889 0.4666667
          31        32        33        34        35        36        37        38        39        40
1  0.4782609 0.4347826 0.4347826 0.4347826 0.3913043 0.3043478 0.3043478 0.3478261 0.3043478 0.3043478
2  0.3750000 0.3750000 0.3437500 0.3750000 0.3750000 0.3750000 0.3750000 0.3750000 0.3750000 0.3750000
3  0.5555556 0.5925926 0.5925926 0.4814815 0.4814815 0.4814815 0.5185185 0.4814815 0.5185185 0.5185185
4  0.6129032 0.5806452 0.5806452 0.5483871 0.5483871 0.5161290 0.5483871 0.5161290 0.5161290 0.4838710
5  0.3500000 0.3500000 0.3500000 0.3500000 0.3500000 0.3500000 0.3500000 0.3500000 0.3500000 0.3500000
6  0.4062500 0.3750000 0.4375000 0.3125000 0.3437500 0.3437500 0.3125000 0.3125000 0.3125000 0.3750000
7  0.4687500 0.4687500 0.4687500 0.4062500 0.4062500 0.4062500 0.4062500 0.4062500 0.3750000 0.3437500
8  0.4736842 0.4736842 0.4736842 0.4473684 0.4473684 0.4473684 0.4210526 0.4473684 0.4210526 0.4210526
9  0.4594595 0.4324324 0.4054054 0.4054054 0.4054054 0.4054054 0.3783784 0.3783784 0.4054054 0.4054054
10 0.5111111 0.4666667 0.4666667 0.4888889 0.4888889 0.4222222 0.4222222 0.4444444 0.4444444 0.4444444
          41        42        43        44        45        46        47        48        49        50
1  0.3043478 0.3043478 0.3043478 0.3043478 0.3043478 0.3043478 0.3043478 0.3043478 0.3043478 0.3043478
2  0.3750000 0.3750000 0.3750000 0.3750000 0.3750000 0.3750000 0.3750000 0.3750000 0.3750000 0.3750000
3  0.4814815 0.4814815 0.4814815 0.4814815 0.4814815 0.4814815 0.4814815 0.4814815 0.5185185 0.5185185
4  0.4838710 0.4838710 0.4838710 0.4838710 0.5161290 0.5161290 0.5161290 0.5161290 0.5161290 0.5161290
5  0.3500000 0.3500000 0.3500000 0.3500000 0.3500000 0.3500000 0.3500000 0.3750000 0.3750000 0.3750000
6  0.3437500 0.3437500 0.3437500 0.3750000 0.3750000 0.3750000 0.3750000 0.3750000 0.3437500 0.3437500
7  0.3125000 0.3437500 0.3125000 0.3437500 0.3750000 0.3750000 0.3750000 0.3750000 0.3750000 0.3750000
8  0.4210526 0.4210526 0.4736842 0.4736842 0.4736842 0.5000000 0.4736842 0.4473684 0.4210526 0.4210526
9  0.4054054 0.4054054 0.4054054 0.4054054 0.4054054 0.4594595 0.4324324 0.4324324 0.4324324 0.4324324
10 0.4444444 0.4444444 0.4444444 0.4666667 0.4666667 0.4666667 0.4666667 0.4888889 0.4666667 0.3777778

$SVM$`Mean Recalls`
        1         2         3         4         5         6         7         8         9        10 
0.0000000 0.4231678 0.4945114 0.5591601 0.6124236 0.6099251 0.6246036 0.6269364 0.6240674 0.6196667 
       11        12        13        14        15        16        17        18        19        20 
0.6367821 0.6516373 0.6628264 0.6968238 0.6983400 0.6942375 0.6866936 0.6715908 0.6809783 0.6775963 
       21        22        23        24        25        26        27        28        29        30 
0.6485403 0.6426657 0.6316638 0.6268953 0.6131819 0.6052034 0.5874727 0.5422112 0.4994224 0.4847964 
       31        32        33        34        35        36        37        38        39        40 
0.4690974 0.4549554 0.4553777 0.4250064 0.4237836 0.4051954 0.4036657 0.4059378 0.4022398 0.4021390 
       41        42        43        44        45        46        47        48        49        50 
0.3921853 0.3953103 0.3974484 0.4059207 0.4122715 0.4203084 0.4149742 0.4170648 0.4127897 0.4039008 

$SVM$`St Dev Recalls`
         1          2          3          4          5          6          7          8          9 
0.00000000 0.11159158 0.08688276 0.09945154 0.10522390 0.09025300 0.08758243 0.08652978 0.08693912 
        10         11         12         13         14         15         16         17         18 
0.07836447 0.09826946 0.06768059 0.07841007 0.06818225 0.06032607 0.05054951 0.06085998 0.07005008 
        19         20         21         22         23         24         25         26         27 
0.07621568 0.06355548 0.06011674 0.07030589 0.06328502 0.06446601 0.06764397 0.07023105 0.08152782 
        28         29         30         31         32         33         34         35         36 
0.10303160 0.10383203 0.09077876 0.07965663 0.08174195 0.08297754 0.07040291 0.06631519 0.06506367 
        37         38         39         40         41         42         43         44         45 
0.07979500 0.06498001 0.07489678 0.06628756 0.06549407 0.06191736 0.07002936 0.06607189 0.06835094 
        46         47         48         49         50 
0.07265219 0.06858323 0.06671607 0.07151126 0.06956830 

$SVM$`Micro Ave Recalls`
        1         2         3         4         5         6         7         8         9        10 
      NaN 0.4213650 0.4985163 0.5578635 0.6142433 0.6172107 0.6320475 0.6350148 0.6320475 0.6261128 
       11        12        13        14        15        16        17        18        19        20 
0.6439169 0.6557864 0.6676558 0.7002967 0.7002967 0.6943620 0.6884273 0.6706231 0.6824926 0.6765579 
       21        22        23        24        25        26        27        28        29        30 
0.6498516 0.6409496 0.6290801 0.6231454 0.6053412 0.5994065 0.5786350 0.5341246 0.4925816 0.4777448 
       31        32        33        34        35        36        37        38        39        40 
0.4658754 0.4510386 0.4510386 0.4243323 0.4243323 0.4065282 0.4035608 0.4065282 0.4035608 0.4035608 
       41        42        43        44        45        46        47        48        49        50 
0.3946588 0.3976261 0.4005935 0.4094955 0.4154303 0.4243323 0.4183976 0.4213650 0.4154303 0.4035608 

$SVM$`F1 Measure`
   1         2         3         4         5         6         7         8         9        10
1  0 0.4000000 0.4736842 0.5128205 0.5405405 0.5128205 0.5000000 0.5365854 0.5238095 0.5365854
2  0 0.4444444 0.5490196 0.6666667 0.7719298 0.7407407 0.7407407 0.7272727 0.7272727 0.7500000
3  0 0.6086957 0.6122449 0.6779661 0.6785714 0.6666667 0.6923077 0.6037736 0.6153846 0.6153846
4  0 0.6785714 0.5882353 0.7142857 0.8000000 0.7500000 0.7333333 0.7213115 0.7419355 0.7213115
5  0 0.6451613 0.6857143 0.7323944 0.7428571 0.7605634 0.7466667 0.7466667 0.7272727 0.7200000
6  0 0.5714286 0.6296296 0.5454545 0.5614035 0.5614035 0.6440678 0.6181818 0.5818182 0.5714286
7  0 0.5490196 0.6296296 0.6296296 0.6785714 0.6666667 0.6206897 0.6229508 0.6229508 0.6666667
8  0 0.6229508 0.6769231 0.6666667 0.7222222 0.7466667 0.7671233 0.7733333 0.7647059 0.7647059
9  0 0.4074074 0.4210526 0.5538462 0.5882353 0.5915493 0.6111111 0.6666667 0.6842105 0.6944444
10 0 0.4375000 0.6133333 0.5753425 0.6666667 0.7179487 0.7272727 0.7200000 0.7179487 0.7105263
          11        12        13        14        15        16        17        18        19        20
1  0.5000000 0.5714286 0.5581395 0.6222222 0.6250000 0.6530612 0.6250000 0.6250000 0.5714286 0.6122449
2  0.8070175 0.7796610 0.7796610 0.8135593 0.8135593 0.7719298 0.7719298 0.7500000 0.7719298 0.7719298
3  0.6792453 0.6909091 0.7142857 0.7142857 0.7037037 0.6785714 0.6909091 0.7017544 0.7142857 0.7037037
4  0.7666667 0.7500000 0.7500000 0.7719298 0.7931034 0.7796610 0.7796610 0.7796610 0.7796610 0.7796610
5  0.7368421 0.7368421 0.7466667 0.7532468 0.7792208 0.7567568 0.7567568 0.7222222 0.7323944 0.7058824
6  0.6071429 0.6666667 0.6440678 0.6774194 0.6774194 0.7096774 0.6774194 0.6666667 0.7000000 0.7096774
7  0.6440678 0.6885246 0.6885246 0.6984127 0.7096774 0.7301587 0.7301587 0.7419355 0.7419355 0.7419355
8  0.8235294 0.7941176 0.8169014 0.8219178 0.8055556 0.7536232 0.7714286 0.7323944 0.7777778 0.7714286
9  0.6478873 0.6363636 0.6363636 0.6461538 0.6461538 0.6562500 0.6451613 0.6129032 0.6031746 0.6250000
10 0.7272727 0.7594937 0.7654321 0.7951807 0.7804878 0.8000000 0.8000000 0.7857143 0.8000000 0.7857143
          21        22        23        24        25        26        27        28        29        30
1  0.5833333 0.5714286 0.5833333 0.6086957 0.6382979 0.6521739 0.6521739 0.5909091 0.5116279 0.5853659
2  0.7368421 0.7500000 0.7142857 0.7142857 0.6909091 0.6909091 0.6792453 0.5652174 0.5333333 0.5333333
3  0.6909091 0.6909091 0.6785714 0.6896552 0.7272727 0.7307692 0.7307692 0.7169811 0.7169811 0.7083333
4  0.7500000 0.7931034 0.7719298 0.7719298 0.7719298 0.7500000 0.7407407 0.7636364 0.7547170 0.7307692
5  0.6956522 0.6956522 0.6865672 0.6865672 0.6666667 0.6250000 0.5666667 0.5172414 0.5263158 0.4912281
6  0.6440678 0.6896552 0.6779661 0.6779661 0.6315789 0.5818182 0.6181818 0.6181818 0.5818182 0.5283019
7  0.7213115 0.7096774 0.7096774 0.6896552 0.6896552 0.7118644 0.7368421 0.6415094 0.6000000 0.6000000
8  0.7878788 0.7213115 0.7000000 0.7000000 0.7000000 0.7213115 0.6779661 0.6666667 0.6440678 0.6666667
9  0.6349206 0.6129032 0.6250000 0.6250000 0.6363636 0.6461538 0.6567164 0.6567164 0.5666667 0.5666667
10 0.7951807 0.7804878 0.7654321 0.7500000 0.7027027 0.7466667 0.7123288 0.6571429 0.6376812 0.6176471
          31        32        33        34        35        36        37        38        39        40
1  0.5500000 0.5714286 0.5714286 0.5555556 0.5142857 0.4242424 0.4375000 0.4848485 0.4242424 0.4375000
2  0.5333333 0.5333333 0.5000000 0.5333333 0.5333333 0.5333333 0.5333333 0.5333333 0.5333333 0.5333333
3  0.6666667 0.6808511 0.6956522 0.6046512 0.5909091 0.5777778 0.6086957 0.5777778 0.6086957 0.6086957
4  0.7450980 0.7200000 0.7200000 0.6938776 0.6938776 0.6666667 0.6938776 0.6666667 0.6666667 0.6382979
5  0.5000000 0.5090909 0.5090909 0.5090909 0.5185185 0.5090909 0.5090909 0.5090909 0.5090909 0.5090909
6  0.5200000 0.4800000 0.5384615 0.4347826 0.4680851 0.4888889 0.4545455 0.4545455 0.4545455 0.5217391
7  0.6000000 0.6000000 0.6000000 0.5416667 0.5416667 0.5416667 0.5416667 0.5531915 0.5217391 0.5000000
8  0.6206897 0.6206897 0.6315789 0.5964912 0.5964912 0.5964912 0.5714286 0.5964912 0.5714286 0.5714286
9  0.5666667 0.5517241 0.5263158 0.5263158 0.5263158 0.5263158 0.5000000 0.5000000 0.5263158 0.5263158
10 0.6666667 0.6176471 0.6268657 0.6470588 0.6470588 0.5937500 0.5846154 0.6153846 0.6153846 0.6153846
          41        42        43        44        45        46        47        48        49        50
1  0.4375000 0.4375000 0.4375000 0.4516129 0.4516129 0.4516129 0.4516129 0.4516129 0.4516129 0.4516129
2  0.5333333 0.5333333 0.5333333 0.5333333 0.5333333 0.5333333 0.5333333 0.5333333 0.5333333 0.5333333
3  0.5777778 0.5777778 0.5777778 0.5777778 0.5777778 0.5909091 0.6046512 0.6046512 0.6363636 0.6363636
4  0.6382979 0.6382979 0.6382979 0.6382979 0.6666667 0.6666667 0.6666667 0.6666667 0.6666667 0.6666667
5  0.5090909 0.5090909 0.5090909 0.5090909 0.5090909 0.5090909 0.5090909 0.5357143 0.5357143 0.5357143
6  0.4888889 0.4782609 0.4782609 0.5106383 0.5106383 0.5106383 0.5106383 0.5106383 0.4782609 0.4680851
7  0.4651163 0.5000000 0.4545455 0.5000000 0.5333333 0.5333333 0.5333333 0.5333333 0.5333333 0.5333333
8  0.5714286 0.5714286 0.6206897 0.6206897 0.6206897 0.6440678 0.6206897 0.5964912 0.5818182 0.5818182
9  0.5263158 0.5263158 0.5263158 0.5263158 0.5263158 0.5762712 0.5517241 0.5517241 0.5517241 0.5517241
10 0.6060606 0.6060606 0.6060606 0.6268657 0.6268657 0.6268657 0.6268657 0.6470588 0.6363636 0.5483871

$SVM$`Mean F1 Measure`
        1         2         3         4         5         6         7         8         9        10 
0.0000000 0.5365179 0.5879467 0.6275073 0.6750998 0.6715026 0.6783313 0.6736742 0.6707309 0.6751053 
       11        12        13        14        15        16        17        18        19        20 
0.6939672 0.7074007 0.7100042 0.7314328 0.7333881 0.7289690 0.7248425 0.7118252 0.7192587 0.7207178 
       21        22        23        24        25        26        27        28        29        30 
0.7040096 0.7015128 0.6912763 0.6913755 0.6855377 0.6856667 0.6771631 0.6394203 0.6073209 0.6028312 
       31        32        33        34        35        36        37        38        39        40 
0.5969121 0.5884765 0.5919394 0.5642824 0.5630542 0.5458224 0.5434754 0.5491330 0.5431443 0.5461786 
       41        42        43        44        45        46        47        48        49        50 
0.5353810 0.5378066 0.5381872 0.5494622 0.5556324 0.5642789 0.5608606 0.5631224 0.5605191 0.5507039 

$SVM$`St Dev F1 Measure`
         1          2          3          4          5          6          7          8          9 
0.00000000 0.10521229 0.08472836 0.07614470 0.08848189 0.08846568 0.08358738 0.07595968 0.07996116 
        10         11         12         13         14         15         16         17         18 
0.07673264 0.09876530 0.06988783 0.07860468 0.07040613 0.06948554 0.05249788 0.06128805 0.06001973 
        19         20         21         22         23         24         25         26         27 
0.07657821 0.06227450 0.06832048 0.06871560 0.05710925 0.04941391 0.04431248 0.05679041 0.05622346 
        28         29         30         31         32         33         34         35         36 
0.07152580 0.08135856 0.07905980 0.07798190 0.07498463 0.07667806 0.07387461 0.06842420 0.06701156 
        37         38         39         40         41         42         43         44         45 
0.07576735 0.06551470 0.07420549 0.06173167 0.06336953 0.06100849 0.07050541 0.06299226 0.06581983 
        46         47         48         49         50 
0.06843612 0.06648737 0.06536199 0.06993925 0.06602400 

$SVM$`Micro Ave F1 Measure`
        1         2         3         4         5         6         7         8         9        10 
      NaN 0.5430210 0.5957447 0.6319328 0.6809211 0.6797386 0.6870968 0.6837061 0.6805112 0.6839546 
       11        12        13        14        15        16        17        18        19        20 
0.7034036 0.7140549 0.7177033 0.7375000 0.7386541 0.7335423 0.7307087 0.7163233 0.7255521 0.7249603 
       21        22        23        24        25        26        27        28        29        30 
0.7098865 0.7058824 0.6950820 0.6942149 0.6857143 0.6870748 0.6770833 0.6417112 0.6102941 0.6029963 
       31        32        33        34        35        36        37        38        39        40 
0.5992366 0.5891473 0.5925926 0.5674603 0.5674603 0.5513078 0.5483871 0.5535354 0.5494949 0.5517241 
       41        42        43        44        45        46        47        48        49        50 
0.5417515 0.5436105 0.5454545 0.5564516 0.5622490 0.5720000 0.5674044 0.5702811 0.5668016 0.5539715 

