> chisq_7
$`NAIVE BAYES`
$`NAIVE BAYES`$`Accuracy per Fold`
   1         2         3         4         5         6         7         8         9        10
1  0 0.9358060 0.9429387 0.9400856 0.9329529 0.9415121 0.9415121 0.9415121 0.9400856 0.9400856
2  0 0.9562147 0.9675141 0.9632768 0.9618644 0.9604520 0.9590395 0.9548023 0.9562147 0.9533898
3  0 0.9519095 0.9547383 0.9547383 0.9519095 0.9533239 0.9533239 0.9561528 0.9533239 0.9547383
4  0 0.9336158 0.9322034 0.9237288 0.9265537 0.9336158 0.9336158 0.9307910 0.9364407 0.9392655
5  0 0.9505650 0.9519774 0.9505650 0.9505650 0.9491525 0.9604520 0.9576271 0.9576271 0.9519774
6  0 0.9462518 0.9519095 0.9519095 0.9490806 0.9504950 0.9561528 0.9575672 0.9589816 0.9519095
7  0 0.9463277 0.9576271 0.9562147 0.9590395 0.9505650 0.9505650 0.9533898 0.9562147 0.9562147
8  0 0.9462518 0.9490806 0.9504950 0.9490806 0.9547383 0.9504950 0.9504950 0.9504950 0.9504950
9  0 0.9533898 0.9449153 0.9406780 0.9420904 0.9392655 0.9449153 0.9435028 0.9406780 0.9477401
10 0 0.9415121 0.9400856 0.9372325 0.9415121 0.9443652 0.9472183 0.9457917 0.9472183 0.9486448
          11        12        13        14        15        16        17        18        19        20
1  0.9443652 0.9443652 0.9472183 0.9472183 0.9529244 0.9543509 0.9514979 0.9500713 0.9457917 0.9500713
2  0.9562147 0.9618644 0.9590395 0.9590395 0.9576271 0.9576271 0.9505650 0.9519774 0.9491525 0.9491525
3  0.9519095 0.9476662 0.9448373 0.9391796 0.9405941 0.9420085 0.9434229 0.9420085 0.9434229 0.9420085
4  0.9364407 0.9350282 0.9350282 0.9364407 0.9350282 0.9364407 0.9350282 0.9350282 0.9322034 0.9322034
5  0.9548023 0.9533898 0.9519774 0.9519774 0.9491525 0.9505650 0.9463277 0.9463277 0.9477401 0.9449153
6  0.9519095 0.9519095 0.9504950 0.9448373 0.9405941 0.9405941 0.9434229 0.9405941 0.9420085 0.9448373
7  0.9562147 0.9576271 0.9562147 0.9562147 0.9519774 0.9548023 0.9590395 0.9618644 0.9604520 0.9590395
8  0.9504950 0.9533239 0.9533239 0.9533239 0.9547383 0.9547383 0.9547383 0.9547383 0.9561528 0.9490806
9  0.9435028 0.9435028 0.9505650 0.9491525 0.9449153 0.9463277 0.9420904 0.9491525 0.9477401 0.9463277
10 0.9429387 0.9443652 0.9429387 0.9543509 0.9514979 0.9500713 0.9472183 0.9443652 0.9443652 0.9486448
          21        22        23        24        25        26        27        28        29        30
1  0.9472183 0.9514979 0.9529244 0.9543509 0.9500713 0.9529244 0.9557775 0.9529244 0.9529244 0.9529244
2  0.9505650 0.9533898 0.9519774 0.9477401 0.9477401 0.9435028 0.9491525 0.9505650 0.9491525 0.9491525
3  0.9462518 0.9490806 0.9476662 0.9462518 0.9448373 0.9434229 0.9462518 0.9476662 0.9476662 0.9462518
4  0.9322034 0.9336158 0.9336158 0.9350282 0.9322034 0.9336158 0.9350282 0.9336158 0.9364407 0.9336158
5  0.9477401 0.9477401 0.9477401 0.9435028 0.9406780 0.9435028 0.9449153 0.9491525 0.9463277 0.9449153
6  0.9448373 0.9420085 0.9434229 0.9420085 0.9434229 0.9434229 0.9363508 0.9349364 0.9335219 0.9335219
7  0.9548023 0.9533898 0.9548023 0.9533898 0.9533898 0.9519774 0.9533898 0.9548023 0.9562147 0.9562147
8  0.9490806 0.9490806 0.9490806 0.9490806 0.9462518 0.9462518 0.9434229 0.9420085 0.9434229 0.9434229
9  0.9477401 0.9463277 0.9435028 0.9435028 0.9406780 0.9406780 0.9449153 0.9420904 0.9364407 0.9406780
10 0.9486448 0.9486448 0.9486448 0.9500713 0.9472183 0.9472183 0.9443652 0.9429387 0.9457917 0.9486448
          31        32        33        34        35        36        37        38        39        40
1  0.9572040 0.9572040 0.9500713 0.9500713 0.9457917 0.9457917 0.9457917 0.9400856 0.9372325 0.9286733
2  0.9491525 0.9477401 0.9463277 0.9435028 0.9435028 0.9378531 0.9350282 0.9336158 0.9251412 0.9180791
3  0.9462518 0.9434229 0.9434229 0.9420085 0.9405941 0.9377652 0.9349364 0.9278642 0.9236209 0.9108911
4  0.9307910 0.9251412 0.9237288 0.9209040 0.9209040 0.9194915 0.9166667 0.9110169 0.9053672 0.8954802
5  0.9477401 0.9420904 0.9449153 0.9392655 0.9392655 0.9392655 0.9350282 0.9336158 0.9279661 0.9209040
6  0.9321075 0.9292786 0.9264498 0.9108911 0.9009901 0.8910891 0.8811881 0.8712871 0.8613861 0.8500707
7  0.9576271 0.9548023 0.9519774 0.9505650 0.9505650 0.9519774 0.9519774 0.9477401 0.9435028 0.9350282
8  0.9391796 0.9377652 0.9363508 0.9335219 0.9335219 0.9335219 0.9321075 0.9306931 0.9292786 0.9222065
9  0.9392655 0.9392655 0.9406780 0.9378531 0.9364407 0.9364407 0.9364407 0.9364407 0.9364407 0.9350282
10 0.9457917 0.9443652 0.9429387 0.9415121 0.9386591 0.9415121 0.9400856 0.9443652 0.9443652 0.9400856
          41        42        43        44        45        46        47        48        49        50
1  0.9144080 0.9029957 0.8987161 0.8930100 0.8844508 0.8815977 0.8815977 0.8801712 0.8801712 0.8787447
2  0.9025424 0.8954802 0.8926554 0.8884181 0.8757062 0.8771186 0.8785311 0.8728814 0.8700565 0.8644068
3  0.9094767 0.8995757 0.8896747 0.8910891 0.8882603 0.8882603 0.8783593 0.8755304 0.8755304 0.8755304
4  0.8898305 0.8799435 0.8672316 0.8545198 0.8545198 0.8559322 0.8559322 0.8559322 0.8502825 0.8488701
5  0.9194915 0.9166667 0.9025424 0.8926554 0.8827684 0.8700565 0.8700565 0.8700565 0.8700565 0.8658192
6  0.8415842 0.8401697 0.8387553 0.8345120 0.8302687 0.8161245 0.8161245 0.8161245 0.8189533 0.8203678
7  0.9279661 0.9293785 0.9194915 0.9053672 0.9053672 0.9053672 0.8997175 0.8997175 0.8940678 0.8898305
8  0.9207921 0.9193777 0.9123055 0.9066478 0.8953324 0.8939180 0.8910891 0.8896747 0.8868458 0.8882603
9  0.9279661 0.9251412 0.9223164 0.9096045 0.9053672 0.8926554 0.8855932 0.8771186 0.8771186 0.8757062
10 0.9343795 0.9343795 0.9329529 0.9300999 0.9272468 0.9201141 0.9172611 0.9115549 0.9058488 0.9001427

$`NAIVE BAYES`$`Mean Accuracy`
        1         2         3         4         5         6         7         8         9        10 
0.0000000 0.9461844 0.9492990 0.9468924 0.9464649 0.9477485 0.9497290 0.9491632 0.9497280 0.9494461 
       11        12        13        14        15        16        17        18        19        20 
0.9488793 0.9493042 0.9491638 0.9491735 0.9479049 0.9487526 0.9473351 0.9476128 0.9469029 0.9466281 
       21        22        23        24        25        26        27        28        29        30 
0.9469084 0.9474776 0.9473377 0.9464927 0.9446491 0.9446517 0.9453569 0.9450700 0.9447903 0.9449342 
       31        32        33        34        35        36        37        38        39        40 
0.9445111 0.9421075 0.9406861 0.9370095 0.9350235 0.9334708 0.9309251 0.9276725 0.9234302 0.9156447 
       41        42        43        44        45        46        47        48        49        50 
0.9088437 0.9043108 0.8976642 0.8905924 0.8849288 0.8801144 0.8774262 0.8748762 0.8728931 0.8707678 

$`NAIVE BAYES`$`St Dev Accuracy`
          1           2           3           4           5           6           7           8 
0.000000000 0.007393925 0.009897186 0.011466706 0.010944818 0.008033271 0.008258126 0.008705304 
          9          10          11          12          13          14          15          16 
0.008188267 0.005751966 0.006691338 0.007857035 0.006970361 0.007329079 0.007296169 0.007126304 
         17          18          19          20          21          22          23          24 
0.006913490 0.007692614 0.007713019 0.006815005 0.005829565 0.005925693 0.006071752 0.005772162 
         25          26          27          28          29          30          31          32 
0.005892546 0.005522597 0.006508361 0.007201027 0.007420878 0.007476907 0.009236468 0.010038708 
         33          34          35          36          37          38          39          40 
0.009350404 0.012478040 0.014350886 0.017096584 0.019739363 0.022233221 0.024572885 0.026508571 
         41          42          43          44          45          46          47          48 
0.027071846 0.028197856 0.027996125 0.027607748 0.027382045 0.028758918 0.027143227 0.025933157 
         49          50 
0.024137884 0.022919140 

$`NAIVE BAYES`$`Precisions per Fold`
   1         2         3         4         5         6         7         8         9        10
1  0 0.2608696 0.2926829 0.2790698 0.2500000 0.2857143 0.2750000 0.2857143 0.2888889 0.2888889
2  0 0.4594595 0.5806452 0.5294118 0.5142857 0.5000000 0.4864865 0.4500000 0.4634146 0.4418605
3  0 0.4545455 0.4782609 0.4800000 0.4629630 0.4716981 0.4736842 0.4905660 0.4727273 0.4821429
4  0 0.3400000 0.3396226 0.3114754 0.3333333 0.3620690 0.3620690 0.3548387 0.3793103 0.4000000
5  0 0.4347826 0.4418605 0.4375000 0.4444444 0.4385965 0.5102041 0.4901961 0.4909091 0.4576271
6  0 0.4523810 0.5000000 0.5000000 0.4807692 0.4905660 0.5306122 0.5400000 0.5510204 0.5000000
7  0 0.3414634 0.4285714 0.4166667 0.4411765 0.3750000 0.3863636 0.4090909 0.4318182 0.4318182
8  0 0.4545455 0.4761905 0.4893617 0.4807692 0.5208333 0.4905660 0.4909091 0.4912281 0.4915254
9  0 0.4390244 0.3777778 0.3600000 0.3859649 0.3684211 0.4000000 0.3888889 0.3750000 0.4117647
10 0 0.3333333 0.3255814 0.3111111 0.3333333 0.3571429 0.3863636 0.3777778 0.3863636 0.3953488
          11        12        13        14        15        16        17        18        19        20
1  0.3095238 0.3260870 0.3409091 0.3409091 0.3958333 0.4042553 0.3877551 0.3800000 0.3529412 0.3750000
2  0.4666667 0.5102041 0.4901961 0.4909091 0.4821429 0.4821429 0.4406780 0.4482759 0.4285714 0.4259259
3  0.4655172 0.4426230 0.4285714 0.4029851 0.4090909 0.4153846 0.4218750 0.4153846 0.4218750 0.4126984
4  0.3870968 0.3809524 0.3809524 0.3870968 0.3770492 0.3870968 0.3770492 0.3770492 0.3650794 0.3650794
5  0.4736842 0.4655172 0.4576271 0.4576271 0.4426230 0.4500000 0.4285714 0.4285714 0.4354839 0.4218750
6  0.5000000 0.5000000 0.4909091 0.4576271 0.4310345 0.4333333 0.4500000 0.4354839 0.4426230 0.4576271
7  0.4347826 0.4418605 0.4347826 0.4400000 0.4117647 0.4313725 0.4583333 0.4782609 0.4666667 0.4545455
8  0.4912281 0.5090909 0.5090909 0.5090909 0.5185185 0.5185185 0.5185185 0.5185185 0.5283019 0.4821429
9  0.3846154 0.3846154 0.4363636 0.4310345 0.4067797 0.4107143 0.3898305 0.4259259 0.4181818 0.4107143
10 0.3555556 0.3750000 0.3673469 0.4489796 0.4313725 0.4259259 0.4107143 0.4000000 0.4000000 0.4210526
          21        22        23        24        25        26        27        28        29        30
1  0.3541667 0.3777778 0.3863636 0.3953488 0.3695652 0.3863636 0.4047619 0.3863636 0.3863636 0.3863636
2  0.4363636 0.4528302 0.4444444 0.4210526 0.4210526 0.4000000 0.4310345 0.4385965 0.4310345 0.4310345
3  0.4333333 0.4500000 0.4406780 0.4354839 0.4285714 0.4218750 0.4354839 0.4426230 0.4426230 0.4354839
4  0.3650794 0.3709677 0.3709677 0.3728814 0.3606557 0.3666667 0.3728814 0.3666667 0.3793103 0.3666667
5  0.4354839 0.4354839 0.4354839 0.4126984 0.4000000 0.4126984 0.4193548 0.4406780 0.4262295 0.4193548
6  0.4576271 0.4426230 0.4500000 0.4406780 0.4482759 0.4482759 0.4126984 0.4062500 0.4029851 0.4029851
7  0.4255319 0.4166667 0.4255319 0.4166667 0.4166667 0.4081633 0.4166667 0.4255319 0.4347826 0.4347826
8  0.4821429 0.4827586 0.4827586 0.4827586 0.4666667 0.4666667 0.4482759 0.4406780 0.4482759 0.4482759
9  0.4210526 0.4137931 0.4000000 0.3965517 0.3793103 0.3793103 0.4067797 0.3898305 0.3650794 0.3870968
10 0.4210526 0.4210526 0.4210526 0.4285714 0.4137931 0.4137931 0.4000000 0.3934426 0.4067797 0.4210526
          31        32        33        34        35        36        37        38        39        40
1  0.4146341 0.4146341 0.3695652 0.3695652 0.3469388 0.3469388 0.3469388 0.3207547 0.3090909 0.2786885
2  0.4310345 0.4237288 0.4166667 0.4032258 0.4032258 0.3750000 0.3676471 0.3623188 0.3333333 0.3125000
3  0.4354839 0.4218750 0.4218750 0.4153846 0.4090909 0.3970588 0.3857143 0.3600000 0.3461538 0.3103448
4  0.3593750 0.3382353 0.3333333 0.3239437 0.3239437 0.3243243 0.3157895 0.3048780 0.2906977 0.2736842
5  0.4333333 0.4062500 0.4218750 0.3970588 0.3970588 0.3970588 0.3802817 0.3750000 0.3552632 0.3333333
6  0.3939394 0.3823529 0.3750000 0.3253012 0.3000000 0.2783505 0.2596154 0.2477876 0.2419355 0.2352941
7  0.4444444 0.4255319 0.4081633 0.4000000 0.4000000 0.4081633 0.4081633 0.3846154 0.3636364 0.3278689
8  0.4262295 0.4193548 0.4126984 0.4000000 0.4000000 0.4000000 0.3939394 0.3943662 0.3918919 0.3703704
9  0.3809524 0.3809524 0.3833333 0.3750000 0.3692308 0.3731343 0.3731343 0.3731343 0.3731343 0.3676471
10 0.4067797 0.4000000 0.3934426 0.3870968 0.3666667 0.3793103 0.3728814 0.3965517 0.3965517 0.3770492
          41        42        43        44        45        46        47        48        49        50
1  0.2394366 0.2151899 0.2142857 0.2111111 0.2040816 0.2000000 0.2000000 0.1980198 0.1980198 0.1960784
2  0.2747253 0.2653061 0.2647059 0.2571429 0.2368421 0.2389381 0.2410714 0.2280702 0.2241379 0.2166667
3  0.3068182 0.2842105 0.2647059 0.2673267 0.2621359 0.2621359 0.2454545 0.2410714 0.2410714 0.2410714
4  0.2626263 0.2452830 0.2260870 0.2096774 0.2096774 0.2113821 0.2113821 0.2160000 0.2093023 0.2076923
5  0.3333333 0.3255814 0.2916667 0.2718447 0.2545455 0.2352941 0.2352941 0.2352941 0.2352941 0.2295082
6  0.2291667 0.2275862 0.2260274 0.2214765 0.2171053 0.2000000 0.2000000 0.2000000 0.2025316 0.2038217
7  0.3030303 0.3188406 0.2948718 0.2613636 0.2613636 0.2613636 0.2444444 0.2444444 0.2340426 0.2268041
8  0.3690476 0.3678161 0.3478261 0.3367347 0.3113208 0.3084112 0.3027523 0.3000000 0.2946429 0.2972973
9  0.3424658 0.3333333 0.3291139 0.3000000 0.2903226 0.2647059 0.2523364 0.2434783 0.2434783 0.2413793
10 0.3538462 0.3538462 0.3484848 0.3382353 0.3285714 0.3116883 0.3037975 0.2891566 0.2758621 0.2637363

$`NAIVE BAYES`$`Mean Precisions`
        1         2         3         4         5         6         7         8         9        10 
0.0000000 0.3970405 0.4241193 0.4114596 0.4127040 0.4170041 0.4301349 0.4277982 0.4330681 0.4300976 
       11        12        13        14        15        16        17        18        19        20 
0.4268670 0.4335950 0.4336749 0.4366259 0.4306209 0.4358744 0.4283325 0.4307470 0.4259724 0.4226661 
       21        22        23        24        25        26        27        28        29        30 
0.4231834 0.4263954 0.4257281 0.4202692 0.4104558 0.4103813 0.4147937 0.4130661 0.4123463 0.4133096 
       31        32        33        34        35        36        37        38        39        40 
0.4126206 0.4012915 0.3935953 0.3796576 0.3716155 0.3679339 0.3604105 0.3519407 0.3401689 0.3186780 
       41        42        43        44        45        46        47        48        49        50 
0.3014496 0.2936993 0.2807775 0.2674913 0.2575966 0.2493919 0.2436533 0.2395535 0.2358383 0.2324056 

$`NAIVE BAYES`$`St Dev Precisions`
         1          2          3          4          5          6          7          8          9 
0.00000000 0.07126087 0.08975768 0.09034851 0.08413988 0.07781800 0.08073998 0.07801375 0.07627945 
        10         11         12         13         14         15         16         17         18 
0.06205461 0.06415672 0.06438483 0.05632321 0.04946576 0.04215434 0.03905542 0.04185494 0.04340913 
        19         20         21         22         23         24         25         26         27 
0.04977212 0.03593265 0.03836175 0.03415102 0.03290166 0.03004056 0.03384876 0.03040297 0.02103427 
        28         29         30         31         32         33         34         35         36 
0.02797419 0.02862059 0.02641854 0.02731281 0.02747466 0.02861428 0.03197197 0.03756896 0.04071217 
        37         38         39         40         41         42         43         44         45 
0.04364201 0.04719532 0.04814926 0.04650041 0.04869061 0.05385719 0.05017725 0.04673605 0.04251693 
        46         47         48         49         50 
0.04018881 0.03669464 0.03358270 0.03078561 0.03051976 

$`NAIVE BAYES`$`Micro Ave Precisions`
        1         2         3         4         5         6         7         8         9        10 
      NaN 0.3949192 0.4172662 0.4065217 0.4093686 0.4176955 0.4320988 0.4294355 0.4345238 0.4338521 
       11        12        13        14        15        16        17        18        19        20 
0.4305019 0.4347826 0.4351852 0.4372760 0.4300885 0.4353982 0.4275742 0.4293194 0.4245614 0.4219858 
       21        22        23        24        25        26        27        28        29        30 
0.4237589 0.4273050 0.4262877 0.4209591 0.4111498 0.4111498 0.4150613 0.4133100 0.4121739 0.4131944 
       31        32        33        34        35        36        37        38        39        40 
0.4110535 0.3993289 0.3930921 0.3773585 0.3684211 0.3626707 0.3534610 0.3441011 0.3315508 0.3107275 
       41        42        43        44        45        46        47        48        49        50 
0.2947977 0.2861878 0.2739583 0.2618110 0.2523629 0.2445055 0.2398557 0.2364925 0.2335958 0.2305699 

$`NAIVE BAYES`$`Recalls per Fold`
   1         2         3         4         5         6         7         8         9        10
1  0 0.5217391 0.5217391 0.5217391 0.5217391 0.5217391 0.4782609 0.5217391 0.5652174 0.5652174
2  0 0.6071429 0.6428571 0.6428571 0.6428571 0.6428571 0.6428571 0.6428571 0.6785714 0.6785714
3  0 0.6666667 0.7333333 0.8000000 0.8333333 0.8333333 0.9000000 0.8666667 0.8666667 0.9000000
4  0 0.5483871 0.5806452 0.6129032 0.6774194 0.6774194 0.6774194 0.7096774 0.7096774 0.7741935
5  0 0.6896552 0.6551724 0.7241379 0.8275862 0.8620690 0.8620690 0.8620690 0.9310345 0.9310345
6  0 0.5588235 0.5588235 0.6764706 0.7352941 0.7647059 0.7647059 0.7941176 0.7941176 0.7941176
7  0 0.5600000 0.6000000 0.6000000 0.6000000 0.6000000 0.6800000 0.7200000 0.7600000 0.7600000
8  0 0.5882353 0.5882353 0.6764706 0.7352941 0.7352941 0.7647059 0.7941176 0.8235294 0.8529412
9  0 0.6428571 0.6071429 0.6428571 0.7857143 0.7500000 0.7857143 0.7500000 0.7500000 0.7500000
10 0 0.5185185 0.5185185 0.5185185 0.5185185 0.5555556 0.6296296 0.6296296 0.6296296 0.6296296
          11        12        13        14        15        16        17        18        19        20
1  0.5652174 0.6521739 0.6521739 0.6521739 0.8260870 0.8260870 0.8260870 0.8260870 0.7826087 0.7826087
2  0.7500000 0.8928571 0.8928571 0.9642857 0.9642857 0.9642857 0.9285714 0.9285714 0.8571429 0.8214286
3  0.9000000 0.9000000 0.9000000 0.9000000 0.9000000 0.9000000 0.9000000 0.9000000 0.9000000 0.8666667
4  0.7741935 0.7741935 0.7741935 0.7741935 0.7419355 0.7741935 0.7419355 0.7419355 0.7419355 0.7419355
5  0.9310345 0.9310345 0.9310345 0.9310345 0.9310345 0.9310345 0.9310345 0.9310345 0.9310345 0.9310345
6  0.7941176 0.7941176 0.7941176 0.7941176 0.7352941 0.7647059 0.7941176 0.7941176 0.7941176 0.7941176
7  0.8000000 0.7600000 0.8000000 0.8800000 0.8400000 0.8800000 0.8800000 0.8800000 0.8400000 0.8000000
8  0.8235294 0.8235294 0.8235294 0.8235294 0.8235294 0.8235294 0.8235294 0.8235294 0.8235294 0.7941176
9  0.7142857 0.7142857 0.8571429 0.8928571 0.8571429 0.8214286 0.8214286 0.8214286 0.8214286 0.8214286
10 0.5925926 0.6666667 0.6666667 0.8148148 0.8148148 0.8518519 0.8518519 0.8888889 0.8888889 0.8888889
          21        22        23        24        25        26        27        28        29        30
1  0.7391304 0.7391304 0.7391304 0.7391304 0.7391304 0.7391304 0.7391304 0.7391304 0.7391304 0.7391304
2  0.8571429 0.8571429 0.8571429 0.8571429 0.8571429 0.8571429 0.8928571 0.8928571 0.8928571 0.8928571
3  0.8666667 0.9000000 0.8666667 0.9000000 0.9000000 0.9000000 0.9000000 0.9000000 0.9000000 0.9000000
4  0.7419355 0.7419355 0.7419355 0.7096774 0.7096774 0.7096774 0.7096774 0.7096774 0.7096774 0.7096774
5  0.9310345 0.9310345 0.9310345 0.8965517 0.8965517 0.8965517 0.8965517 0.8965517 0.8965517 0.8965517
6  0.7941176 0.7941176 0.7941176 0.7647059 0.7647059 0.7647059 0.7647059 0.7647059 0.7941176 0.7941176
7  0.8000000 0.8000000 0.8000000 0.8000000 0.8000000 0.8000000 0.8000000 0.8000000 0.8000000 0.8000000
8  0.7941176 0.8235294 0.8235294 0.8235294 0.8235294 0.8235294 0.7647059 0.7647059 0.7647059 0.7647059
9  0.8571429 0.8571429 0.8571429 0.8214286 0.7857143 0.7857143 0.8571429 0.8214286 0.8214286 0.8571429
10 0.8888889 0.8888889 0.8888889 0.8888889 0.8888889 0.8888889 0.8888889 0.8888889 0.8888889 0.8888889
          31        32        33        34        35        36        37        38        39        40
1  0.7391304 0.7391304 0.7391304 0.7391304 0.7391304 0.7391304 0.7391304 0.7391304 0.7391304 0.7391304
2  0.8928571 0.8928571 0.8928571 0.8928571 0.8928571 0.8571429 0.8928571 0.8928571 0.8928571 0.8928571
3  0.9000000 0.9000000 0.9000000 0.9000000 0.9000000 0.9000000 0.9000000 0.9000000 0.9000000 0.9000000
4  0.7419355 0.7419355 0.7419355 0.7419355 0.7419355 0.7741935 0.7741935 0.8064516 0.8064516 0.8387097
5  0.8965517 0.8965517 0.9310345 0.9310345 0.9310345 0.9310345 0.9310345 0.9310345 0.9310345 0.9310345
6  0.7647059 0.7647059 0.7941176 0.7941176 0.7941176 0.7941176 0.7941176 0.8235294 0.8823529 0.9411765
7  0.8000000 0.8000000 0.8000000 0.8000000 0.8000000 0.8000000 0.8000000 0.8000000 0.8000000 0.8000000
8  0.7647059 0.7647059 0.7647059 0.7647059 0.7647059 0.7647059 0.7647059 0.8235294 0.8529412 0.8823529
9  0.8571429 0.8571429 0.8214286 0.8571429 0.8571429 0.8928571 0.8928571 0.8928571 0.8928571 0.8928571
10 0.8888889 0.8888889 0.8888889 0.8888889 0.8148148 0.8148148 0.8148148 0.8518519 0.8518519 0.8518519
          41        42        43        44        45        46        47        48        49        50
1  0.7391304 0.7391304 0.7826087 0.8260870 0.8695652 0.8695652 0.8695652 0.8695652 0.8695652 0.8695652
2  0.8928571 0.9285714 0.9642857 0.9642857 0.9642857 0.9642857 0.9642857 0.9285714 0.9285714 0.9285714
3  0.9000000 0.9000000 0.9000000 0.9000000 0.9000000 0.9000000 0.9000000 0.9000000 0.9000000 0.9000000
4  0.8387097 0.8387097 0.8387097 0.8387097 0.8387097 0.8387097 0.8387097 0.8709677 0.8709677 0.8709677
5  0.9655172 0.9655172 0.9655172 0.9655172 0.9655172 0.9655172 0.9655172 0.9655172 0.9655172 0.9655172
6  0.9705882 0.9705882 0.9705882 0.9705882 0.9705882 0.9411765 0.9411765 0.9411765 0.9411765 0.9411765
7  0.8000000 0.8800000 0.9200000 0.9200000 0.9200000 0.9200000 0.8800000 0.8800000 0.8800000 0.8800000
8  0.9117647 0.9411765 0.9411765 0.9705882 0.9705882 0.9705882 0.9705882 0.9705882 0.9705882 0.9705882
9  0.8928571 0.8928571 0.9285714 0.9642857 0.9642857 0.9642857 0.9642857 1.0000000 1.0000000 1.0000000
10 0.8518519 0.8518519 0.8518519 0.8518519 0.8518519 0.8888889 0.8888889 0.8888889 0.8888889 0.8888889

$`NAIVE BAYES`$`Mean Recalls`
        1         2         3         4         5         6         7         8         9        10 
0.0000000 0.5902025 0.6006467 0.6415954 0.6877756 0.6942973 0.7185362 0.7290874 0.7508444 0.7635705 
       11        12        13        14        15        16        17        18        19        20 
0.7644971 0.7908859 0.8091716 0.8427007 0.8434124 0.8537116 0.8498556 0.8535593 0.8380686 0.8242227 
       21        22        23        24        25        26        27        28        29        30 
0.8270177 0.8332922 0.8299589 0.8201055 0.8165341 0.8165341 0.8213660 0.8177946 0.8207358 0.8243072 
       31        32        33        34        35        36        37        38        39        40 
0.8245918 0.8245918 0.8274099 0.8309813 0.8235739 0.8267997 0.8303711 0.8461241 0.8549477 0.8669970 
       41        42        43        44        45        46        47        48        49        50 
0.8763276 0.8908402 0.9063309 0.9171914 0.9215392 0.9223017 0.9183017 0.9215275 0.9215275 0.9215275 

$`NAIVE BAYES`$`St Dev Recalls`
         1          2          3          4          5          6          7          8          9 
0.00000000 0.05988150 0.06470262 0.08589909 0.11589632 0.11453664 0.12330923 0.10867254 0.11014737 
        10         11         12         13         14         15         16         17         18 
0.11566049 0.11728755 0.09706429 0.09374976 0.09084483 0.07392997 0.06498208 0.06058319 0.06183791 
        19         20         21         22         23         24         25         26         27 
0.05789430 0.05608511 0.06315111 0.06513490 0.06212515 0.06713851 0.06800464 0.06800464 0.07371173 
        28         29         30         31         32         33         34         35         36 
0.07264315 0.07082759 0.07176069 0.06882473 0.06882473 0.07070814 0.07127217 0.06837549 0.06476144 
        37         38         39         40         41         42         43         44         45 
0.06754564 0.05838871 0.05796798 0.06158454 0.07138753 0.06940446 0.06304703 0.05916612 0.05300406 
        46         47         48         49         50 
0.04650996 0.04841111 0.04648213 0.04648213 0.04648213 

$`NAIVE BAYES`$`Micro Ave Recalls`
        1         2         3         4         5         6         7         8         9        10 
      NaN 0.5916955 0.6020761 0.6470588 0.6955017 0.7024221 0.7266436 0.7370242 0.7577855 0.7716263 
       11        12        13        14        15        16        17        18        19        20 
0.7716263 0.7958478 0.8131488 0.8442907 0.8408304 0.8512111 0.8477509 0.8512111 0.8373702 0.8235294 
       21        22        23        24        25        26        27        28        29        30 
0.8269896 0.8339100 0.8304498 0.8200692 0.8166090 0.8166090 0.8200692 0.8166090 0.8200692 0.8235294 
       31        32        33        34        35        36        37        38        39        40 
0.8235294 0.8235294 0.8269896 0.8304498 0.8235294 0.8269896 0.8304498 0.8477509 0.8581315 0.8719723 
       41        42        43        44        45        46        47        48        49        50 
0.8823529 0.8961938 0.9100346 0.9204152 0.9238754 0.9238754 0.9204152 0.9238754 0.9238754 0.9238754 

$`NAIVE BAYES`$`F1 Measure`
   1         2         3         4         5         6         7         8         9        10
1  0 0.3478261 0.3750000 0.3636364 0.3380282 0.3692308 0.3492063 0.3692308 0.3823529 0.3823529
2  0 0.5230769 0.6101695 0.5806452 0.5714286 0.5625000 0.5538462 0.5294118 0.5507246 0.5352113
3  0 0.5405405 0.5789474 0.6000000 0.5952381 0.6024096 0.6206897 0.6265060 0.6117647 0.6279070
4  0 0.4197531 0.4285714 0.4130435 0.4468085 0.4719101 0.4719101 0.4731183 0.4943820 0.5274725
5  0 0.5333333 0.5277778 0.5454545 0.5783133 0.5813953 0.6410256 0.6250000 0.6428571 0.6136364
6  0 0.5000000 0.5277778 0.5750000 0.5813953 0.5977011 0.6265060 0.6428571 0.6506024 0.6136364
7  0 0.4242424 0.5000000 0.4918033 0.5084746 0.4615385 0.4927536 0.5217391 0.5507246 0.5507246
8  0 0.5128205 0.5263158 0.5679012 0.5813953 0.6097561 0.5977011 0.6067416 0.6153846 0.6236559
9  0 0.5217391 0.4657534 0.4615385 0.5176471 0.4941176 0.5301205 0.5121951 0.5000000 0.5316456
10 0 0.4057971 0.4000000 0.3888889 0.4057971 0.4347826 0.4788732 0.4722222 0.4788732 0.4857143
          11        12        13        14        15        16        17        18        19        20
1  0.4000000 0.4347826 0.4477612 0.4477612 0.5352113 0.5428571 0.5277778 0.5205479 0.4864865 0.5070423
2  0.5753425 0.6493506 0.6329114 0.6506024 0.6428571 0.6428571 0.5977011 0.6046512 0.5714286 0.5609756
3  0.6136364 0.5934066 0.5806452 0.5567010 0.5625000 0.5684211 0.5744681 0.5684211 0.5744681 0.5591398
4  0.5161290 0.5106383 0.5106383 0.5161290 0.5000000 0.5161290 0.5000000 0.5000000 0.4893617 0.4893617
5  0.6279070 0.6206897 0.6136364 0.6136364 0.6000000 0.6067416 0.5869565 0.5869565 0.5934066 0.5806452
6  0.6136364 0.6136364 0.6067416 0.5806452 0.5434783 0.5531915 0.5744681 0.5625000 0.5684211 0.5806452
7  0.5633803 0.5588235 0.5633803 0.5866667 0.5526316 0.5789474 0.6027397 0.6197183 0.6000000 0.5797101
8  0.6153846 0.6292135 0.6292135 0.6292135 0.6363636 0.6363636 0.6363636 0.6363636 0.6436782 0.6000000
9  0.5000000 0.5000000 0.5783133 0.5813953 0.5517241 0.5476190 0.5287356 0.5609756 0.5542169 0.5476190
10 0.4444444 0.4800000 0.4736842 0.5789474 0.5641026 0.5679012 0.5542169 0.5517241 0.5517241 0.5714286
          21        22        23        24        25        26        27        28        29        30
1  0.4788732 0.5000000 0.5074627 0.5151515 0.4927536 0.5074627 0.5230769 0.5074627 0.5074627 0.5074627
2  0.5783133 0.5925926 0.5853659 0.5647059 0.5647059 0.5454545 0.5813953 0.5882353 0.5813953 0.5813953
3  0.5777778 0.6000000 0.5842697 0.5869565 0.5806452 0.5744681 0.5869565 0.5934066 0.5934066 0.5869565
4  0.4893617 0.4946237 0.4946237 0.4888889 0.4782609 0.4835165 0.4888889 0.4835165 0.4943820 0.4835165
5  0.5934066 0.5934066 0.5934066 0.5652174 0.5531915 0.5652174 0.5714286 0.5909091 0.5777778 0.5714286
6  0.5806452 0.5684211 0.5744681 0.5591398 0.5652174 0.5652174 0.5360825 0.5306122 0.5346535 0.5346535
7  0.5555556 0.5479452 0.5555556 0.5479452 0.5479452 0.5405405 0.5479452 0.5555556 0.5633803 0.5633803
8  0.6000000 0.6086957 0.6086957 0.6086957 0.5957447 0.5957447 0.5652174 0.5591398 0.5652174 0.5652174
9  0.5647059 0.5581395 0.5454545 0.5348837 0.5116279 0.5116279 0.5517241 0.5287356 0.5054945 0.5333333
10 0.5714286 0.5714286 0.5714286 0.5783133 0.5647059 0.5647059 0.5517241 0.5454545 0.5581395 0.5714286
          31        32        33        34        35        36        37        38        39        40
1  0.5312500 0.5312500 0.4927536 0.4927536 0.4722222 0.4722222 0.4722222 0.4473684 0.4358974 0.4047619
2  0.5813953 0.5747126 0.5681818 0.5555556 0.5555556 0.5217391 0.5208333 0.5154639 0.4854369 0.4629630
3  0.5869565 0.5744681 0.5744681 0.5684211 0.5625000 0.5510204 0.5400000 0.5142857 0.5000000 0.4615385
4  0.4842105 0.4646465 0.4600000 0.4509804 0.4509804 0.4571429 0.4485981 0.4424779 0.4273504 0.4126984
5  0.5842697 0.5591398 0.5806452 0.5567010 0.5567010 0.5567010 0.5400000 0.5346535 0.5142857 0.4909091
6  0.5200000 0.5098039 0.5094340 0.4615385 0.4354839 0.4122137 0.3913043 0.3809524 0.3797468 0.3764706
7  0.5714286 0.5555556 0.5405405 0.5333333 0.5333333 0.5405405 0.5405405 0.5194805 0.5000000 0.4651163
8  0.5473684 0.5416667 0.5360825 0.5252525 0.5252525 0.5252525 0.5200000 0.5333333 0.5370370 0.5217391
9  0.5274725 0.5274725 0.5227273 0.5217391 0.5161290 0.5263158 0.5263158 0.5263158 0.5263158 0.5208333
10 0.5581395 0.5517241 0.5454545 0.5393258 0.5057471 0.5176471 0.5116279 0.5411765 0.5411765 0.5227273
          41        42        43        44        45        46        47        48        49        50
1  0.3617021 0.3333333 0.3364486 0.3362832 0.3305785 0.3252033 0.3252033 0.3225806 0.3225806 0.3200000
2  0.4201681 0.4126984 0.4153846 0.4060150 0.3802817 0.3829787 0.3857143 0.3661972 0.3611111 0.3513514
3  0.4576271 0.4320000 0.4090909 0.4122137 0.4060150 0.4060150 0.3857143 0.3802817 0.3802817 0.3802817
4  0.4000000 0.3795620 0.3561644 0.3354839 0.3354839 0.3376623 0.3376623 0.3461538 0.3375000 0.3354037
5  0.4955752 0.4869565 0.4480000 0.4242424 0.4028777 0.3783784 0.3783784 0.3783784 0.3783784 0.3708609
6  0.3707865 0.3687151 0.3666667 0.3606557 0.3548387 0.3298969 0.3298969 0.3298969 0.3333333 0.3350785
7  0.4395604 0.4680851 0.4466019 0.4070796 0.4070796 0.4070796 0.3826087 0.3826087 0.3697479 0.3606557
8  0.5254237 0.5289256 0.5079365 0.5000000 0.4714286 0.4680851 0.4615385 0.4583333 0.4520548 0.4551724
9  0.4950495 0.4854369 0.4859813 0.4576271 0.4462810 0.4153846 0.4000000 0.3916084 0.3916084 0.3888889
10 0.5000000 0.5000000 0.4946237 0.4842105 0.4742268 0.4615385 0.4528302 0.4363636 0.4210526 0.4067797

$`NAIVE BAYES`$`Mean F1 Measure`
        1         2         3         4         5         6         7         8         9        10 
0.0000000 0.4729129 0.4940313 0.4987911 0.5124526 0.5185342 0.5362632 0.5379022 0.5477666 0.5491957 
       11        12        13        14        15        16        17        18        19        20 
0.5469861 0.5590541 0.5636925 0.5741698 0.5688869 0.5761029 0.5683427 0.5711858 0.5633192 0.5576567 
       21        22        23        24        25        26        27        28        29        30 
0.5590068 0.5635253 0.5620731 0.5549898 0.5454798 0.5453956 0.5504440 0.5483028 0.5481310 0.5498773 
       31        32        33        34        35        36        37        38        39        40 
0.5492491 0.5390440 0.5330287 0.5205601 0.5113905 0.5080795 0.5011442 0.4955508 0.4847247 0.4639757 
       41        42        43        44        45        46        47        48        49        50 
0.4465893 0.4395713 0.4266899 0.4123811 0.4009092 0.3912222 0.3839547 0.3792403 0.3747649 0.3704473 

$`NAIVE BAYES`$`St Dev F1 Measure`
         1          2          3          4          5          6          7          8          9 
0.00000000 0.06732748 0.07612077 0.08745752 0.08839725 0.08355489 0.09109614 0.08765216 0.08533750 
        10         11         12         13         14         15         16         17         18 
0.07665883 0.07920681 0.07345335 0.06522562 0.05807612 0.04489526 0.04109473 0.04106625 0.04238698 
        19         20         21         22         23         24         25         26         27 
0.04774313 0.03474656 0.04153662 0.03979062 0.03694174 0.03508197 0.03858893 0.03491370 0.02925656 
        28         29         30         31         32         33         34         35         36 
0.03679284 0.03528040 0.03403111 0.03356567 0.03325971 0.03809134 0.04008093 0.04507903 0.04623349 
        37         38         39         40         41         42         43         44         45 
0.04912648 0.05330829 0.05342751 0.05222558 0.05754936 0.06453730 0.06031376 0.05722536 0.05190797 
        46         47         48         49         50 
0.05069217 0.04663878 0.04294033 0.04011583 0.04002753 

$`NAIVE BAYES`$`Micro Ave F1 Measure`
        1         2         3         4         5         6         7         8         9        10 
      NaN 0.4736842 0.4929178 0.4993324 0.5153846 0.5238710 0.5419355 0.5426752 0.5523329 0.5554172 
       11        12        13        14        15        16        17        18        19        20 
0.5526642 0.5623472 0.5669481 0.5761511 0.5690867 0.5761124 0.5684455 0.5707657 0.5634459 0.5580305 
       21        22        23        24        25        26        27        28        29        30 
0.5603751 0.5650645 0.5633803 0.5563380 0.5469293 0.5469293 0.5511628 0.5488372 0.5486111 0.5502890 
       31        32        33        34        35        36        37        38        39        40 
0.5483871 0.5378531 0.5328874 0.5189189 0.5090909 0.5042194 0.4958678 0.4895105 0.4783028 0.4581818 
       41        42        43        44        45        46        47        48        49        50 
0.4419411 0.4338358 0.4211369 0.4076628 0.3964365 0.3866763 0.3805436 0.3765867 0.3729050 0.3690394 


$SVM
$SVM$`Accuracy per Fold`
   1         2         3         4         5         6         7         8         9        10
1  0 0.9614836 0.9700428 0.9657632 0.9643367 0.9671897 0.9686163 0.9686163 0.9700428 0.9714693
2  0 0.9661017 0.9689266 0.9675141 0.9661017 0.9689266 0.9689266 0.9703390 0.9689266 0.9703390
3  0 0.9688826 0.9773692 0.9773692 0.9745403 0.9759547 0.9731259 0.9745403 0.9759547 0.9830269
4  0 0.9675141 0.9646893 0.9689266 0.9646893 0.9646893 0.9689266 0.9675141 0.9675141 0.9703390
5  0 0.9661017 0.9745763 0.9759887 0.9731638 0.9745763 0.9745763 0.9717514 0.9731638 0.9788136
6  0 0.9660537 0.9688826 0.9731259 0.9717115 0.9688826 0.9702970 0.9702970 0.9702970 0.9702970
7  0 0.9717514 0.9759887 0.9731638 0.9717514 0.9731638 0.9802260 0.9830508 0.9844633 0.9844633
8  0 0.9618105 0.9660537 0.9674682 0.9759547 0.9759547 0.9773692 0.9787836 0.9759547 0.9801980
9  0 0.9646893 0.9675141 0.9661017 0.9618644 0.9604520 0.9618644 0.9632768 0.9632768 0.9576271
10 0 0.9700428 0.9686163 0.9714693 0.9700428 0.9700428 0.9714693 0.9728959 0.9743224 0.9757489
          11        12        13        14        15        16        17        18        19        20
1  0.9700428 0.9686163 0.9686163 0.9700428 0.9728959 0.9743224 0.9743224 0.9743224 0.9743224 0.9771755
2  0.9717514 0.9731638 0.9717514 0.9731638 0.9717514 0.9731638 0.9731638 0.9745763 0.9745763 0.9745763
3  0.9801980 0.9830269 0.9816124 0.9801980 0.9801980 0.9773692 0.9773692 0.9773692 0.9787836 0.9773692
4  0.9731638 0.9731638 0.9759887 0.9759887 0.9717514 0.9717514 0.9731638 0.9745763 0.9745763 0.9717514
5  0.9788136 0.9774011 0.9788136 0.9788136 0.9802260 0.9802260 0.9802260 0.9802260 0.9759887 0.9731638
6  0.9674682 0.9702970 0.9702970 0.9731259 0.9731259 0.9745403 0.9759547 0.9773692 0.9773692 0.9773692
7  0.9844633 0.9844633 0.9830508 0.9830508 0.9830508 0.9844633 0.9830508 0.9844633 0.9844633 0.9844633
8  0.9787836 0.9816124 0.9830269 0.9830269 0.9816124 0.9801980 0.9801980 0.9816124 0.9801980 0.9801980
9  0.9604520 0.9618644 0.9675141 0.9675141 0.9675141 0.9675141 0.9661017 0.9675141 0.9689266 0.9689266
10 0.9757489 0.9771755 0.9757489 0.9843081 0.9814551 0.9814551 0.9843081 0.9871612 0.9871612 0.9871612
          21        22        23        24        25        26        27        28        29        30
1  0.9771755 0.9757489 0.9771755 0.9771755 0.9728959 0.9743224 0.9743224 0.9743224 0.9743224 0.9743224
2  0.9788136 0.9788136 0.9802260 0.9788136 0.9802260 0.9802260 0.9788136 0.9788136 0.9802260 0.9816384
3  0.9773692 0.9801980 0.9816124 0.9801980 0.9816124 0.9801980 0.9773692 0.9773692 0.9773692 0.9801980
4  0.9717514 0.9731638 0.9731638 0.9717514 0.9717514 0.9731638 0.9731638 0.9731638 0.9731638 0.9759887
5  0.9745763 0.9745763 0.9788136 0.9788136 0.9788136 0.9802260 0.9759887 0.9759887 0.9759887 0.9759887
6  0.9773692 0.9773692 0.9787836 0.9787836 0.9787836 0.9773692 0.9787836 0.9787836 0.9801980 0.9759547
7  0.9844633 0.9858757 0.9858757 0.9858757 0.9830508 0.9844633 0.9844633 0.9858757 0.9858757 0.9858757
8  0.9773692 0.9801980 0.9816124 0.9816124 0.9816124 0.9801980 0.9801980 0.9801980 0.9801980 0.9787836
9  0.9703390 0.9703390 0.9703390 0.9717514 0.9717514 0.9717514 0.9731638 0.9689266 0.9717514 0.9689266
10 0.9857347 0.9843081 0.9843081 0.9871612 0.9885877 0.9885877 0.9885877 0.9900143 0.9885877 0.9885877
          31        32        33        34        35        36        37        38        39        40
1  0.9757489 0.9771755 0.9771755 0.9786020 0.9771755 0.9743224 0.9757489 0.9771755 0.9771755 0.9757489
2  0.9816384 0.9816384 0.9816384 0.9816384 0.9774011 0.9774011 0.9774011 0.9774011 0.9759887 0.9759887
3  0.9801980 0.9801980 0.9816124 0.9787836 0.9773692 0.9773692 0.9759547 0.9759547 0.9759547 0.9759547
4  0.9745763 0.9759887 0.9774011 0.9759887 0.9717514 0.9717514 0.9717514 0.9717514 0.9717514 0.9717514
5  0.9759887 0.9745763 0.9759887 0.9759887 0.9731638 0.9745763 0.9717514 0.9717514 0.9703390 0.9689266
6  0.9759547 0.9759547 0.9745403 0.9731259 0.9731259 0.9731259 0.9745403 0.9745403 0.9745403 0.9745403
7  0.9844633 0.9858757 0.9844633 0.9858757 0.9830508 0.9830508 0.9802260 0.9788136 0.9788136 0.9788136
8  0.9787836 0.9787836 0.9773692 0.9773692 0.9745403 0.9731259 0.9717115 0.9717115 0.9702970 0.9702970
9  0.9689266 0.9689266 0.9689266 0.9689266 0.9703390 0.9717514 0.9731638 0.9717514 0.9717514 0.9717514
10 0.9871612 0.9843081 0.9857347 0.9843081 0.9828816 0.9828816 0.9828816 0.9828816 0.9828816 0.9828816
          41        42        43        44        45        46        47        48        49        50
1  0.9757489 0.9743224 0.9743224 0.9743224 0.9743224 0.9743224 0.9728959 0.9728959 0.9728959 0.9728959
2  0.9759887 0.9759887 0.9759887 0.9759887 0.9759887 0.9759887 0.9759887 0.9759887 0.9759887 0.9759887
3  0.9759547 0.9759547 0.9759547 0.9759547 0.9731259 0.9759547 0.9759547 0.9773692 0.9773692 0.9759547
4  0.9717514 0.9717514 0.9717514 0.9717514 0.9703390 0.9703390 0.9703390 0.9703390 0.9703390 0.9703390
5  0.9689266 0.9703390 0.9703390 0.9703390 0.9703390 0.9703390 0.9703390 0.9689266 0.9689266 0.9689266
6  0.9731259 0.9731259 0.9731259 0.9731259 0.9731259 0.9731259 0.9731259 0.9731259 0.9745403 0.9745403
7  0.9788136 0.9788136 0.9788136 0.9774011 0.9774011 0.9774011 0.9759887 0.9759887 0.9745763 0.9745763
8  0.9702970 0.9702970 0.9674682 0.9674682 0.9674682 0.9674682 0.9660537 0.9674682 0.9674682 0.9674682
9  0.9717514 0.9703390 0.9703390 0.9703390 0.9703390 0.9703390 0.9689266 0.9703390 0.9689266 0.9689266
10 0.9828816 0.9828816 0.9828816 0.9814551 0.9800285 0.9800285 0.9800285 0.9800285 0.9800285 0.9800285

$SVM$`Mean Accuracy`
        1         2         3         4         5         6         7         8         9        10 
0.0000000 0.9664431 0.9702659 0.9706891 0.9694157 0.9699833 0.9715397 0.9721065 0.9723916 0.9742322 
       11        12        13        14        15        16        17        18        19        20 
0.9740886 0.9750785 0.9756420 0.9769233 0.9763581 0.9765004 0.9767859 0.9779190 0.9776365 0.9772154 
       21        22        23        24        25        26        27        28        29        30 
0.9774961 0.9780591 0.9791910 0.9791936 0.9789085 0.9790506 0.9784854 0.9783456 0.9787681 0.9786265 
       31        32        33        34        35        36        37        38        39        40 
0.9783440 0.9783426 0.9784850 0.9780607 0.9760799 0.9759356 0.9755131 0.9753732 0.9749493 0.9746654 
       41        42        43        44        45        46        47        48        49        50 
0.9745240 0.9743813 0.9740984 0.9738145 0.9732478 0.9735307 0.9729641 0.9732470 0.9731059 0.9729645 

$SVM$`St Dev Accuracy`
          1           2           3           4           5           6           7           8 
0.000000000 0.003295669 0.004277563 0.004139918 0.004834241 0.005072104 0.005148193 0.005663409 
          9          10          11          12          13          14          15          16 
0.005813977 0.007958668 0.007028177 0.007073441 0.005910375 0.005858843 0.005489171 0.005156307 
         17          18          19          20          21          22          23          24 
0.005444682 0.005689746 0.005307909 0.005600950 0.004842560 0.004846254 0.004746039 0.005058491 
         25          26          27          28          29          30          31          32 
0.005434757 0.005150678 0.004970690 0.006100693 0.005408286 0.005744676 0.005276224 0.004969762 
         33          34          35          36          37          38          39          40 
0.005003478 0.005061510 0.004355829 0.004194316 0.003793852 0.003791292 0.004060922 0.004194123 
         41          42          43          44          45          46          47          48 
0.004222565 0.004147519 0.004535381 0.004082111 0.003810996 0.003904780 0.004150162 0.004043203 
         49          50 
0.004123726 0.003983110 

$SVM$`Precisions per Fold`
   1         2         3         4         5         6         7         8         9        10
1  0 0.3000000 0.5833333 0.4615385 0.4285714 0.5000000 0.5384615 0.5333333 0.5714286 0.5882353
2  0 0.8333333 1.0000000 0.8571429 0.7500000 0.8000000 0.8000000 0.8181818 0.7142857 0.7692308
3  0 0.7857143 0.9375000 0.8888889 0.8333333 0.8421053 0.7391304 0.7500000 0.7600000 0.8000000
4  0 0.8333333 0.7142857 0.8461538 0.6666667 0.6666667 0.7142857 0.7000000 0.7000000 0.7083333
5  0 0.7777778 0.8666667 0.8333333 0.7777778 0.8235294 0.8666667 0.7368421 0.7272727 0.7916667
6  0 0.8571429 0.8750000 0.9411765 0.8500000 0.8000000 0.8421053 0.8421053 0.8421053 0.8421053
7  0 1.0000000 1.0000000 0.6875000 0.7272727 0.7500000 0.8235294 0.8421053 0.8888889 0.8500000
8  0 0.7692308 0.8571429 0.7391304 0.8400000 0.8400000 0.8750000 0.8518519 0.7741935 0.8333333
9  0 0.6000000 0.6315789 0.6000000 0.5217391 0.5000000 0.5217391 0.5416667 0.5416667 0.4642857
10 0 0.8750000 0.8571429 0.7692308 0.7500000 0.7142857 0.7058824 0.7500000 0.7647059 0.8571429
          11        12        13        14        15        16        17        18        19        20
1  0.5625000 0.5263158 0.5263158 0.5500000 0.5909091 0.6190476 0.6315789 0.6315789 0.6315789 0.7058824
2  0.8333333 0.7647059 0.7222222 0.7142857 0.7000000 0.6956522 0.6956522 0.7083333 0.7083333 0.7083333
3  0.7666667 0.8000000 0.7741935 0.7666667 0.7666667 0.7333333 0.7333333 0.7333333 0.7586207 0.7500000
4  0.7500000 0.7307692 0.7916667 0.7916667 0.7200000 0.7391304 0.7500000 0.7600000 0.7826087 0.7391304
5  0.7500000 0.7407407 0.7500000 0.7500000 0.7586207 0.7586207 0.7586207 0.7586207 0.7142857 0.6785714
6  0.7619048 0.7826087 0.7826087 0.8000000 0.7586207 0.7666667 0.7741935 0.8000000 0.7812500 0.7812500
7  0.8500000 0.8888889 0.8421053 0.8421053 0.8421053 0.8500000 0.8095238 0.8181818 0.8181818 0.8181818
8  0.8064516 0.8181818 0.8235294 0.8235294 0.8181818 0.7941176 0.7941176 0.8181818 0.8125000 0.8125000
9  0.5000000 0.5200000 0.5806452 0.5806452 0.5806452 0.5806452 0.5625000 0.5806452 0.6000000 0.6000000
10 0.8571429 0.8666667 0.8571429 0.9000000 0.8500000 0.8500000 0.8636364 0.9090909 0.9090909 0.9090909
          21        22        23        24        25        26        27        28        29        30
1  0.7058824 0.6666667 0.7058824 0.6842105 0.5909091 0.6190476 0.6190476 0.6190476 0.6190476 0.6190476
2  0.7600000 0.7826087 0.7916667 0.7826087 0.8181818 0.8181818 0.8095238 0.8095238 0.8500000 0.8571429
3  0.7500000 0.7857143 0.8148148 0.7857143 0.8148148 0.7857143 0.7500000 0.7500000 0.7500000 0.7857143
4  0.7391304 0.7500000 0.7500000 0.7391304 0.7200000 0.7500000 0.7500000 0.7727273 0.7727273 0.8181818
5  0.7037037 0.7037037 0.7692308 0.7692308 0.7692308 0.7777778 0.7307692 0.7307692 0.7307692 0.7307692
6  0.7812500 0.7812500 0.8064516 0.8064516 0.8064516 0.8000000 0.8275862 0.8275862 0.8571429 0.8400000
7  0.8181818 0.8571429 0.8571429 0.8571429 0.7826087 0.7916667 0.7916667 0.8260870 0.8260870 0.8260870
8  0.7812500 0.8333333 0.8620690 0.8620690 0.8620690 0.8333333 0.8333333 0.8333333 0.8333333 0.8275862
9  0.6129032 0.6129032 0.6129032 0.6333333 0.6333333 0.6333333 0.6551724 0.5937500 0.6333333 0.6000000
10 0.8695652 0.8333333 0.8636364 0.9500000 0.9523810 0.9523810 0.9523810 1.0000000 1.0000000 1.0000000
          31        32        33        34        35        36        37        38        39        40
1  0.6500000 0.6842105 0.6842105 0.7500000 0.7333333 0.6666667 0.7500000 0.8181818 0.8181818 0.8000000
2  0.8571429 0.8571429 0.8571429 0.8571429 0.8333333 0.8750000 0.8750000 0.8750000 0.8666667 0.8666667
3  0.7857143 0.7857143 0.8148148 0.8260870 0.8500000 0.8500000 0.8421053 0.8421053 0.8421053 0.8421053
4  0.8095238 0.8500000 0.8947368 0.9375000 0.9230769 0.9230769 0.9230769 0.9230769 0.9230769 0.9230769
5  0.7307692 0.7200000 0.7307692 0.7500000 0.7272727 0.7619048 0.7368421 0.7368421 0.7222222 0.7058824
6  0.8400000 0.9047619 0.9000000 0.8947368 0.8947368 0.8947368 0.9444444 0.9444444 0.9444444 0.9444444
7  0.7916667 0.8260870 0.8181818 0.8571429 0.9333333 0.9333333 0.9230769 0.9166667 0.9166667 0.9166667
8  0.8275862 0.8275862 0.8214286 0.8214286 0.8076923 0.8260870 0.8181818 0.8181818 0.8095238 0.8095238
9  0.6071429 0.6071429 0.6071429 0.6071429 0.6296296 0.6428571 0.6956522 0.6818182 0.6818182 0.6818182
10 1.0000000 1.0000000 1.0000000 1.0000000 1.0000000 1.0000000 1.0000000 1.0000000 1.0000000 1.0000000
          41        42        43        44        45        46        47        48        49        50
1  0.8000000 0.7777778 0.7777778 0.7777778 0.7777778 0.7777778 0.7500000 0.7500000 0.7500000 0.7500000
2  0.8666667 0.8666667 0.8666667 0.8666667 0.8666667 0.8666667 0.8666667 0.8666667 0.8666667 0.8666667
3  0.8421053 0.8421053 0.8421053 0.8421053 0.8235294 0.8421053 0.8421053 0.8888889 0.8888889 0.8823529
4  0.9230769 0.9230769 0.9230769 0.9230769 0.9166667 0.9166667 0.9166667 0.9166667 0.9166667 0.9166667
5  0.7058824 0.7500000 0.7500000 0.7500000 0.7500000 0.7500000 0.7500000 0.7333333 0.7333333 0.7333333
6  0.9411765 0.9411765 0.9411765 0.9411765 0.9411765 0.9411765 0.9411765 0.9411765 0.9444444 0.9444444
7  0.9166667 0.9166667 0.9166667 0.9090909 0.9090909 0.9090909 0.9000000 0.9000000 0.8888889 0.8888889
8  0.8095238 0.8095238 0.7894737 0.7894737 0.7894737 0.7894737 0.7777778 0.7894737 0.7894737 0.7894737
9  0.6818182 0.6666667 0.6666667 0.6666667 0.6666667 0.6666667 0.6500000 0.6666667 0.6500000 0.6500000
10 1.0000000 1.0000000 1.0000000 1.0000000 1.0000000 1.0000000 1.0000000 1.0000000 1.0000000 1.0000000

$SVM$`Mean Precisions`
        1         2         3         4         5         6         7         8         9        10 
0.0000000 0.7631532 0.8322650 0.7624095 0.7145361 0.7236587 0.7426801 0.7366086 0.7284547 0.7504333 
       11        12        13        14        15        16        17        18        19        20 
0.7437999 0.7438878 0.7450430 0.7518899 0.7385749 0.7387214 0.7373157 0.7517966 0.7516450 0.7502940 
       21        22        23        24        25        26        27        28        29        30 
0.7521867 0.7606656 0.7833798 0.7869891 0.7749980 0.7761436 0.7719480 0.7762824 0.7872441 0.7904529 
       31        32        33        34        35        36        37        38        39        40 
0.7899546 0.8062646 0.8128428 0.8301181 0.8332408 0.8373663 0.8508380 0.8556317 0.8524706 0.8490184 
       41        42        43        44        45        46        47        48        49        50 
0.8486916 0.8493660 0.8473610 0.8466034 0.8441048 0.8459624 0.8394393 0.8452872 0.8428363 0.8421827 

$SVM$`St Dev Precisions`
         1          2          3          4          5          6          7          8          9 
0.00000000 0.19124747 0.14443492 0.14608692 0.13988864 0.13049958 0.12705284 0.11700730 0.10729796 
        10         11         12         13         14         15         16         17         18 
0.12954967 0.11986203 0.12664306 0.10954242 0.11096781 0.09407102 0.08832112 0.08810641 0.09543350 
        19         20         21         22         23         24         25         26         27 
0.09158314 0.08579257 0.06988347 0.07847834 0.07891328 0.09086622 0.10570356 0.09589303 0.09480669 
        28         29         30         31         32         33         34         35         36 
0.11563239 0.11278694 0.11712609 0.11028660 0.11303618 0.11401473 0.10988607 0.11219095 0.11579044 
        37         38         39         40         41         42         43         44         45 
0.10023355 0.09700471 0.09930117 0.10259318 0.10226010 0.10077444 0.10184896 0.10130288 0.10103402 
        46         47         48         49         50 
0.10078415 0.10656165 0.10552055 0.10848862 0.10819965 

$SVM$`Micro Ave Precisions`
        1         2         3         4         5         6         7         8         9        10 
      NaN 0.7452830 0.8110236 0.7594937 0.7185629 0.7200000 0.7417582 0.7371134 0.7303922 0.7442922 
       11        12        13        14        15        16        17        18        19        20 
0.7387387 0.7424893 0.7427386 0.7500000 0.7364341 0.7356322 0.7358491 0.7509434 0.7509579 0.7480620 
       21        22        23        24        25        26        27        28        29        30 
0.7500000 0.7596899 0.7817460 0.7840000 0.7734375 0.7743191 0.7707510 0.7698413 0.7813765 0.7827869 
       31        32        33        34        35        36        37        38        39        40 
0.7833333 0.7956522 0.8017621 0.8160377 0.8157895 0.8216216 0.8411765 0.8443114 0.8414634 0.8395062 
       41        42        43        44        45        46        47        48        49        50 
0.8385093 0.8417722 0.8397436 0.8376623 0.8333333 0.8355263 0.8310811 0.8378378 0.8367347 0.8356164 

$SVM$`Recalls per Fold`
   1         2         3         4         5         6         7         8         9        10
1  0 0.1304348 0.3043478 0.2608696 0.2608696 0.3043478 0.3043478 0.3478261 0.3478261 0.4347826
2  0 0.1785714 0.2142857 0.2142857 0.2142857 0.2857143 0.2857143 0.3214286 0.3571429 0.3571429
3  0 0.3666667 0.5000000 0.5333333 0.5000000 0.5333333 0.5666667 0.6000000 0.6333333 0.8000000
4  0 0.3225806 0.3225806 0.3548387 0.3870968 0.3870968 0.4838710 0.4516129 0.4516129 0.5483871
5  0 0.2413793 0.4482759 0.5172414 0.4827586 0.4827586 0.4482759 0.4827586 0.5517241 0.6551724
6  0 0.3529412 0.4117647 0.4705882 0.5000000 0.4705882 0.4705882 0.4705882 0.4705882 0.4705882
7  0 0.2000000 0.3200000 0.4400000 0.3200000 0.3600000 0.5600000 0.6400000 0.6400000 0.6800000
8  0 0.2941176 0.3529412 0.5000000 0.6176471 0.6176471 0.6176471 0.6764706 0.7058824 0.7352941
9  0 0.3214286 0.4285714 0.4285714 0.4285714 0.4642857 0.4285714 0.4642857 0.4642857 0.4642857
10 0 0.2592593 0.2222222 0.3703704 0.3333333 0.3703704 0.4444444 0.4444444 0.4814815 0.4444444
          11        12        13        14        15        16        17        18        19        20
1  0.3913043 0.4347826 0.4347826 0.4782609 0.5652174 0.5652174 0.5217391 0.5217391 0.5217391 0.5217391
2  0.3571429 0.4642857 0.4642857 0.5357143 0.5000000 0.5714286 0.5714286 0.6071429 0.6071429 0.6071429
3  0.7666667 0.8000000 0.8000000 0.7666667 0.7666667 0.7333333 0.7333333 0.7333333 0.7333333 0.7000000
4  0.5806452 0.6129032 0.6129032 0.6129032 0.5806452 0.5483871 0.5806452 0.6129032 0.5806452 0.5483871
5  0.7241379 0.6896552 0.7241379 0.7241379 0.7586207 0.7586207 0.7586207 0.7586207 0.6896552 0.6551724
6  0.4705882 0.5294118 0.5294118 0.5882353 0.6470588 0.6764706 0.7058824 0.7058824 0.7352941 0.7352941
7  0.6800000 0.6400000 0.6400000 0.6400000 0.6400000 0.6800000 0.6800000 0.7200000 0.7200000 0.7200000
8  0.7352941 0.7941176 0.8235294 0.8235294 0.7941176 0.7941176 0.7941176 0.7941176 0.7647059 0.7647059
9  0.4642857 0.4642857 0.6428571 0.6428571 0.6428571 0.6428571 0.6428571 0.6428571 0.6428571 0.6428571
10 0.4444444 0.4814815 0.4444444 0.6666667 0.6296296 0.6296296 0.7037037 0.7407407 0.7407407 0.7407407
          21        22        23        24        25        26        27        28        29        30
1  0.5217391 0.5217391 0.5217391 0.5652174 0.5652174 0.5652174 0.5652174 0.5652174 0.5652174 0.5652174
2  0.6785714 0.6428571 0.6785714 0.6428571 0.6428571 0.6428571 0.6071429 0.6071429 0.6071429 0.6428571
3  0.7000000 0.7333333 0.7333333 0.7333333 0.7333333 0.7333333 0.7000000 0.7000000 0.7000000 0.7333333
4  0.5483871 0.5806452 0.5806452 0.5483871 0.5806452 0.5806452 0.5806452 0.5483871 0.5483871 0.5806452
5  0.6551724 0.6551724 0.6896552 0.6896552 0.6896552 0.7241379 0.6551724 0.6551724 0.6551724 0.6551724
6  0.7352941 0.7352941 0.7352941 0.7352941 0.7352941 0.7058824 0.7058824 0.7058824 0.7058824 0.6176471
7  0.7200000 0.7200000 0.7200000 0.7200000 0.7200000 0.7600000 0.7600000 0.7600000 0.7600000 0.7600000
8  0.7352941 0.7352941 0.7352941 0.7352941 0.7352941 0.7352941 0.7352941 0.7352941 0.7352941 0.7058824
9  0.6785714 0.6785714 0.6785714 0.6785714 0.6785714 0.6785714 0.6785714 0.6785714 0.6785714 0.6428571
10 0.7407407 0.7407407 0.7037037 0.7037037 0.7407407 0.7407407 0.7407407 0.7407407 0.7037037 0.7037037
          31        32        33        34        35        36        37        38        39        40
1  0.5652174 0.5652174 0.5652174 0.5217391 0.4782609 0.4347826 0.3913043 0.3913043 0.3913043 0.3478261
2  0.6428571 0.6428571 0.6428571 0.6428571 0.5357143 0.5000000 0.5000000 0.5000000 0.4642857 0.4642857
3  0.7333333 0.7333333 0.7333333 0.6333333 0.5666667 0.5666667 0.5333333 0.5333333 0.5333333 0.5333333
4  0.5483871 0.5483871 0.5483871 0.4838710 0.3870968 0.3870968 0.3870968 0.3870968 0.3870968 0.3870968
5  0.6551724 0.6206897 0.6551724 0.6206897 0.5517241 0.5517241 0.4827586 0.4827586 0.4482759 0.4137931
6  0.6176471 0.5588235 0.5294118 0.5000000 0.5000000 0.5000000 0.5000000 0.5000000 0.5000000 0.5000000
7  0.7600000 0.7600000 0.7200000 0.7200000 0.5600000 0.5600000 0.4800000 0.4400000 0.4400000 0.4400000
8  0.7058824 0.7058824 0.6764706 0.6764706 0.6176471 0.5588235 0.5294118 0.5294118 0.5000000 0.5000000
9  0.6071429 0.6071429 0.6071429 0.6071429 0.6071429 0.6428571 0.5714286 0.5357143 0.5357143 0.5357143
10 0.6666667 0.5925926 0.6296296 0.5925926 0.5555556 0.5555556 0.5555556 0.5555556 0.5555556 0.5555556
          41        42        43        44        45        46        47        48        49        50
1  0.3478261 0.3043478 0.3043478 0.3043478 0.3043478 0.3043478 0.2608696 0.2608696 0.2608696 0.2608696
2  0.4642857 0.4642857 0.4642857 0.4642857 0.4642857 0.4642857 0.4642857 0.4642857 0.4642857 0.4642857
3  0.5333333 0.5333333 0.5333333 0.5333333 0.4666667 0.5333333 0.5333333 0.5333333 0.5333333 0.5000000
4  0.3870968 0.3870968 0.3870968 0.3870968 0.3548387 0.3548387 0.3548387 0.3548387 0.3548387 0.3548387
5  0.4137931 0.4137931 0.4137931 0.4137931 0.4137931 0.4137931 0.4137931 0.3793103 0.3793103 0.3793103
6  0.4705882 0.4705882 0.4705882 0.4705882 0.4705882 0.4705882 0.4705882 0.4705882 0.5000000 0.5000000
7  0.4400000 0.4400000 0.4400000 0.4000000 0.4000000 0.4000000 0.3600000 0.3600000 0.3200000 0.3200000
8  0.5000000 0.5000000 0.4411765 0.4411765 0.4411765 0.4411765 0.4117647 0.4411765 0.4411765 0.4411765
9  0.5357143 0.5000000 0.5000000 0.5000000 0.5000000 0.5000000 0.4642857 0.5000000 0.4642857 0.4642857
10 0.5555556 0.5555556 0.5555556 0.5185185 0.4814815 0.4814815 0.4814815 0.4814815 0.4814815 0.4814815

$SVM$`Mean Recalls`
        1         2         3         4         5         6         7         8         9        10 
0.0000000 0.2667379 0.3524990 0.4090099 0.4044562 0.4276142 0.4610127 0.4899415 0.5103877 0.5590097 
       11        12        13        14        15        16        17        18        19        20 
0.5614509 0.5910923 0.6116352 0.6478971 0.6524813 0.6600062 0.6692328 0.6837337 0.6736114 0.6636039 
       21        22        23        24        25        26        27        28        29        30 
0.6713770 0.6743648 0.6776808 0.6752314 0.6821609 0.6866680 0.6728666 0.6696408 0.6659371 0.6607316 
       31        32        33        34        35        36        37        38        39        40 
0.6502306 0.6334926 0.6307622 0.5998696 0.5359808 0.5257506 0.4930889 0.4855175 0.4755566 0.4677605 
       41        42        43        44        45        46        47        48        49        50 
0.4648193 0.4569001 0.4510177 0.4433140 0.4297178 0.4363845 0.4215241 0.4245884 0.4199581 0.4166248 

$SVM$`St Dev Recalls`
         1          2          3          4          5          6          7          8          9 
0.00000000 0.07872646 0.09461863 0.10794808 0.12458598 0.10453170 0.10691240 0.11673348 0.12007013 
        10         11         12         13         14         15         16         17         18 
0.14879145 0.15466939 0.13737847 0.14240804 0.10400384 0.09497994 0.08450178 0.08832148 0.08439633 
        19         20         21         22         23         24         25         26         27 
0.08141603 0.08360375 0.07749531 0.07516436 0.07155619 0.06901340 0.06559417 0.06879343 0.06886458 
        28         29         30         31         32         33         34         35         36 
0.07421236 0.07112991 0.06418151 0.06905636 0.07550660 0.06930486 0.07698492 0.06722741 0.07306322 
        37         38         39         40         41         42         43         44         45 
0.06231295 0.06027696 0.05926496 0.06935445 0.06845311 0.07440175 0.07292628 0.06942648 0.06186201 
        46         47         48         49         50 
0.06941716 0.07913255 0.08340454 0.08731770 0.08304021 

$SVM$`Micro Ave Recalls`
        1         2         3         4         5         6         7         8         9        10 
      NaN 0.2733564 0.3564014 0.4152249 0.4152249 0.4359862 0.4671280 0.4948097 0.5155709 0.5640138 
       11        12        13        14        15        16        17        18        19        20 
0.5674740 0.5986159 0.6193772 0.6539792 0.6574394 0.6643599 0.6747405 0.6885813 0.6782007 0.6678201 
       21        22        23        24        25        26        27        28        29        30 
0.6747405 0.6782007 0.6816609 0.6782007 0.6851211 0.6885813 0.6747405 0.6712803 0.6678201 0.6608997 
       31        32        33        34        35        36        37        38        39        40 
0.6505190 0.6332180 0.6297578 0.5986159 0.5363322 0.5259516 0.4948097 0.4878893 0.4775087 0.4705882 
       41        42        43        44        45        46        47        48        49        50 
0.4671280 0.4602076 0.4532872 0.4463668 0.4325260 0.4394464 0.4256055 0.4290657 0.4256055 0.4221453 

$SVM$`F1 Measure`
   1         2         3         4         5         6         7         8         9        10
1  0 0.1818182 0.4000000 0.3333333 0.3243243 0.3783784 0.3888889 0.4210526 0.4324324 0.5000000
2  0 0.2941176 0.3529412 0.3428571 0.3333333 0.4210526 0.4210526 0.4615385 0.4761905 0.4878049
3  0 0.5000000 0.6521739 0.6666667 0.6250000 0.6530612 0.6415094 0.6666667 0.6909091 0.8000000
4  0 0.4651163 0.4444444 0.5000000 0.4897959 0.4897959 0.5769231 0.5490196 0.5490196 0.6181818
5  0 0.3684211 0.5909091 0.6382979 0.5957447 0.6086957 0.5909091 0.5833333 0.6274510 0.7169811
6  0 0.5000000 0.5600000 0.6274510 0.6296296 0.5925926 0.6037736 0.6037736 0.6037736 0.6037736
7  0 0.3333333 0.4848485 0.5365854 0.4444444 0.4864865 0.6666667 0.7272727 0.7441860 0.7555556
8  0 0.4255319 0.5000000 0.5964912 0.7118644 0.7118644 0.7241379 0.7540984 0.7384615 0.7812500
9  0 0.4186047 0.5106383 0.5000000 0.4705882 0.4814815 0.4705882 0.5000000 0.5000000 0.4642857
10 0 0.4000000 0.3529412 0.5000000 0.4615385 0.4878049 0.5454545 0.5581395 0.5909091 0.5853659
          11        12        13        14        15        16        17        18        19        20
1  0.4615385 0.4761905 0.4761905 0.5116279 0.5777778 0.5909091 0.5714286 0.5714286 0.5714286 0.6000000
2  0.5000000 0.5777778 0.5652174 0.6122449 0.5833333 0.6274510 0.6274510 0.6538462 0.6538462 0.6538462
3  0.7666667 0.8000000 0.7868852 0.7666667 0.7666667 0.7333333 0.7333333 0.7333333 0.7457627 0.7241379
4  0.6545455 0.6666667 0.6909091 0.6909091 0.6428571 0.6296296 0.6545455 0.6785714 0.6666667 0.6296296
5  0.7368421 0.7142857 0.7368421 0.7368421 0.7586207 0.7586207 0.7586207 0.7586207 0.7017544 0.6666667
6  0.5818182 0.6315789 0.6315789 0.6779661 0.6984127 0.7187500 0.7384615 0.7500000 0.7575758 0.7575758
7  0.7555556 0.7441860 0.7272727 0.7272727 0.7272727 0.7555556 0.7391304 0.7659574 0.7659574 0.7659574
8  0.7692308 0.8059701 0.8235294 0.8235294 0.8059701 0.7941176 0.7941176 0.8059701 0.7878788 0.7878788
9  0.4814815 0.4905660 0.6101695 0.6101695 0.6101695 0.6101695 0.6000000 0.6101695 0.6206897 0.6206897
10 0.5853659 0.6190476 0.5853659 0.7659574 0.7234043 0.7234043 0.7755102 0.8163265 0.8163265 0.8163265
          21        22        23        24        25        26        27        28        29        30
1  0.6000000 0.5853659 0.6000000 0.6190476 0.5777778 0.5909091 0.5909091 0.5909091 0.5909091 0.5909091
2  0.7169811 0.7058824 0.7307692 0.7058824 0.7200000 0.7200000 0.6938776 0.6938776 0.7083333 0.7346939
3  0.7241379 0.7586207 0.7719298 0.7586207 0.7719298 0.7586207 0.7241379 0.7241379 0.7241379 0.7586207
4  0.6296296 0.6545455 0.6545455 0.6296296 0.6428571 0.6545455 0.6545455 0.6415094 0.6415094 0.6792453
5  0.6785714 0.6785714 0.7272727 0.7272727 0.7272727 0.7500000 0.6909091 0.6909091 0.6909091 0.6909091
6  0.7575758 0.7575758 0.7692308 0.7692308 0.7692308 0.7500000 0.7619048 0.7619048 0.7741935 0.7118644
7  0.7659574 0.7826087 0.7826087 0.7826087 0.7500000 0.7755102 0.7755102 0.7916667 0.7916667 0.7916667
8  0.7575758 0.7812500 0.7936508 0.7936508 0.7936508 0.7812500 0.7812500 0.7812500 0.7812500 0.7619048
9  0.6440678 0.6440678 0.6440678 0.6551724 0.6551724 0.6551724 0.6666667 0.6333333 0.6551724 0.6206897
10 0.8000000 0.7843137 0.7755102 0.8085106 0.8333333 0.8333333 0.8333333 0.8510638 0.8260870 0.8260870
          31        32        33        34        35        36        37        38        39        40
1  0.6046512 0.6190476 0.6190476 0.6153846 0.5789474 0.5263158 0.5142857 0.5294118 0.5294118 0.4848485
2  0.7346939 0.7346939 0.7346939 0.7346939 0.6521739 0.6363636 0.6363636 0.6363636 0.6046512 0.6046512
3  0.7586207 0.7586207 0.7719298 0.7169811 0.6800000 0.6800000 0.6530612 0.6530612 0.6530612 0.6530612
4  0.6538462 0.6666667 0.6800000 0.6382979 0.5454545 0.5454545 0.5454545 0.5454545 0.5454545 0.5454545
5  0.6909091 0.6666667 0.6909091 0.6792453 0.6274510 0.6400000 0.5833333 0.5833333 0.5531915 0.5217391
6  0.7118644 0.6909091 0.6666667 0.6415094 0.6415094 0.6415094 0.6538462 0.6538462 0.6538462 0.6538462
7  0.7755102 0.7916667 0.7659574 0.7826087 0.7000000 0.7000000 0.6315789 0.5945946 0.5945946 0.5945946
8  0.7619048 0.7619048 0.7419355 0.7419355 0.7000000 0.6666667 0.6428571 0.6428571 0.6181818 0.6181818
9  0.6071429 0.6071429 0.6071429 0.6071429 0.6181818 0.6428571 0.6274510 0.6000000 0.6000000 0.6000000
10 0.8000000 0.7441860 0.7727273 0.7441860 0.7142857 0.7142857 0.7142857 0.7142857 0.7142857 0.7142857
          41        42        43        44        45        46        47        48        49        50
1  0.4848485 0.4375000 0.4375000 0.4375000 0.4375000 0.4375000 0.3870968 0.3870968 0.3870968 0.3870968
2  0.6046512 0.6046512 0.6046512 0.6046512 0.6046512 0.6046512 0.6046512 0.6046512 0.6046512 0.6046512
3  0.6530612 0.6530612 0.6530612 0.6530612 0.5957447 0.6530612 0.6530612 0.6666667 0.6666667 0.6382979
4  0.5454545 0.5454545 0.5454545 0.5454545 0.5116279 0.5116279 0.5116279 0.5116279 0.5116279 0.5116279
5  0.5217391 0.5333333 0.5333333 0.5333333 0.5333333 0.5333333 0.5333333 0.5000000 0.5000000 0.5000000
6  0.6274510 0.6274510 0.6274510 0.6274510 0.6274510 0.6274510 0.6274510 0.6274510 0.6538462 0.6538462
7  0.5945946 0.5945946 0.5945946 0.5555556 0.5555556 0.5555556 0.5142857 0.5142857 0.4705882 0.4705882
8  0.6181818 0.6181818 0.5660377 0.5660377 0.5660377 0.5660377 0.5384615 0.5660377 0.5660377 0.5660377
9  0.6000000 0.5714286 0.5714286 0.5714286 0.5714286 0.5714286 0.5416667 0.5714286 0.5416667 0.5416667
10 0.7142857 0.7142857 0.7142857 0.6829268 0.6500000 0.6500000 0.6500000 0.6500000 0.6500000 0.6500000

$SVM$`Mean F1 Measure`
        1         2         3         4         5         6         7         8         9        10 
0.0000000 0.3886943 0.4848897 0.5241683 0.5086263 0.5311214 0.5629904 0.5824895 0.5953333 0.6313199 
       11        12        13        14        15        16        17        18        19        20 
0.6293045 0.6526269 0.6633961 0.6923186 0.6894485 0.6941941 0.6992599 0.7144224 0.7087887 0.7022709 
       21        22        23        24        25        26        27        28        29        30 
0.7074497 0.7132802 0.7249585 0.7249626 0.7241225 0.7269341 0.7173044 0.7160562 0.7184168 0.7166590 
       31        32        33        34        35        36        37        38        39        40 
0.7099143 0.7041505 0.7051010 0.6901985 0.6458004 0.6393453 0.6202517 0.6153208 0.6066678 0.5990663 
       41        42        43        44        45        46        47        48        49        50 
0.5964268 0.5899942 0.5847798 0.5777400 0.5653330 0.5710646 0.5561635 0.5599246 0.5552181 0.5523813 

$SVM$`St Dev F1 Measure`
         1          2          3          4          5          6          7          8          9 
0.00000000 0.09900393 0.09967720 0.11567555 0.12906195 0.10584050 0.10792112 0.10911767 0.10794290 
        10         11         12         13         14         15         16         17         18 
0.12582591 0.12359917 0.11651490 0.10839377 0.09272906 0.08108668 0.07244920 0.07886170 0.08250849 
        19         20         21         22         23         24         25         26         27 
0.07909686 0.07741259 0.06652980 0.07019939 0.06824713 0.06965022 0.07785528 0.07275492 0.07203373 
        28         29         30         31         32         33         34         35         36 
0.08134153 0.07533728 0.07366805 0.06932896 0.06336470 0.06172077 0.06192091 0.05520888 0.06083840 
        37         38         39         40         41         42         43         44         45 
0.05791234 0.05563053 0.05662930 0.06791226 0.06603355 0.07502057 0.07465494 0.06934890 0.06135568 
        46         47         48         49         50 
0.06693573 0.08096150 0.08440203 0.09083095 0.08733928 

$SVM$`Micro Ave F1 Measure`
        1         2         3         4         5         6         7         8         9        10 
      NaN 0.4000000 0.4951923 0.5369128 0.5263158 0.5431034 0.5732484 0.5921325 0.6044625 0.6417323 
       11        12        13        14        15        16        17        18        19        20 
0.6418787 0.6628352 0.6754717 0.6987061 0.6946984 0.6981818 0.7039711 0.7184116 0.7127273 0.7056673 
       21        22        23        24        25        26        27        28        29        30 
0.7103825 0.7166362 0.7282810 0.7272727 0.7266055 0.7289377 0.7195572 0.7171904 0.7201493 0.7166979 
       31        32        33        34        35        36        37        38        39        40 
0.7107750 0.7052023 0.7054264 0.6906188 0.6471816 0.6413502 0.6230937 0.6184211 0.6092715 0.6031042 
       41        42        43        44        45        46        47        48        49        50 
0.6000000 0.5950783 0.5887640 0.5823928 0.5694761 0.5759637 0.5629291 0.5675057 0.5642202 0.5609195 

