> chisq_8
$`NAIVE BAYES`
$`NAIVE BAYES`$`Accuracy per Fold`
   1         2         3         4         5         6         7         8         9        10
1  0 0.9885877 0.9857347 0.9843081 0.9871612 0.9871612 0.9871612 0.9843081 0.9843081 0.9800285
2  0 0.9830508 0.9759887 0.9759887 0.9759887 0.9816384 0.9816384 0.9816384 0.9830508 0.9816384
3  0 0.9745403 0.9745403 0.9816124 0.9844413 0.9830269 0.9858557 0.9830269 0.9773692 0.9801980
4  0 0.9759887 0.9774011 0.9830508 0.9872881 0.9844633 0.9858757 0.9858757 0.9858757 0.9816384
5  0 0.9774011 0.9774011 0.9802260 0.9830508 0.9830508 0.9816384 0.9788136 0.9774011 0.9774011
6  0 0.9759547 0.9702970 0.9702970 0.9702970 0.9702970 0.9717115 0.9702970 0.9660537 0.9646393
7  0 0.9802260 0.9788136 0.9816384 0.9830508 0.9844633 0.9830508 0.9816384 0.9816384 0.9774011
8  0 0.9745403 0.9717115 0.9731259 0.9787836 0.9787836 0.9773692 0.9759547 0.9759547 0.9702970
9  0 0.9788136 0.9774011 0.9816384 0.9816384 0.9816384 0.9816384 0.9745763 0.9759887 0.9788136
10 0 0.9857347 0.9800285 0.9771755 0.9800285 0.9800285 0.9800285 0.9771755 0.9800285 0.9786020
          11        12        13        14        15        16        17        18        19        20
1  0.9786020 0.9743224 0.9743224 0.9686163 0.9671897 0.9671897 0.9671897 0.9671897 0.9671897 0.9657632
2  0.9816384 0.9774011 0.9774011 0.9774011 0.9774011 0.9731638 0.9731638 0.9717514 0.9675141 0.9632768
3  0.9801980 0.9787836 0.9745403 0.9745403 0.9745403 0.9731259 0.9717115 0.9717115 0.9717115 0.9717115
4  0.9802260 0.9802260 0.9774011 0.9745763 0.9745763 0.9717514 0.9717514 0.9675141 0.9590395 0.9477401
5  0.9774011 0.9774011 0.9774011 0.9745763 0.9745763 0.9745763 0.9731638 0.9731638 0.9731638 0.9717514
6  0.9646393 0.9618105 0.9589816 0.9589816 0.9603960 0.9561528 0.9547383 0.9547383 0.9547383 0.9547383
7  0.9731638 0.9759887 0.9759887 0.9731638 0.9675141 0.9675141 0.9661017 0.9661017 0.9675141 0.9661017
8  0.9702970 0.9688826 0.9674682 0.9674682 0.9660537 0.9646393 0.9646393 0.9589816 0.9603960 0.9589816
9  0.9802260 0.9774011 0.9774011 0.9774011 0.9774011 0.9774011 0.9774011 0.9731638 0.9745763 0.9745763
10 0.9686163 0.9700428 0.9714693 0.9714693 0.9700428 0.9657632 0.9657632 0.9629101 0.9572040 0.9572040
          21        22        23        24        25        26        27        28        29        30
1  0.9629101 0.9614836 0.9614836 0.9614836 0.9629101 0.9629101 0.9614836 0.9557775 0.9500713 0.9472183
2  0.9632768 0.9632768 0.9618644 0.9576271 0.9519774 0.9463277 0.9463277 0.9477401 0.9449153 0.9463277
3  0.9717115 0.9660537 0.9660537 0.9660537 0.9660537 0.9646393 0.9618105 0.9561528 0.9561528 0.9533239
4  0.9477401 0.9477401 0.9463277 0.9435028 0.9378531 0.9364407 0.9237288 0.9237288 0.9223164 0.9194915
5  0.9717514 0.9675141 0.9646893 0.9632768 0.9562147 0.9562147 0.9491525 0.9477401 0.9406780 0.9350282
6  0.9533239 0.9519095 0.9504950 0.9504950 0.9504950 0.9504950 0.9504950 0.9476662 0.9405941 0.9363508
7  0.9646893 0.9618644 0.9604520 0.9590395 0.9590395 0.9533898 0.9491525 0.9477401 0.9449153 0.9420904
8  0.9589816 0.9589816 0.9589816 0.9589816 0.9504950 0.9490806 0.9405941 0.9391796 0.9349364 0.9363508
9  0.9689266 0.9689266 0.9661017 0.9590395 0.9590395 0.9604520 0.9604520 0.9562147 0.9576271 0.9477401
10 0.9572040 0.9557775 0.9543509 0.9529244 0.9472183 0.9443652 0.9415121 0.9372325 0.9372325 0.9372325
          31        32        33        34        35        36        37        38        39        40
1  0.9472183 0.9472183 0.9457917 0.9457917 0.9415121 0.9372325 0.9286733 0.9286733 0.9286733 0.9158345
2  0.9463277 0.9449153 0.9406780 0.9279661 0.9293785 0.9279661 0.9237288 0.9110169 0.9110169 0.9053672
3  0.9519095 0.9519095 0.9504950 0.9490806 0.9490806 0.9462518 0.9462518 0.9349364 0.9349364 0.9335219
4  0.8983051 0.8983051 0.8940678 0.8488701 0.2500000 0.2542373 0.2401130 0.2245763 0.2288136 0.2132768
5  0.9322034 0.9307910 0.9251412 0.9237288 0.9180791 0.9067797 0.9081921 0.9081921 0.8968927 0.8841808
6  0.9363508 0.9335219 0.9335219 0.9306931 0.9321075 0.9321075 0.9306931 0.9264498 0.9264498 0.9264498
7  0.9420904 0.9392655 0.9336158 0.9336158 0.9322034 0.9293785 0.9237288 0.9166667 0.9180791 0.9180791
8  0.9349364 0.9349364 0.9292786 0.9264498 0.9278642 0.9165488 0.9108911 0.9108911 0.9038190 0.8840170
9  0.9491525 0.9477401 0.9378531 0.9364407 0.9364407 0.9378531 0.9364407 0.9364407 0.9364407 0.9350282
10 0.9343795 0.9329529 0.9329529 0.9300999 0.9186876 0.9186876 0.9144080 0.9072753 0.8987161 0.9015692
          41        42        43        44        45        46        47        48        49        50
1  0.9029957 0.9029957 0.9001427 0.8830243 0.8873039 0.8858773 0.8801712 0.8773181 0.8716120 0.8687589
2  0.8926554 0.8898305 0.8841808 0.8855932 0.8785311 0.8728814 0.8573446 0.8601695 0.8559322 0.8573446
3  0.9278642 0.9179632 0.9179632 0.9009901 0.8826025 0.8854314 0.8797737 0.8797737 0.8797737 0.8769448
4  0.2132768 0.2161017 0.2161017 0.2203390 0.2387006 0.2415254 0.2528249 0.2542373 0.2556497 0.2641243
5  0.8870056 0.8629944 0.2457627 0.2500000 0.8305085 0.8276836 0.2584746 0.2584746 0.2768362 0.2754237
6  0.9193777 0.9066478 0.9052334 0.8939180 0.8840170 0.8840170 0.8797737 0.8769448 0.8727016 0.8684583
7  0.9110169 0.8954802 0.8968927 0.8870056 0.8644068 0.8615819 0.8545198 0.8163842 0.8093220 0.7951977
8  0.8854314 0.8741160 0.8797737 0.8727016 0.8670438 0.8642150 0.8543140 0.8500707 0.8345120 0.8316832
9  0.9322034 0.9265537 0.9081921 0.9011299 0.8997175 0.8799435 0.8855932 0.8870056 0.8841808 0.8785311
10 0.8844508 0.8616262 0.8673324 0.8673324 0.8644793 0.8573466 0.8573466 0.8402282 0.8245364 0.8188302

$`NAIVE BAYES`$`Mean Accuracy`
        1         2         3         4         5         6         7         8         9        10 
0.0000000 0.9794838 0.9769318 0.9789061 0.9811729 0.9814551 0.9815968 0.9793305 0.9787669 0.9770658 
       11        12        13        14        15        16        17        18        19        20 
0.9755008 0.9742260 0.9732375 0.9718194 0.9709692 0.9691278 0.9685624 0.9667226 0.9653047 0.9631845 
       21        22        23        24        25        26        27        28        29        30 
0.9620515 0.9603528 0.9590800 0.9572424 0.9541297 0.9524315 0.9484709 0.9459172 0.9429439 0.9401154 
       31        32        33        34        35        36        37        38        39        40 
0.9372873 0.9361556 0.9323396 0.9252737 0.8635354 0.8607043 0.8563121 0.8505119 0.8483837 0.8417325 
       41        42        43        44        45        46        47        48        49        50 
0.8356278 0.8254309 0.7621575 0.7562034 0.8097311 0.8060503 0.7460136 0.7400607 0.7365057 0.7335297 

$`NAIVE BAYES`$`St Dev Accuracy`
          1           2           3           4           5           6           7           8 
0.000000000 0.004871259 0.004335420 0.004587322 0.005200291 0.004587622 0.004565351 0.004858511 
          9          10          11          12          13          14          15          16 
0.005681351 0.005439356 0.005921026 0.005679679 0.005957521 0.005586169 0.005622848 0.006177650 
         17          18          19          20          21          22          23          24 
0.006349333 0.006258040 0.007013541 0.008526685 0.007872422 0.006852345 0.006695857 0.006621700 
         25          26          27          28          29          30          31          32 
0.008270352 0.008890682 0.011657522 0.010188232 0.010443152 0.009506860 0.015341784 0.015170483 
         33          34          35          36          37          38          39          40 
0.015419420 0.028054012 0.215779450 0.213404009 0.216824380 0.220205580 0.218172511 0.221560749 
         41          42          43          44          45          46          47          48 
0.219379689 0.215207441 0.280454240 0.274910228 0.201509934 0.199146416 0.258733217 0.255826791 
         49          50 
0.249126202 0.245929495 

$`NAIVE BAYES`$`Precisions per Fold`
   1         2         3         4         5         6         7         8         9        10
1  0 0.7000000 0.6250000 0.5555556 0.6363636 0.6363636 0.6363636 0.5384615 0.5384615 0.4375000
2  0 0.7058824 0.5416667 0.5384615 0.5333333 0.6153846 0.6153846 0.6071429 0.6296296 0.6000000
3  0 0.7777778 0.8571429 0.8125000 0.8750000 0.8666667 0.9333333 0.8666667 0.6842105 0.7142857
4  0 0.7142857 0.6842105 0.7391304 0.7916667 0.8000000 0.7826087 0.7826087 0.7826087 0.7083333
5  0 0.8000000 0.6363636 0.6666667 0.6842105 0.6842105 0.6500000 0.5909091 0.5600000 0.5600000
6  0 0.5333333 0.3636364 0.3846154 0.4000000 0.3846154 0.4285714 0.4000000 0.3333333 0.3333333
7  0 0.6666667 0.6250000 0.6666667 0.6923077 0.7142857 0.6923077 0.6428571 0.6428571 0.5294118
8  0 0.7272727 0.6666667 0.6428571 0.7500000 0.7857143 0.7058824 0.6363636 0.6500000 0.5416667
9  0 0.7500000 0.7272727 0.7500000 0.7000000 0.7500000 0.7500000 0.5714286 0.5769231 0.6250000
10 0 1.0000000 0.6666667 0.5000000 0.5555556 0.5555556 0.5555556 0.5000000 0.5384615 0.5185185
          11        12        13        14        15        16        17        18        19        20
1  0.4117647 0.3500000 0.3500000 0.2916667 0.2800000 0.2800000 0.2800000 0.2800000 0.2800000 0.2692308
2  0.6000000 0.5454545 0.5454545 0.5454545 0.5454545 0.5000000 0.5000000 0.4864865 0.4444444 0.4102564
3  0.7142857 0.6818182 0.6000000 0.6000000 0.6000000 0.5769231 0.5555556 0.5555556 0.5555556 0.5555556
4  0.6666667 0.6666667 0.6206897 0.5806452 0.5806452 0.5454545 0.5428571 0.5000000 0.4347826 0.3703704
5  0.5652174 0.5652174 0.5652174 0.5200000 0.5200000 0.5200000 0.5000000 0.5000000 0.5000000 0.4827586
6  0.3333333 0.2857143 0.2608696 0.2608696 0.2916667 0.2400000 0.2666667 0.2666667 0.2666667 0.2666667
7  0.4500000 0.5000000 0.5000000 0.4500000 0.3750000 0.3750000 0.3600000 0.3600000 0.3750000 0.3600000
8  0.5416667 0.5200000 0.5000000 0.5000000 0.4800000 0.4615385 0.4615385 0.4000000 0.4137931 0.4062500
9  0.6400000 0.6086957 0.6086957 0.6086957 0.6086957 0.6086957 0.6086957 0.5384615 0.5555556 0.5555556
10 0.4117647 0.4242424 0.4375000 0.4375000 0.4193548 0.3823529 0.3823529 0.3611111 0.3250000 0.3250000
          21        22        23        24        25        26        27        28        29        30
1  0.2500000 0.2413793 0.2413793 0.2413793 0.2500000 0.2500000 0.2413793 0.2121212 0.1891892 0.1794872
2  0.4102564 0.4102564 0.4000000 0.3720930 0.3469388 0.3207547 0.3207547 0.3269231 0.3076923 0.3137255
3  0.5555556 0.4838710 0.4838710 0.4838710 0.4838710 0.4687500 0.4411765 0.4000000 0.4000000 0.3809524
4  0.3703704 0.3703704 0.3636364 0.3508772 0.3278689 0.3225806 0.2876712 0.2876712 0.2837838 0.2763158
5  0.4827586 0.4375000 0.4117647 0.4000000 0.3500000 0.3500000 0.3111111 0.3043478 0.2745098 0.2545455
6  0.2580645 0.2500000 0.2424242 0.2571429 0.2571429 0.2571429 0.2571429 0.2432432 0.2142857 0.2000000
7  0.3461538 0.3214286 0.3103448 0.3000000 0.3000000 0.2647059 0.2432432 0.2500000 0.2380952 0.2272727
8  0.4062500 0.4062500 0.4062500 0.4062500 0.3333333 0.3333333 0.2888889 0.2826087 0.2653061 0.2800000
9  0.4848485 0.4848485 0.4571429 0.4000000 0.4000000 0.4102564 0.4102564 0.3809524 0.3953488 0.3400000
10 0.3250000 0.3170732 0.3095238 0.3023256 0.2765957 0.2653061 0.2549020 0.2407407 0.2407407 0.2407407
          31        32        33        34         35         36         37         38         39
1  0.1794872 0.1794872 0.1750000 0.1750000 0.16279070 0.15217391 0.13461538 0.13461538 0.13461538
2  0.3137255 0.3076923 0.2909091 0.2500000 0.25396825 0.25000000 0.23880597 0.21794872 0.21794872
3  0.3720930 0.3777778 0.3695652 0.3617021 0.36170213 0.34693878 0.34693878 0.29824561 0.29824561
4  0.2307692 0.2307692 0.2234043 0.1666667 0.04151625 0.04174229 0.04099822 0.04020979 0.04042179
5  0.2456140 0.2413793 0.2343750 0.2307692 0.21739130 0.19480519 0.19736842 0.19736842 0.17857143
6  0.2127660 0.2040816 0.2040816 0.1960784 0.20000000 0.20000000 0.19607843 0.20689655 0.20689655
7  0.2272727 0.2173913 0.1875000 0.1875000 0.18367347 0.17647059 0.16363636 0.15000000 0.15254237
8  0.2745098 0.2745098 0.2545455 0.2456140 0.25000000 0.21875000 0.20588235 0.20588235 0.20000000
9  0.3469388 0.3400000 0.2982456 0.2931034 0.29310345 0.29824561 0.30000000 0.30000000 0.30000000
10 0.2321429 0.2280702 0.2280702 0.2203390 0.19402985 0.19402985 0.18571429 0.18181818 0.17647059
           40         41         42         43         44         45         46         47         48
1  0.11475410 0.12162162 0.12162162 0.12820513 0.11111111 0.11494253 0.11363636 0.10869565 0.10638298
2  0.20731707 0.18681319 0.18279570 0.17525773 0.17708333 0.16831683 0.15533981 0.14035088 0.14285714
3  0.29310345 0.28125000 0.26027397 0.26027397 0.22988506 0.20588235 0.20408163 0.19607843 0.19607843
4  0.03965517 0.03965517 0.03979239 0.03979239 0.04000000 0.04092527 0.04107143 0.04166667 0.04174229
5  0.16129032 0.16483516 0.13888889 0.02925046 0.02941176 0.11450382 0.11278195 0.02973978 0.02973978
6  0.20689655 0.19047619 0.17567568 0.17333333 0.15662651 0.14444444 0.14444444 0.13978495 0.13684211
7  0.15254237 0.16176471 0.13924051 0.14102564 0.13793103 0.11650485 0.11428571 0.10909091 0.09352518
8  0.17582418 0.17045455 0.16326531 0.16304348 0.14736842 0.14141414 0.14563107 0.12962963 0.13274336
9  0.29508197 0.28571429 0.26865672 0.22500000 0.21839080 0.21590909 0.18627451 0.19387755 0.19587629
10 0.18072289 0.15789474 0.13513514 0.14018692 0.14018692 0.13761468 0.13157895 0.13157895 0.11904762
           49         50
1  0.10204082 0.10000000
2  0.13913043 0.14035088
3  0.19607843 0.19230769
4  0.04181818 0.04227941
5  0.03047619 0.03041825
6  0.13265306 0.13592233
7  0.09027778 0.08441558
8  0.12096774 0.11904762
9  0.19191919 0.18446602
10 0.10948905 0.10638298

$`NAIVE BAYES`$`Mean Precisions`
        1         2         3         4         5         6         7         8         9        10 
0.0000000 0.7375219 0.6393626 0.6256453 0.6618437 0.6792796 0.6750007 0.6136438 0.5936485 0.5568049 
       11        12        13        14        15        16        17        18        19        20 
0.5334699 0.5147809 0.4988427 0.4794832 0.4700817 0.4489965 0.4457666 0.4248281 0.4150798 0.4001644 
       21        22        23        24        25        26        27        28        29        30 
0.3889258 0.3722977 0.3626337 0.3513939 0.3325751 0.3242830 0.3056526 0.2928608 0.2808952 0.2693040 
       31        32        33        34        35        36        37        38        39        40 
0.2635319 0.2601159 0.2465696 0.2326773 0.2158175 0.2073156 0.2010038 0.1932985 0.1905712 0.1827188 
       41        42        43        44        45        46        47        48        49        50 
0.1760480 0.1625346 0.1475369 0.1387995 0.1400458 0.1349126 0.1220493 0.1194835 0.1154851 0.1135591 

$`NAIVE BAYES`$`St Dev Precisions`
         1          2          3          4          5          6          7          8          9 
0.00000000 0.11754047 0.12677618 0.13051826 0.13742425 0.13957307 0.13575296 0.13353798 0.11835268 
        10         11         12         13         14         15         16         17         18 
0.11590526 0.12646120 0.12967593 0.11845129 0.12182295 0.12300175 0.12522404 0.11789350 0.10539597 
        19         20         21         22         23         24         25         26         27 
0.10430949 0.10454628 0.09956107 0.08800172 0.08436144 0.07582780 0.07045307 0.07154969 0.06922243 
        28         29         30         31         32         33         34         35         36 
0.06164188 0.07038532 0.06260150 0.06210857 0.06359763 0.05894645 0.05961597 0.08487425 0.08266981 
        37         38         39         40         41         42         43         44         45 
0.08447672 0.07619637 0.07611271 0.07638180 0.07123827 0.06665884 0.07184492 0.06581504 0.05008625 
        46         47         48         49         50 
0.04500692 0.05453444 0.05544707 0.05449444 0.05328649 

$`NAIVE BAYES`$`Micro Ave Precisions`
         1          2          3          4          5          6          7          8          9 
       NaN 0.71296296 0.62280702 0.63461538 0.65934066 0.68072289 0.67630058 0.61658031 0.59715640 
        10         11         12         13         14         15         16         17         18 
0.56331878 0.53719008 0.51836735 0.50400000 0.48461538 0.47368421 0.45126354 0.44599303 0.42763158 
        19         20         21         22         23         24         25         26         27 
0.41346154 0.39513678 0.38643068 0.37321937 0.36388889 0.35200000 0.33249370 0.32360097 0.30385488 
        28         29         30         31         32         33         34         35         36 
0.29373650 0.28099174 0.27075099 0.26136364 0.25836431 0.24601770 0.22601626 0.13352273 0.13104089 
        37         38         39         40         41         42         43         44         45 
0.12804328 0.12607945 0.12574342 0.12153344 0.11981206 0.11512915 0.08698061 0.08589951 0.10801630 
        46         47         48         49         50 
0.10561497 0.08224883 0.08134215 0.08032129 0.07990074 

$`NAIVE BAYES`$`Recalls per Fold`
   1         2         3         4         5         6         7         8         9        10
1  0 0.5833333 0.4166667 0.4166667 0.5833333 0.5833333 0.5833333 0.5833333 0.5833333 0.5833333
2  0 0.6315789 0.6842105 0.7368421 0.8421053 0.8421053 0.8421053 0.8947368 0.8947368 0.9473684
3  0 0.3043478 0.2608696 0.5652174 0.6086957 0.5652174 0.6086957 0.5652174 0.5652174 0.6521739
4  0 0.4347826 0.5652174 0.7391304 0.8260870 0.6956522 0.7826087 0.7826087 0.7826087 0.7391304
5  0 0.2105263 0.3684211 0.5263158 0.6842105 0.6842105 0.6842105 0.6842105 0.7368421 0.7368421
6  0 0.4444444 0.2222222 0.2777778 0.3333333 0.2777778 0.3333333 0.3333333 0.3333333 0.3888889
7  0 0.3529412 0.2941176 0.4705882 0.5294118 0.5882353 0.5294118 0.5294118 0.5294118 0.5294118
8  0 0.3478261 0.2608696 0.3913043 0.5217391 0.4782609 0.5217391 0.6086957 0.5652174 0.5652174
9  0 0.4285714 0.3809524 0.5714286 0.6666667 0.5714286 0.5714286 0.5714286 0.7142857 0.7142857
10 0 0.3750000 0.2500000 0.3750000 0.6250000 0.6250000 0.6250000 0.6250000 0.8750000 0.8750000
          11        12        13        14        15        16        17        18        19        20
1  0.5833333 0.5833333 0.5833333 0.5833333 0.5833333 0.5833333 0.5833333 0.5833333 0.5833333 0.5833333
2  0.9473684 0.9473684 0.9473684 0.9473684 0.9473684 0.9473684 0.9473684 0.9473684 0.8421053 0.8421053
3  0.6521739 0.6521739 0.6521739 0.6521739 0.6521739 0.6521739 0.6521739 0.6521739 0.6521739 0.6521739
4  0.7826087 0.7826087 0.7826087 0.7826087 0.7826087 0.7826087 0.8260870 0.8695652 0.8695652 0.8695652
5  0.6842105 0.6842105 0.6842105 0.6842105 0.6842105 0.6842105 0.6842105 0.7368421 0.7368421 0.7368421
6  0.3888889 0.3333333 0.3333333 0.3333333 0.3888889 0.3333333 0.4444444 0.4444444 0.4444444 0.4444444
7  0.5294118 0.5294118 0.5294118 0.5294118 0.5294118 0.5294118 0.5294118 0.5294118 0.5294118 0.5294118
8  0.5652174 0.5652174 0.5217391 0.5217391 0.5217391 0.5217391 0.5217391 0.5217391 0.5217391 0.5652174
9  0.7619048 0.6666667 0.6666667 0.6666667 0.6666667 0.6666667 0.6666667 0.6666667 0.7142857 0.7142857
10 0.8750000 0.8750000 0.8750000 0.8750000 0.8125000 0.8125000 0.8125000 0.8125000 0.8125000 0.8125000
          21        22        23        24        25        26        27        28        29        30
1  0.5833333 0.5833333 0.5833333 0.5833333 0.5833333 0.5833333 0.5833333 0.5833333 0.5833333 0.5833333
2  0.8421053 0.8421053 0.8421053 0.8421053 0.8947368 0.8947368 0.8947368 0.8947368 0.8421053 0.8421053
3  0.6521739 0.6521739 0.6521739 0.6521739 0.6521739 0.6521739 0.6521739 0.6956522 0.6956522 0.6956522
4  0.8695652 0.8695652 0.8695652 0.8695652 0.8695652 0.8695652 0.9130435 0.9130435 0.9130435 0.9130435
5  0.7368421 0.7368421 0.7368421 0.7368421 0.7368421 0.7368421 0.7368421 0.7368421 0.7368421 0.7368421
6  0.4444444 0.4444444 0.4444444 0.5000000 0.5000000 0.5000000 0.5000000 0.5000000 0.5000000 0.5000000
7  0.5294118 0.5294118 0.5294118 0.5294118 0.5294118 0.5294118 0.5294118 0.5882353 0.5882353 0.5882353
8  0.5652174 0.5652174 0.5652174 0.5652174 0.5217391 0.5652174 0.5652174 0.5652174 0.5652174 0.6086957
9  0.7619048 0.7619048 0.7619048 0.7619048 0.7619048 0.7619048 0.7619048 0.7619048 0.8095238 0.8095238
10 0.8125000 0.8125000 0.8125000 0.8125000 0.8125000 0.8125000 0.8125000 0.8125000 0.8125000 0.8125000
          31        32        33        34        35        36        37        38        39        40
1  0.5833333 0.5833333 0.5833333 0.5833333 0.5833333 0.5833333 0.5833333 0.5833333 0.5833333 0.5833333
2  0.8421053 0.8421053 0.8421053 0.8421053 0.8421053 0.8421053 0.8421053 0.8947368 0.8947368 0.8947368
3  0.6956522 0.7391304 0.7391304 0.7391304 0.7391304 0.7391304 0.7391304 0.7391304 0.7391304 0.7391304
4  0.9130435 0.9130435 0.9130435 0.9130435 1.0000000 1.0000000 1.0000000 1.0000000 1.0000000 1.0000000
5  0.7368421 0.7368421 0.7894737 0.7894737 0.7894737 0.7894737 0.7894737 0.7894737 0.7894737 0.7894737
6  0.5555556 0.5555556 0.5555556 0.5555556 0.5555556 0.5555556 0.5555556 0.6666667 0.6666667 0.6666667
7  0.5882353 0.5882353 0.5294118 0.5294118 0.5294118 0.5294118 0.5294118 0.5294118 0.5294118 0.5294118
8  0.6086957 0.6086957 0.6086957 0.6086957 0.6086957 0.6086957 0.6086957 0.6086957 0.6521739 0.6956522
9  0.8095238 0.8095238 0.8095238 0.8095238 0.8095238 0.8095238 0.8571429 0.8571429 0.8571429 0.8571429
10 0.8125000 0.8125000 0.8125000 0.8125000 0.8125000 0.8125000 0.8125000 0.8750000 0.9375000 0.9375000
          41        42        43        44        45        46        47        48        49        50
1  0.7500000 0.7500000 0.8333333 0.8333333 0.8333333 0.8333333 0.8333333 0.8333333 0.8333333 0.8333333
2  0.8947368 0.8947368 0.8947368 0.8947368 0.8947368 0.8421053 0.8421053 0.8421053 0.8421053 0.8421053
3  0.7826087 0.8260870 0.8260870 0.8695652 0.9130435 0.8695652 0.8695652 0.8695652 0.8695652 0.8695652
4  1.0000000 1.0000000 1.0000000 1.0000000 1.0000000 1.0000000 1.0000000 1.0000000 1.0000000 1.0000000
5  0.7894737 0.7894737 0.8421053 0.8421053 0.7894737 0.7894737 0.8421053 0.8421053 0.8421053 0.8421053
6  0.6666667 0.7222222 0.7222222 0.7222222 0.7222222 0.7222222 0.7222222 0.7222222 0.7222222 0.7777778
7  0.6470588 0.6470588 0.6470588 0.7058824 0.7058824 0.7058824 0.7058824 0.7647059 0.7647059 0.7647059
8  0.6521739 0.6956522 0.6521739 0.6086957 0.6086957 0.6521739 0.6086957 0.6521739 0.6521739 0.6521739
9  0.8571429 0.8571429 0.8571429 0.9047619 0.9047619 0.9047619 0.9047619 0.9047619 0.9047619 0.9047619
10 0.9375000 0.9375000 0.9375000 0.9375000 0.9375000 0.9375000 0.9375000 0.9375000 0.9375000 0.9375000

$`NAIVE BAYES`$`Mean Recalls`
        1         2         3         4         5         6         7         8         9        10 
0.0000000 0.4113352 0.3703547 0.5070271 0.6220583 0.5911221 0.6081866 0.6177976 0.6579987 0.6731652 
       11        12        13        14        15        16        17        18        19        20 
0.6770118 0.6619324 0.6575846 0.6575846 0.6568901 0.6513346 0.6667935 0.6764045 0.6706401 0.6749879 
       21        22        23        24        25        26        27        28        29        30 
0.6797498 0.6797498 0.6797498 0.6853054 0.6862207 0.6905685 0.6949164 0.7051465 0.7046453 0.7089931 
       31        32        33        34        35        36        37        38        39        40 
0.7145487 0.7188965 0.7182773 0.7182773 0.7269729 0.7269729 0.7317349 0.7543591 0.7649569 0.7693048 
       41        42        43        44        45        46        47        48        49        50 
0.7977361 0.8119874 0.8212360 0.8318803 0.8309649 0.8257018 0.8266171 0.8368473 0.8368473 0.8424029 

$`NAIVE BAYES`$`St Dev Recalls`
         1          2          3          4          5          6          7          8          9 
0.00000000 0.12497457 0.15090555 0.15182723 0.14892109 0.14749104 0.14235924 0.15027307 0.17409465 
        10         11         12         13         14         15         16         17         18 
0.16588582 0.16911289 0.17736307 0.18050246 0.18050246 0.16228002 0.17306676 0.15711404 0.16383769 
        19         20         21         22         23         24         25         26         27 
0.14780929 0.14351991 0.14574146 0.14574146 0.14574146 0.13654380 0.14884654 0.14406642 0.15057758 
        28         29         30         31         32         33         34         35         36 
0.14344128 0.13970700 0.13549890 0.12684019 0.12686565 0.13676477 0.13676477 0.15239535 0.15239535 
        37         38         39         40         41         42         43         44         45 
0.15596363 0.15469969 0.15722424 0.15433342 0.12339186 0.11221500 0.11618681 0.11922015 0.12237180 
        46         47         48         49         50 
0.10947838 0.11728294 0.10271201 0.10271201 0.09717652 

$`NAIVE BAYES`$`Micro Ave Recalls`
        1         2         3         4         5         6         7         8         9        10 
      NaN 0.4031414 0.3717277 0.5183246 0.6282723 0.5916230 0.6125654 0.6230366 0.6596859 0.6753927 
       11        12        13        14        15        16        17        18        19        20 
0.6806283 0.6649215 0.6596859 0.6596859 0.6596859 0.6544503 0.6701571 0.6806283 0.6753927 0.6806283 
       21        22        23        24        25        26        27        28        29        30 
0.6858639 0.6858639 0.6858639 0.6910995 0.6910995 0.6963351 0.7015707 0.7120419 0.7120419 0.7172775 
       31        32        33        34        35        36        37        38        39        40 
0.7225131 0.7277487 0.7277487 0.7277487 0.7382199 0.7382199 0.7434555 0.7643979 0.7748691 0.7801047 
       41        42        43        44        45        46        47        48        49        50 
0.8010471 0.8167539 0.8219895 0.8324607 0.8324607 0.8272251 0.8272251 0.8376963 0.8376963 0.8429319 

$`NAIVE BAYES`$`F1 Measure`
   1         2         3         4         5         6         7         8         9        10
1  0 0.6363636 0.5000000 0.4761905 0.6086957 0.6086957 0.6086957 0.5600000 0.5600000 0.5000000
2  0 0.6666667 0.6046512 0.6222222 0.6530612 0.7111111 0.7111111 0.7234043 0.7391304 0.7346939
3  0 0.4375000 0.4000000 0.6666667 0.7179487 0.6842105 0.7368421 0.6842105 0.6190476 0.6818182
4  0 0.5405405 0.6190476 0.7391304 0.8085106 0.7441860 0.7826087 0.7826087 0.7826087 0.7234043
5  0 0.3333333 0.4666667 0.5882353 0.6842105 0.6842105 0.6666667 0.6341463 0.6363636 0.6363636
6  0 0.4848485 0.2758621 0.3225806 0.3636364 0.3225806 0.3750000 0.3636364 0.3333333 0.3589744
7  0 0.4615385 0.4000000 0.5517241 0.6000000 0.6451613 0.6000000 0.5806452 0.5806452 0.5294118
8  0 0.4705882 0.3750000 0.4864865 0.6153846 0.5945946 0.6000000 0.6222222 0.6046512 0.5531915
9  0 0.5454545 0.5000000 0.6486486 0.6829268 0.6486486 0.6486486 0.5714286 0.6382979 0.6666667
10 0 0.5454545 0.3636364 0.4285714 0.5882353 0.5882353 0.5882353 0.5555556 0.6666667 0.6511628
          11        12        13        14        15        16        17        18        19        20
1  0.4827586 0.4375000 0.4375000 0.3888889 0.3783784 0.3783784 0.3783784 0.3783784 0.3783784 0.3684211
2  0.7346939 0.6923077 0.6923077 0.6923077 0.6923077 0.6545455 0.6545455 0.6428571 0.5818182 0.5517241
3  0.6818182 0.6666667 0.6250000 0.6250000 0.6250000 0.6122449 0.6000000 0.6000000 0.6000000 0.6000000
4  0.7200000 0.7200000 0.6923077 0.6666667 0.6666667 0.6428571 0.6551724 0.6349206 0.5797101 0.5194805
5  0.6190476 0.6190476 0.6190476 0.5909091 0.5909091 0.5909091 0.5777778 0.5957447 0.5957447 0.5833333
6  0.3589744 0.3076923 0.2926829 0.2926829 0.3333333 0.2790698 0.3333333 0.3333333 0.3333333 0.3333333
7  0.4864865 0.5142857 0.5142857 0.4864865 0.4390244 0.4390244 0.4285714 0.4285714 0.4390244 0.4285714
8  0.5531915 0.5416667 0.5106383 0.5106383 0.5000000 0.4897959 0.4897959 0.4528302 0.4615385 0.4727273
9  0.6956522 0.6363636 0.6363636 0.6363636 0.6363636 0.6363636 0.6363636 0.5957447 0.6250000 0.6250000
10 0.5600000 0.5714286 0.5833333 0.5833333 0.5531915 0.5200000 0.5200000 0.5000000 0.4642857 0.4642857
          21        22        23        24        25        26        27        28        29        30
1  0.3500000 0.3414634 0.3414634 0.3414634 0.3500000 0.3500000 0.3414634 0.3111111 0.2857143 0.2745098
2  0.5517241 0.5517241 0.5423729 0.5161290 0.5000000 0.4722222 0.4722222 0.4788732 0.4507042 0.4571429
3  0.6000000 0.5555556 0.5555556 0.5555556 0.5555556 0.5454545 0.5263158 0.5079365 0.5079365 0.4923077
4  0.5194805 0.5194805 0.5128205 0.5000000 0.4761905 0.4705882 0.4375000 0.4375000 0.4329897 0.4242424
5  0.5833333 0.5490196 0.5283019 0.5185185 0.4745763 0.4745763 0.4375000 0.4307692 0.4000000 0.3783784
6  0.3265306 0.3200000 0.3137255 0.3396226 0.3396226 0.3396226 0.3396226 0.3272727 0.3000000 0.2857143
7  0.4186047 0.4000000 0.3913043 0.3829787 0.3829787 0.3529412 0.3333333 0.3508772 0.3389831 0.3278689
8  0.4727273 0.4727273 0.4727273 0.4727273 0.4067797 0.4193548 0.3823529 0.3768116 0.3611111 0.3835616
9  0.5925926 0.5925926 0.5714286 0.5245902 0.5245902 0.5333333 0.5333333 0.5079365 0.5312500 0.4788732
10 0.4642857 0.4561404 0.4482759 0.4406780 0.4126984 0.4000000 0.3880597 0.3714286 0.3714286 0.3714286
          31        32        33        34        35         36         37         38        39
1  0.2745098 0.2745098 0.2692308 0.2692308 0.2545455 0.24137931 0.21875000 0.21875000 0.2187500
2  0.4571429 0.4507042 0.4324324 0.3855422 0.3902439 0.38554217 0.37209302 0.35051546 0.3505155
3  0.4848485 0.5000000 0.4927536 0.4857143 0.4857143 0.47222222 0.47222222 0.42500000 0.4250000
4  0.3684211 0.3684211 0.3589744 0.2818792 0.0797227 0.08013937 0.07876712 0.07731092 0.0777027
5  0.3684211 0.3636364 0.3614458 0.3571429 0.3409091 0.31250000 0.31578947 0.31578947 0.2912621
6  0.3076923 0.2985075 0.2985075 0.2898551 0.2941176 0.29411765 0.28985507 0.31578947 0.3157895
7  0.3278689 0.3174603 0.2769231 0.2769231 0.2727273 0.26470588 0.25000000 0.23376623 0.2368421
8  0.3783784 0.3783784 0.3589744 0.3500000 0.3544304 0.32183908 0.30769231 0.30769231 0.3061224
9  0.4857143 0.4788732 0.4358974 0.4303797 0.4303797 0.43589744 0.44444444 0.44444444 0.4444444
10 0.3611111 0.3561644 0.3561644 0.3466667 0.3132530 0.31325301 0.30232558 0.30107527 0.2970297
           40         41        42        43         44         45         46         47         48
1  0.19178082 0.20930233 0.2093023 0.2222222 0.19607843 0.20202020 0.20000000 0.19230769 0.18867925
2  0.33663366 0.30909091 0.3035714 0.2931034 0.29565217 0.28333333 0.26229508 0.24060150 0.24427481
3  0.41975309 0.41379310 0.3958333 0.3958333 0.36363636 0.33600000 0.33057851 0.32000000 0.32000000
4  0.07628524 0.07628524 0.0765391 0.0765391 0.07692308 0.07863248 0.07890223 0.08000000 0.08013937
5  0.26785714 0.27272727 0.2362205 0.0565371 0.05683837 0.20000000 0.19736842 0.05745063 0.05745063
6  0.31578947 0.29629630 0.2826087 0.2795699 0.25742574 0.24074074 0.24074074 0.23423423 0.23008850
7  0.23684211 0.25882353 0.2291667 0.2315789 0.23076923 0.20000000 0.19672131 0.18897638 0.16666667
8  0.28070175 0.27027027 0.2644628 0.2608696 0.23728814 0.22950820 0.23809524 0.21374046 0.22058824
9  0.43902439 0.42857143 0.4090909 0.3564356 0.35185185 0.34862385 0.30894309 0.31932773 0.32203390
10 0.30303030 0.27027027 0.2362205 0.2439024 0.24390244 0.24000000 0.23076923 0.23076923 0.21126761
           49         50
1  0.18181818 0.17857143
2  0.23880597 0.24060150
3  0.32000000 0.31496063
4  0.08027923 0.08112875
5  0.05882353 0.05871560
6  0.22413793 0.23140496
7  0.16149068 0.15204678
8  0.20408163 0.20134228
9  0.31666667 0.30645161
10 0.19607843 0.19108280

$`NAIVE BAYES`$`Mean F1 Measure`
        1         2         3         4         5         6         7         8         9        10 
0.0000000 0.5122288 0.4504864 0.5530456 0.6322610 0.6231634 0.6317808 0.6077858 0.6160745 0.6035687 
       11        12        13        14        15        16        17        18        19        20 
0.5892623 0.5706959 0.5603467 0.5473277 0.5415175 0.5243189 0.5273938 0.5162380 0.5058833 0.4946877 
       21        22        23        24        25        26        27        28        29        30 
0.4879279 0.4758703 0.4677976 0.4592263 0.4422992 0.4358093 0.4191703 0.4100517 0.3980117 0.3874028 
       31        32        33        34        35        36        37        38        39        40 
0.3814108 0.3786655 0.3641304 0.3473334 0.3216043 0.3121596 0.3051939 0.2990134 0.2963458 0.2867698 
       41        42        43        44        45        46        47        48        49        50 
0.2805431 0.2643016 0.2416592 0.2310366 0.2358859 0.2284414 0.2077408 0.2041189 0.1982182 0.1956306 

$`NAIVE BAYES`$`St Dev F1 Measure`
         1          2          3          4          5          6          7          8          9 
0.00000000 0.09713168 0.10861614 0.12545360 0.11551004 0.11717207 0.11153840 0.11418970 0.12056487 
        10         11         12         13         14         15         16         17         18 
0.11718428 0.12297745 0.12643797 0.12476109 0.12798077 0.12433132 0.12721851 0.11703691 0.11264779 
        19         20         21         22         23         24         25         26         27 
0.10356761 0.09863190 0.09907993 0.09515865 0.09167897 0.07921902 0.07441400 0.07498641 0.07457835 
        28         29         30         31         32         33         34         35         36 
0.07289397 0.08273755 0.07642989 0.07287862 0.07587287 0.07257247 0.07169015 0.11112737 0.10945913 
        37         38         39         40         41         42         43         44         45 
0.11250416 0.10549835 0.10503228 0.10576331 0.09903507 0.09500472 0.10719419 0.10141956 0.07711192 
        46         47         48         49         50 
0.06948305 0.08621481 0.08721951 0.08574986 0.08427693 

$`NAIVE BAYES`$`Micro Ave F1 Measure`
        1         2         3         4         5         6         7         8         9        10 
      NaN 0.5150502 0.4655738 0.5706052 0.6434316 0.6330532 0.6428571 0.6197917 0.6268657 0.6142857 
       11        12        13        14        15        16        17        18        19        20 
0.6004619 0.5825688 0.5714286 0.5587583 0.5514223 0.5341880 0.5355649 0.5252525 0.5129225 0.5000000 
       21        22        23        24        25        26        27        28        29        30 
0.4943396 0.4833948 0.4754991 0.4664311 0.4489796 0.4418605 0.4240506 0.4159021 0.4029630 0.3931133 
       31        32        33        34        35        36        37        38        39        40 
0.3838665 0.3813443 0.3677249 0.3449132 0.2261427 0.2225730 0.2184615 0.2164566 0.2163743 0.2103035 
       41        42        43        44        45        46        47        48        49        50 
0.2084469 0.2018111 0.1573146 0.1557297 0.1912207 0.1873148 0.1496212 0.1482854 0.1465873 0.1459655 


$SVM
$SVM$`Accuracy per Fold`
   1         2         3         4         5         6         7         8         9        10
1  0 0.9885877 0.9900143 0.9900143 0.9900143 0.9900143 0.9900143 0.9871612 0.9871612 0.9857347
2  0 0.9830508 0.9759887 0.9802260 0.9788136 0.9802260 0.9816384 0.9816384 0.9830508 0.9901130
3  0 0.9787836 0.9816124 0.9844413 0.9858557 0.9858557 0.9900990 0.9900990 0.9886846 0.9886846
4  0 0.9788136 0.9844633 0.9858757 0.9887006 0.9887006 0.9887006 0.9872881 0.9872881 0.9858757
5  0 0.9802260 0.9830508 0.9872881 0.9872881 0.9858757 0.9844633 0.9858757 0.9816384 0.9844633
6  0 0.9773692 0.9787836 0.9773692 0.9787836 0.9773692 0.9787836 0.9830269 0.9801980 0.9801980
7  0 0.9774011 0.9844633 0.9872881 0.9901130 0.9929379 0.9929379 0.9887006 0.9887006 0.9887006
8  0 0.9773692 0.9773692 0.9801980 0.9816124 0.9816124 0.9816124 0.9801980 0.9801980 0.9816124
9  0 0.9802260 0.9830508 0.9858757 0.9844633 0.9844633 0.9858757 0.9858757 0.9872881 0.9872881
10 0 0.9871612 0.9843081 0.9857347 0.9814551 0.9843081 0.9828816 0.9828816 0.9828816 0.9828816
          11        12        13        14        15        16        17        18        19        20
1  0.9857347 0.9871612 0.9857347 0.9843081 0.9857347 0.9857347 0.9857347 0.9857347 0.9857347 0.9828816
2  0.9901130 0.9901130 0.9901130 0.9901130 0.9887006 0.9887006 0.9887006 0.9887006 0.9872881 0.9872881
3  0.9886846 0.9886846 0.9900990 0.9886846 0.9886846 0.9886846 0.9886846 0.9886846 0.9900990 0.9900990
4  0.9844633 0.9844633 0.9830508 0.9844633 0.9844633 0.9858757 0.9872881 0.9844633 0.9844633 0.9830508
5  0.9802260 0.9802260 0.9802260 0.9802260 0.9802260 0.9816384 0.9816384 0.9802260 0.9802260 0.9830508
6  0.9801980 0.9816124 0.9816124 0.9816124 0.9816124 0.9830269 0.9816124 0.9844413 0.9844413 0.9844413
7  0.9887006 0.9872881 0.9858757 0.9830508 0.9830508 0.9816384 0.9816384 0.9816384 0.9830508 0.9830508
8  0.9816124 0.9816124 0.9816124 0.9816124 0.9830269 0.9830269 0.9844413 0.9844413 0.9830269 0.9830269
9  0.9872881 0.9872881 0.9872881 0.9872881 0.9872881 0.9872881 0.9872881 0.9872881 0.9872881 0.9872881
10 0.9814551 0.9814551 0.9828816 0.9828816 0.9857347 0.9871612 0.9871612 0.9885877 0.9885877 0.9885877
          21        22        23        24        25        26        27        28        29        30
1  0.9828816 0.9828816 0.9828816 0.9828816 0.9814551 0.9800285 0.9786020 0.9814551 0.9828816 0.9843081
2  0.9858757 0.9872881 0.9872881 0.9872881 0.9858757 0.9844633 0.9844633 0.9830508 0.9830508 0.9830508
3  0.9900990 0.9886846 0.9872702 0.9872702 0.9872702 0.9858557 0.9759547 0.9773692 0.9773692 0.9773692
4  0.9830508 0.9830508 0.9830508 0.9830508 0.9830508 0.9830508 0.9830508 0.9830508 0.9830508 0.9830508
5  0.9830508 0.9844633 0.9830508 0.9844633 0.9844633 0.9774011 0.9816384 0.9816384 0.9802260 0.9802260
6  0.9844413 0.9830269 0.9830269 0.9830269 0.9801980 0.9830269 0.9816124 0.9830269 0.9816124 0.9801980
7  0.9830508 0.9830508 0.9844633 0.9844633 0.9844633 0.9802260 0.9816384 0.9844633 0.9844633 0.9844633
8  0.9844413 0.9816124 0.9816124 0.9816124 0.9816124 0.9759547 0.9759547 0.9759547 0.9759547 0.9759547
9  0.9872881 0.9858757 0.9844633 0.9858757 0.9872881 0.9816384 0.9802260 0.9802260 0.9802260 0.9802260
10 0.9857347 0.9843081 0.9843081 0.9857347 0.9871612 0.9871612 0.9871612 0.9857347 0.9843081 0.9843081
          31        32        33        34        35        36        37        38        39        40
1  0.9843081 0.9843081 0.9843081 0.9857347 0.9857347 0.9857347 0.9857347 0.9857347 0.9857347 0.9857347
2  0.9830508 0.9830508 0.9830508 0.9830508 0.9830508 0.9830508 0.9830508 0.9830508 0.9830508 0.9830508
3  0.9773692 0.9773692 0.9773692 0.9773692 0.9773692 0.9787836 0.9759547 0.9759547 0.9759547 0.9759547
4  0.9816384 0.9816384 0.9816384 0.9816384 0.9816384 0.9816384 0.9816384 0.9816384 0.9802260 0.9802260
5  0.9802260 0.9802260 0.9788136 0.9788136 0.9788136 0.9788136 0.9788136 0.9788136 0.9788136 0.9788136
6  0.9801980 0.9801980 0.9801980 0.9801980 0.9801980 0.9816124 0.9816124 0.9816124 0.9801980 0.9801980
7  0.9844633 0.9844633 0.9830508 0.9830508 0.9816384 0.9816384 0.9816384 0.9816384 0.9816384 0.9816384
8  0.9759547 0.9759547 0.9759547 0.9759547 0.9759547 0.9759547 0.9759547 0.9759547 0.9759547 0.9759547
9  0.9802260 0.9802260 0.9788136 0.9788136 0.9788136 0.9788136 0.9774011 0.9774011 0.9774011 0.9774011
10 0.9857347 0.9843081 0.9843081 0.9843081 0.9843081 0.9843081 0.9843081 0.9843081 0.9843081 0.9857347
          41        42        43        44        45        46        47        48        49        50
1  0.9857347 0.9857347 0.9857347 0.9857347 0.9857347 0.9857347 0.9857347 0.9857347 0.9843081 0.9843081
2  0.9830508 0.9830508 0.9830508 0.9844633 0.9844633 0.9844633 0.9844633 0.9844633 0.9858757 0.9858757
3  0.9759547 0.9759547 0.9759547 0.9759547 0.9759547 0.9759547 0.9759547 0.9759547 0.9759547 0.9759547
4  0.9802260 0.9802260 0.9816384 0.9830508 0.9830508 0.9830508 0.9816384 0.9830508 0.9830508 0.9830508
5  0.9788136 0.9788136 0.9788136 0.9788136 0.9788136 0.9788136 0.9788136 0.9788136 0.9774011 0.9774011
6  0.9816124 0.9830269 0.9830269 0.9830269 0.9830269 0.9830269 0.9816124 0.9816124 0.9816124 0.9830269
7  0.9816384 0.9816384 0.9816384 0.9816384 0.9816384 0.9830508 0.9844633 0.9844633 0.9844633 0.9844633
8  0.9759547 0.9759547 0.9759547 0.9745403 0.9745403 0.9745403 0.9745403 0.9745403 0.9745403 0.9745403
9  0.9774011 0.9774011 0.9774011 0.9774011 0.9774011 0.9774011 0.9774011 0.9774011 0.9774011 0.9774011
10 0.9843081 0.9843081 0.9843081 0.9843081 0.9843081 0.9857347 0.9828816 0.9828816 0.9828816 0.9828816

$SVM$`Mean Accuracy`
        1         2         3         4         5         6         7         8         9        10 
0.0000000 0.9808988 0.9823105 0.9844311 0.9847100 0.9851363 0.9857007 0.9852745 0.9847090 0.9855552 
       11        12        13        14        15        16        17        18        19        20 
0.9848476 0.9849904 0.9848494 0.9844240 0.9848522 0.9852775 0.9854188 0.9854206 0.9854206 0.9852765 
       21        22        23        24        25        26        27        28        29        30 
0.9849914 0.9844242 0.9841416 0.9845667 0.9842838 0.9818807 0.9810302 0.9815970 0.9813143 0.9813155 
       31        32        33        34        35        36        37        38        39        40 
0.9813169 0.9811743 0.9807505 0.9808932 0.9807520 0.9810348 0.9806107 0.9806107 0.9803280 0.9804707 
       41        42        43        44        45        46        47        48        49        50 
0.9804695 0.9806109 0.9807522 0.9808932 0.9808932 0.9811771 0.9807503 0.9808916 0.9807489 0.9808904 

$SVM$`St Dev Accuracy`
          1           2           3           4           5           6           7           8 
0.000000000 0.004080395 0.004096231 0.003927723 0.004363387 0.004671699 0.004593462 0.003216634 
          9          10          11          12          13          14          15          16 
0.003452378 0.003269097 0.003787939 0.003550535 0.003535329 0.003273343 0.002898546 0.002750755 
         17          18          19          20          21          22          23          24 
0.002898012 0.002965584 0.002966430 0.002762220 0.002334543 0.002223240 0.001871706 0.001945078 
         25          26          27          28          29          30          31          32 
0.002628350 0.003566013 0.003537114 0.003040814 0.002869638 0.003014358 0.003152480 0.002956548 
         33          34          35          36          37          38          39          40 
0.002961354 0.003178191 0.003102123 0.002956594 0.003429986 0.003429986 0.003388589 0.003598299 
         41          42          43          44          45          46          47          48 
0.003411998 0.003493000 0.003504244 0.003928209 0.003928209 0.004135881 0.003873271 0.003934522 
         49          50 
0.004045404 0.004103263 

$SVM$`Precisions per Fold`
   1         2         3         4         5         6         7         8         9        10
1  0 0.7000000 0.7272727 0.7272727 0.6923077 0.6923077 0.6923077 0.6153846 0.6153846 0.5833333
2  0 0.7333333 0.5500000 0.6315789 0.5909091 0.6190476 0.6500000 0.6500000 0.6842105 0.8333333
3  0 0.8333333 0.8571429 0.8750000 0.8823529 0.8823529 0.9000000 0.9000000 0.8571429 0.8260870
4  0 0.8333333 0.8750000 0.9333333 0.9411765 0.9411765 0.9411765 0.9375000 0.9375000 0.9333333
5  0 1.0000000 0.8888889 0.8571429 0.7777778 0.8000000 0.7857143 0.8000000 0.6875000 0.7222222
6  0 0.5714286 0.6153846 0.5714286 0.5882353 0.5625000 0.6000000 0.7500000 0.6666667 0.6666667
7  0 0.5555556 0.8000000 0.8333333 0.8571429 0.8750000 0.8750000 0.8461538 0.8461538 0.8000000
8  0 0.8888889 0.8888889 0.8461538 0.8571429 0.8571429 0.8571429 0.7647059 0.7368421 0.7777778
9  0 0.8181818 0.8461538 0.8666667 0.7777778 0.8125000 0.8666667 0.8666667 0.8750000 1.0000000
10 0 1.0000000 0.7777778 0.7500000 0.6153846 0.6923077 0.6428571 0.6428571 0.6250000 0.6250000
          11        12        13        14        15        16        17        18        19        20
1  0.5833333 0.6363636 0.6000000 0.5454545 0.6000000 0.6000000 0.6000000 0.6000000 0.6000000 0.5000000
2  0.8333333 0.8750000 0.8750000 0.8750000 0.8666667 0.8666667 0.8666667 0.8666667 0.8125000 0.8125000
3  0.8260870 0.8260870 0.8333333 0.8000000 0.8000000 0.8000000 0.8000000 0.8000000 0.8333333 0.8333333
4  0.9285714 0.9285714 0.8666667 0.9285714 0.9285714 0.9333333 1.0000000 0.9285714 0.9285714 0.9230769
5  0.6190476 0.6190476 0.6190476 0.6190476 0.6190476 0.6500000 0.6500000 0.6190476 0.6190476 0.6842105
6  0.6666667 0.7272727 0.7272727 0.7272727 0.7272727 0.7500000 0.7272727 0.8181818 0.8181818 0.8888889
7  0.7647059 0.7500000 0.7058824 0.6315789 0.6315789 0.6111111 0.6250000 0.6250000 0.6666667 0.6666667
8  0.7777778 0.7777778 0.7777778 0.7777778 0.8235294 0.8235294 0.8750000 0.8750000 0.8235294 0.8235294
9  1.0000000 1.0000000 1.0000000 1.0000000 1.0000000 1.0000000 1.0000000 1.0000000 1.0000000 1.0000000
10 0.5789474 0.5789474 0.6000000 0.6000000 0.6500000 0.6842105 0.6842105 0.7222222 0.7222222 0.7222222
          21        22        23        24        25        26        27        28        29        30
1  0.5000000 0.5000000 0.5000000 0.5000000 0.4615385 0.4285714 0.3846154 0.4545455 0.5000000 0.6000000
2  0.8000000 0.8571429 0.8571429 0.8571429 0.9090909 0.9000000 0.9000000 0.8888889 0.8888889 0.8888889
3  0.8333333 0.8260870 0.8181818 0.8181818 0.8181818 0.8095238 0.7142857 0.7692308 0.7692308 0.7692308
4  1.0000000 1.0000000 1.0000000 1.0000000 1.0000000 1.0000000 1.0000000 1.0000000 1.0000000 1.0000000
5  0.6842105 0.7222222 0.7058824 0.7500000 0.7500000 0.6666667 1.0000000 1.0000000 1.0000000 1.0000000
6  0.8888889 0.8750000 0.8750000 0.8750000 0.7500000 0.8750000 0.7777778 0.8750000 1.0000000 1.0000000
7  0.6666667 0.6666667 0.7142857 0.7142857 0.7142857 0.6363636 0.7000000 0.8750000 0.8750000 0.8750000
8  0.8750000 0.8125000 0.8125000 0.8125000 1.0000000 1.0000000 1.0000000 1.0000000 1.0000000 1.0000000
9  1.0000000 0.9230769 0.8571429 0.9230769 1.0000000 1.0000000 1.0000000 1.0000000 1.0000000 1.0000000
10 0.6875000 0.6666667 0.6666667 0.7500000 0.8181818 0.8181818 0.8181818 0.8000000 0.7777778 0.7777778
          31        32        33        34        35        36        37        38        39        40
1  0.6000000 0.6000000 0.6000000 0.7500000 0.7500000 0.7500000 0.7500000 0.7500000 0.7500000 0.7500000
2  0.8888889 0.8888889 0.8888889 0.8888889 0.8888889 0.8888889 0.8888889 0.8888889 0.8888889 0.8888889
3  0.7692308 0.7692308 0.7692308 0.7692308 0.7692308 0.7857143 0.7500000 0.7500000 0.7500000 0.7500000
4  1.0000000 1.0000000 1.0000000 1.0000000 1.0000000 1.0000000 1.0000000 1.0000000 1.0000000 1.0000000
5  1.0000000 1.0000000 1.0000000 1.0000000 1.0000000 1.0000000 1.0000000 1.0000000 1.0000000 1.0000000
6  1.0000000 1.0000000 1.0000000 1.0000000 1.0000000 1.0000000 1.0000000 1.0000000 1.0000000 1.0000000
7  0.8750000 0.8750000 0.8571429 0.8571429 0.8333333 0.8333333 0.8333333 0.8333333 0.8333333 0.8333333
8  1.0000000 1.0000000 1.0000000 1.0000000 1.0000000 1.0000000 1.0000000 1.0000000 1.0000000 1.0000000
9  1.0000000 1.0000000 1.0000000 1.0000000 1.0000000 1.0000000 1.0000000 1.0000000 1.0000000 1.0000000
10 0.8000000 0.7777778 0.7777778 0.8571429 0.8571429 0.8571429 0.8571429 0.8571429 0.8571429 0.8750000
          41        42        43        44        45        46        47        48        49        50
1  0.7500000 0.7500000 0.7500000 0.7500000 0.7500000 0.7500000 0.7500000 0.7500000 0.6000000 0.6000000
2  0.8888889 0.8888889 0.8888889 0.9000000 0.9000000 0.9000000 0.9000000 0.9000000 1.0000000 1.0000000
3  0.7500000 0.7500000 0.7500000 0.7500000 0.7500000 0.7500000 0.7500000 0.7500000 0.7500000 0.7500000
4  1.0000000 1.0000000 1.0000000 1.0000000 1.0000000 1.0000000 0.9166667 1.0000000 1.0000000 1.0000000
5  1.0000000 1.0000000 1.0000000 1.0000000 1.0000000 1.0000000 1.0000000 1.0000000 0.8000000 0.8000000
6  1.0000000 1.0000000 1.0000000 1.0000000 1.0000000 1.0000000 1.0000000 1.0000000 1.0000000 1.0000000
7  0.8333333 0.8333333 0.8333333 0.8333333 0.8333333 0.8571429 0.8750000 0.8750000 0.8750000 0.8750000
8  1.0000000 1.0000000 1.0000000 1.0000000 1.0000000 1.0000000 1.0000000 1.0000000 1.0000000 1.0000000
9  1.0000000 1.0000000 1.0000000 1.0000000 1.0000000 1.0000000 1.0000000 1.0000000 1.0000000 1.0000000
10 0.8571429 0.8571429 0.8571429 0.8571429 0.8571429 1.0000000 0.8333333 0.8333333 0.8333333 0.8333333

$SVM$`Mean Precisions`
        1         2         3         4         5         6         7         8         9        10 
0.0000000 0.7934055 0.7826510 0.7891910 0.7580207 0.7734335 0.7810865 0.7773268 0.7531401 0.7767754 
       11        12        13        14        15        16        17        18        19        20 
0.7578470 0.7719068 0.7604980 0.7504703 0.7646667 0.7718851 0.7828150 0.7854690 0.7824052 0.7854428 
       21        22        23        24        25        26        27        28        29        30 
0.7935599 0.7849362 0.7806802 0.8000187 0.8221279 0.8134307 0.8294861 0.8662665 0.8810897 0.8910897 
       31        32        33        34        35        36        37        38        39        40 
0.8933120 0.8910897 0.8893040 0.9122405 0.9098596 0.9115079 0.9079365 0.9079365 0.9079365 0.9097222 
       41        42        43        44        45        46        47        48        49        50 
0.9079365 0.9079365 0.9079365 0.9090476 0.9090476 0.9257143 0.9025000 0.9108333 0.8858333 0.8858333 

$SVM$`St Dev Precisions`
        1         2         3         4         5         6         7         8         9        10 
0.0000000 0.1550848 0.1184056 0.1162303 0.1294657 0.1251874 0.1241343 0.1132169 0.1157133 0.1316840 
       11        12        13        14        15        16        17        18        19        20 
0.1447693 0.1380869 0.1345616 0.1525012 0.1406109 0.1370148 0.1486748 0.1391391 0.1300245 0.1452910 
       21        22        23        24        25        26        27        28        29        30 
0.1591868 0.1468978 0.1386012 0.1361666 0.1681827 0.1876037 0.1977713 0.1684980 0.1630308 0.1382403 
       31        32        33        34        35        36        37        38        39        40 
0.1363825 0.1382403 0.1385861 0.1010496 0.1027581 0.1003558 0.1058168 0.1058168 0.1058168 0.1050120 
       41        42        43        44        45        46        47        48        49        50 
0.1058168 0.1058168 0.1058168 0.1056528 0.1056528 0.1055275 0.1001581 0.1048257 0.1396673 0.1396673 

$SVM$`Micro Ave Precisions`
        1         2         3         4         5         6         7         8         9        10 
      NaN 0.7692308 0.7661290 0.7872340 0.7546012 0.7721519 0.7848101 0.7806452 0.7577640 0.7798742 
       11        12        13        14        15        16        17        18        19        20 
0.7530120 0.7639752 0.7560976 0.7425150 0.7560976 0.7668712 0.7784810 0.7784810 0.7784810 0.7806452 
       21        22        23        24        25        26        27        28        29        30 
0.7852349 0.7793103 0.7762238 0.7971014 0.8125000 0.7889908 0.7938144 0.8426966 0.8734177 0.8831169 
       31        32        33        34        35        36        37        38        39        40 
0.8831169 0.8815789 0.8767123 0.9000000 0.8985507 0.9014085 0.8970588 0.8970588 0.8939394 0.8955224 
       41        42        43        44        45        46        47        48        49        50 
0.8955224 0.8970588 0.8985507 0.9000000 0.9000000 0.9142857 0.8873239 0.9000000 0.8873239 0.8888889 

$SVM$`Recalls per Fold`
   1         2         3         4         5         6         7         8         9        10
1  0 0.5833333 0.6666667 0.6666667 0.7500000 0.7500000 0.7500000 0.6666667 0.6666667 0.5833333
2  0 0.5789474 0.5789474 0.6315789 0.6842105 0.6842105 0.6842105 0.6842105 0.6842105 0.7894737
3  0 0.4347826 0.5217391 0.6086957 0.6521739 0.6521739 0.7826087 0.7826087 0.7826087 0.8260870
4  0 0.4347826 0.6086957 0.6086957 0.6956522 0.6956522 0.6956522 0.6521739 0.6521739 0.6086957
5  0 0.2631579 0.4210526 0.6315789 0.7368421 0.6315789 0.5789474 0.6315789 0.5789474 0.6842105
6  0 0.4444444 0.4444444 0.4444444 0.5555556 0.5000000 0.5000000 0.5000000 0.4444444 0.4444444
7  0 0.2941176 0.4705882 0.5882353 0.7058824 0.8235294 0.8235294 0.6470588 0.6470588 0.7058824
8  0 0.3478261 0.3478261 0.4782609 0.5217391 0.5217391 0.5217391 0.5652174 0.6086957 0.6086957
9  0 0.4285714 0.5238095 0.6190476 0.6666667 0.6190476 0.6190476 0.6190476 0.6666667 0.5714286
10 0 0.4375000 0.4375000 0.5625000 0.5000000 0.5625000 0.5625000 0.5625000 0.6250000 0.6250000
          11        12        13        14        15        16        17        18        19        20
1  0.5833333 0.5833333 0.5000000 0.5000000 0.5000000 0.5000000 0.5000000 0.5000000 0.5000000 0.5000000
2  0.7894737 0.7368421 0.7368421 0.7368421 0.6842105 0.6842105 0.6842105 0.6842105 0.6842105 0.6842105
3  0.8260870 0.8260870 0.8695652 0.8695652 0.8695652 0.8695652 0.8695652 0.8695652 0.8695652 0.8695652
4  0.5652174 0.5652174 0.5652174 0.5652174 0.5652174 0.6086957 0.6086957 0.5652174 0.5652174 0.5217391
5  0.6842105 0.6842105 0.6842105 0.6842105 0.6842105 0.6842105 0.6842105 0.6842105 0.6842105 0.6842105
6  0.4444444 0.4444444 0.4444444 0.4444444 0.4444444 0.5000000 0.4444444 0.5000000 0.5000000 0.4444444
7  0.7647059 0.7058824 0.7058824 0.7058824 0.7058824 0.6470588 0.5882353 0.5882353 0.5882353 0.5882353
8  0.6086957 0.6086957 0.6086957 0.6086957 0.6086957 0.6086957 0.6086957 0.6086957 0.6086957 0.6086957
9  0.5714286 0.5714286 0.5714286 0.5714286 0.5714286 0.5714286 0.5714286 0.5714286 0.5714286 0.5714286
10 0.6875000 0.6875000 0.7500000 0.7500000 0.8125000 0.8125000 0.8125000 0.8125000 0.8125000 0.8125000
          21        22        23        24        25        26        27        28        29        30
1  0.5000000 0.5000000 0.5000000 0.5000000 0.5000000 0.5000000 0.4166667 0.4166667 0.2500000 0.2500000
2  0.6315789 0.6315789 0.6315789 0.6315789 0.5263158 0.4736842 0.4736842 0.4210526 0.4210526 0.4210526
3  0.8695652 0.8260870 0.7826087 0.7826087 0.7826087 0.7391304 0.4347826 0.4347826 0.4347826 0.4347826
4  0.4782609 0.4782609 0.4782609 0.4782609 0.4782609 0.4782609 0.4782609 0.4782609 0.4782609 0.4782609
5  0.6842105 0.6842105 0.6315789 0.6315789 0.6315789 0.3157895 0.3157895 0.3157895 0.2631579 0.2631579
6  0.4444444 0.3888889 0.3888889 0.3888889 0.3333333 0.3888889 0.3888889 0.3888889 0.2777778 0.2222222
7  0.5882353 0.5882353 0.5882353 0.5882353 0.5882353 0.4117647 0.4117647 0.4117647 0.4117647 0.4117647
8  0.6086957 0.5652174 0.5652174 0.5652174 0.4347826 0.2608696 0.2608696 0.2608696 0.2608696 0.2608696
9  0.5714286 0.5714286 0.5714286 0.5714286 0.5714286 0.3809524 0.3333333 0.3333333 0.3333333 0.3333333
10 0.6875000 0.6250000 0.6250000 0.5625000 0.5625000 0.5625000 0.5625000 0.5000000 0.4375000 0.4375000
          31        32        33        34        35        36        37        38        39        40
1  0.2500000 0.2500000 0.2500000 0.2500000 0.2500000 0.2500000 0.2500000 0.2500000 0.2500000 0.2500000
2  0.4210526 0.4210526 0.4210526 0.4210526 0.4210526 0.4210526 0.4210526 0.4210526 0.4210526 0.4210526
3  0.4347826 0.4347826 0.4347826 0.4347826 0.4347826 0.4782609 0.3913043 0.3913043 0.3913043 0.3913043
4  0.4347826 0.4347826 0.4347826 0.4347826 0.4347826 0.4347826 0.4347826 0.4347826 0.3913043 0.3913043
5  0.2631579 0.2631579 0.2105263 0.2105263 0.2105263 0.2105263 0.2105263 0.2105263 0.2105263 0.2105263
6  0.2222222 0.2222222 0.2222222 0.2222222 0.2222222 0.2777778 0.2777778 0.2777778 0.2222222 0.2222222
7  0.4117647 0.4117647 0.3529412 0.3529412 0.2941176 0.2941176 0.2941176 0.2941176 0.2941176 0.2941176
8  0.2608696 0.2608696 0.2608696 0.2608696 0.2608696 0.2608696 0.2608696 0.2608696 0.2608696 0.2608696
9  0.3333333 0.3333333 0.2857143 0.2857143 0.2857143 0.2857143 0.2380952 0.2380952 0.2380952 0.2380952
10 0.5000000 0.4375000 0.4375000 0.3750000 0.3750000 0.3750000 0.3750000 0.3750000 0.3750000 0.4375000
          41        42        43        44        45        46        47        48        49        50
1  0.2500000 0.2500000 0.2500000 0.2500000 0.2500000 0.2500000 0.2500000 0.2500000 0.2500000 0.2500000
2  0.4210526 0.4210526 0.4210526 0.4736842 0.4736842 0.4736842 0.4736842 0.4736842 0.4736842 0.4736842
3  0.3913043 0.3913043 0.3913043 0.3913043 0.3913043 0.3913043 0.3913043 0.3913043 0.3913043 0.3913043
4  0.3913043 0.3913043 0.4347826 0.4782609 0.4782609 0.4782609 0.4782609 0.4782609 0.4782609 0.4782609
5  0.2105263 0.2105263 0.2105263 0.2105263 0.2105263 0.2105263 0.2105263 0.2105263 0.2105263 0.2105263
6  0.2777778 0.3333333 0.3333333 0.3333333 0.3333333 0.3333333 0.2777778 0.2777778 0.2777778 0.3333333
7  0.2941176 0.2941176 0.2941176 0.2941176 0.2941176 0.3529412 0.4117647 0.4117647 0.4117647 0.4117647
8  0.2608696 0.2608696 0.2608696 0.2173913 0.2173913 0.2173913 0.2173913 0.2173913 0.2173913 0.2173913
9  0.2380952 0.2380952 0.2380952 0.2380952 0.2380952 0.2380952 0.2380952 0.2380952 0.2380952 0.2380952
10 0.3750000 0.3750000 0.3750000 0.3750000 0.3750000 0.3750000 0.3125000 0.3125000 0.3125000 0.3125000

$SVM$`Mean Recalls`
        1         2         3         4         5         6         7         8         9        10 
0.0000000 0.4247463 0.5021270 0.5839704 0.6468722 0.6440432 0.6518235 0.6311063 0.6356473 0.6447251 
       11        12        13        14        15        16        17        18        19        20 
0.6525096 0.6413641 0.6436286 0.6436286 0.6446155 0.6486365 0.6371986 0.6384063 0.6384063 0.6285029 
       21        22        23        24        25        26        27        28        29        30 
0.6063920 0.5858907 0.5762798 0.5700298 0.5409044 0.4511841 0.4076540 0.3961409 0.3568499 0.3512944 
       31        32        33        34        35        36        37        38        39        40 
0.3531966 0.3469466 0.3310391 0.3247891 0.3189068 0.3288102 0.3153526 0.3153526 0.3054492 0.3116992 
       41        42        43        44        45        46        47        48        49        50 
0.3110048 0.3165603 0.3209082 0.3261713 0.3261713 0.3320537 0.3261305 0.3261305 0.3261305 0.3316860 

$SVM$`St Dev Recalls`
         1          2          3          4          5          6          7          8          9 
0.00000000 0.10476744 0.09664756 0.07066830 0.08942666 0.10051054 0.11231522 0.07754466 0.08621482 
        10         11         12         13         14         15         16         17         18 
0.11124676 0.11920838 0.10814957 0.12886616 0.12886616 0.13317051 0.12089090 0.13058442 0.12449641 
        19         20         21         22         23         24         25         26         27 
0.12449641 0.13549619 0.12385028 0.11990326 0.10640164 0.10504886 0.12038777 0.13492596 0.08820251 
        28         29         30         31         32         33         34         35         36 
0.07383289 0.08861210 0.09558738 0.09872976 0.08999585 0.09507387 0.08916862 0.08904529 0.09109885 
        37         38         39         40         41         42         43         44         45 
0.08220699 0.08220699 0.08069674 0.08870497 0.07611250 0.07544233 0.08125728 0.10075432 0.10075432 
        46         47         48         49         50 
0.10039149 0.10421930 0.10421930 0.10421930 0.10282684 

$SVM$`Micro Ave Recalls`
        1         2         3         4         5         6         7         8         9        10 
      NaN 0.4188482 0.4973822 0.5811518 0.6439791 0.6387435 0.6492147 0.6335079 0.6387435 0.6492147 
       11        12        13        14        15        16        17        18        19        20 
0.6544503 0.6439791 0.6492147 0.6492147 0.6492147 0.6544503 0.6439791 0.6439791 0.6439791 0.6335079 
       21        22        23        24        25        26        27        28        29        30 
0.6125654 0.5916230 0.5811518 0.5759162 0.5445026 0.4502618 0.4031414 0.3926702 0.3612565 0.3560209 
       31        32        33        34        35        36        37        38        39        40 
0.3560209 0.3507853 0.3350785 0.3298429 0.3246073 0.3350785 0.3193717 0.3193717 0.3089005 0.3141361 
       41        42        43        44        45        46        47        48        49        50 
0.3141361 0.3193717 0.3246073 0.3298429 0.3298429 0.3350785 0.3298429 0.3298429 0.3298429 0.3350785 

$SVM$`F1 Measure`
   1         2         3         4         5         6         7         8         9        10
1  0 0.6363636 0.6956522 0.6956522 0.7200000 0.7200000 0.7200000 0.6400000 0.6400000 0.5833333
2  0 0.6470588 0.5641026 0.6315789 0.6341463 0.6500000 0.6666667 0.6666667 0.6842105 0.8108108
3  0 0.5714286 0.6486486 0.7179487 0.7500000 0.7500000 0.8372093 0.8372093 0.8181818 0.8260870
4  0 0.5714286 0.7179487 0.7368421 0.8000000 0.8000000 0.8000000 0.7692308 0.7692308 0.7368421
5  0 0.4166667 0.5714286 0.7272727 0.7567568 0.7058824 0.6666667 0.7058824 0.6285714 0.7027027
6  0 0.5000000 0.5161290 0.5000000 0.5714286 0.5294118 0.5454545 0.6000000 0.5333333 0.5333333
7  0 0.3846154 0.5925926 0.6896552 0.7741935 0.8484848 0.8484848 0.7333333 0.7333333 0.7500000
8  0 0.5000000 0.5000000 0.6111111 0.6486486 0.6486486 0.6486486 0.6500000 0.6666667 0.6829268
9  0 0.5625000 0.6470588 0.7222222 0.7179487 0.7027027 0.7222222 0.7222222 0.7567568 0.7272727
10 0 0.6086957 0.5600000 0.6428571 0.5517241 0.6206897 0.6000000 0.6000000 0.6250000 0.6250000
          11        12        13        14        15        16        17        18        19        20
1  0.5833333 0.6086957 0.5454545 0.5217391 0.5454545 0.5454545 0.5454545 0.5454545 0.5454545 0.5000000
2  0.8108108 0.8000000 0.8000000 0.8000000 0.7647059 0.7647059 0.7647059 0.7647059 0.7428571 0.7428571
3  0.8260870 0.8260870 0.8510638 0.8333333 0.8333333 0.8333333 0.8333333 0.8333333 0.8510638 0.8510638
4  0.7027027 0.7027027 0.6842105 0.7027027 0.7027027 0.7368421 0.7567568 0.7027027 0.7027027 0.6666667
5  0.6500000 0.6500000 0.6500000 0.6500000 0.6500000 0.6666667 0.6666667 0.6500000 0.6500000 0.6842105
6  0.5333333 0.5517241 0.5517241 0.5517241 0.5517241 0.6000000 0.5517241 0.6206897 0.6206897 0.5925926
7  0.7647059 0.7272727 0.7058824 0.6666667 0.6666667 0.6285714 0.6060606 0.6060606 0.6250000 0.6250000
8  0.6829268 0.6829268 0.6829268 0.6829268 0.7000000 0.7000000 0.7179487 0.7179487 0.7000000 0.7000000
9  0.7272727 0.7272727 0.7272727 0.7272727 0.7272727 0.7272727 0.7272727 0.7272727 0.7272727 0.7272727
10 0.6285714 0.6285714 0.6666667 0.6666667 0.7222222 0.7428571 0.7428571 0.7647059 0.7647059 0.7647059
          21        22        23        24        25        26        27        28        29        30
1  0.5000000 0.5000000 0.5000000 0.5000000 0.4800000 0.4615385 0.4000000 0.4347826 0.3333333 0.3529412
2  0.7058824 0.7272727 0.7272727 0.7272727 0.6666667 0.6206897 0.6206897 0.5714286 0.5714286 0.5714286
3  0.8510638 0.8260870 0.8000000 0.8000000 0.8000000 0.7727273 0.5405405 0.5555556 0.5555556 0.5555556
4  0.6470588 0.6470588 0.6470588 0.6470588 0.6470588 0.6470588 0.6470588 0.6470588 0.6470588 0.6470588
5  0.6842105 0.7027027 0.6666667 0.6857143 0.6857143 0.4285714 0.4800000 0.4800000 0.4166667 0.4166667
6  0.5925926 0.5384615 0.5384615 0.5384615 0.4615385 0.5384615 0.5185185 0.5384615 0.4347826 0.3636364
7  0.6250000 0.6250000 0.6451613 0.6451613 0.6451613 0.5000000 0.5185185 0.5600000 0.5600000 0.5600000
8  0.7179487 0.6666667 0.6666667 0.6666667 0.6060606 0.4137931 0.4137931 0.4137931 0.4137931 0.4137931
9  0.7272727 0.7058824 0.6857143 0.7058824 0.7272727 0.5517241 0.5000000 0.5000000 0.5000000 0.5000000
10 0.6875000 0.6451613 0.6451613 0.6428571 0.6666667 0.6666667 0.6666667 0.6153846 0.5600000 0.5600000
          31        32        33        34        35        36        37        38        39        40
1  0.3529412 0.3529412 0.3529412 0.3750000 0.3750000 0.3750000 0.3750000 0.3750000 0.3750000 0.3750000
2  0.5714286 0.5714286 0.5714286 0.5714286 0.5714286 0.5714286 0.5714286 0.5714286 0.5714286 0.5714286
3  0.5555556 0.5555556 0.5555556 0.5555556 0.5555556 0.5945946 0.5142857 0.5142857 0.5142857 0.5142857
4  0.6060606 0.6060606 0.6060606 0.6060606 0.6060606 0.6060606 0.6060606 0.6060606 0.5625000 0.5625000
5  0.4166667 0.4166667 0.3478261 0.3478261 0.3478261 0.3478261 0.3478261 0.3478261 0.3478261 0.3478261
6  0.3636364 0.3636364 0.3636364 0.3636364 0.3636364 0.4347826 0.4347826 0.4347826 0.3636364 0.3636364
7  0.5600000 0.5600000 0.5000000 0.5000000 0.4347826 0.4347826 0.4347826 0.4347826 0.4347826 0.4347826
8  0.4137931 0.4137931 0.4137931 0.4137931 0.4137931 0.4137931 0.4137931 0.4137931 0.4137931 0.4137931
9  0.5000000 0.5000000 0.4444444 0.4444444 0.4444444 0.4444444 0.3846154 0.3846154 0.3846154 0.3846154
10 0.6153846 0.5600000 0.5600000 0.5217391 0.5217391 0.5217391 0.5217391 0.5217391 0.5217391 0.5833333
          41        42        43        44        45        46        47        48        49        50
1  0.3750000 0.3750000 0.3750000 0.3750000 0.3750000 0.3750000 0.3750000 0.3750000 0.3529412 0.3529412
2  0.5714286 0.5714286 0.5714286 0.6206897 0.6206897 0.6206897 0.6206897 0.6206897 0.6428571 0.6428571
3  0.5142857 0.5142857 0.5142857 0.5142857 0.5142857 0.5142857 0.5142857 0.5142857 0.5142857 0.5142857
4  0.5625000 0.5625000 0.6060606 0.6470588 0.6470588 0.6470588 0.6285714 0.6470588 0.6470588 0.6470588
5  0.3478261 0.3478261 0.3478261 0.3478261 0.3478261 0.3478261 0.3478261 0.3478261 0.3333333 0.3333333
6  0.4347826 0.5000000 0.5000000 0.5000000 0.5000000 0.5000000 0.4347826 0.4347826 0.4347826 0.5000000
7  0.4347826 0.4347826 0.4347826 0.4347826 0.4347826 0.5000000 0.5600000 0.5600000 0.5600000 0.5600000
8  0.4137931 0.4137931 0.4137931 0.3571429 0.3571429 0.3571429 0.3571429 0.3571429 0.3571429 0.3571429
9  0.3846154 0.3846154 0.3846154 0.3846154 0.3846154 0.3846154 0.3846154 0.3846154 0.3846154 0.3846154
10 0.5217391 0.5217391 0.5217391 0.5217391 0.5217391 0.5454545 0.4545455 0.4545455 0.4545455 0.4545455

$SVM$`Mean F1 Measure`
        1         2         3         4         5         6         7         8         9        10 
0.0000000 0.5398757 0.6013561 0.6675140 0.6924847 0.6975820 0.7055353 0.6924545 0.6855285 0.6978309 
       11        12        13        14        15        16        17        18        19        20 
0.6909744 0.6905253 0.6865202 0.6803032 0.6864082 0.6945704 0.6912781 0.6932874 0.6929746 0.6854369 
       21        22        23        24        25        26        27        28        29        30 
0.6738530 0.6584293 0.6522163 0.6559075 0.6386140 0.5601231 0.5305786 0.5316465 0.4992619 0.4941080 
       31        32        33        34        35        36        37        38        39        40 
0.4955467 0.4900082 0.4715686 0.4699484 0.4634266 0.4744452 0.4604314 0.4604314 0.4489607 0.4551201 
       41        42        43        44        45        46        47        48        49        50 
0.4560753 0.4625971 0.4669531 0.4703140 0.4703140 0.4792073 0.4677459 0.4695947 0.4681562 0.4746780 

$SVM$`St Dev F1 Measure`
         1          2          3          4          5          6          7          8          9 
0.00000000 0.08850846 0.07334715 0.07328608 0.08619962 0.09156578 0.10011386 0.07593901 0.08463206 
        10         11         12         13         14         15         16         17         18 
0.09430667 0.09520896 0.08479445 0.09533774 0.09627832 0.08872137 0.08544338 0.09610970 0.08709713 
        19         20         21         22         23         24         25         26         27 
0.08653891 0.09774605 0.09276843 0.09312073 0.08514649 0.08680894 0.10294886 0.11564793 0.09115348 
        28         29         30         31         32         33         34         35         36 
0.07474222 0.09627303 0.10070033 0.10041581 0.09442008 0.09935914 0.09355563 0.09350110 0.09252489 
        37         38         39         40         41         42         43         44         45 
0.08781582 0.08781582 0.08564159 0.09332754 0.08057084 0.08129207 0.08812053 0.10791631 0.10791631 
        46         47         48         49         50 
0.10885403 0.10714503 0.11034019 0.11791879 0.11767113 

$SVM$`Micro Ave F1 Measure`
        1         2         3         4         5         6         7         8         9        10 
      NaN 0.5423729 0.6031746 0.6686747 0.6949153 0.6991404 0.7106017 0.6994220 0.6931818 0.7085714 
       11        12        13        14        15        16        17        18        19        20 
0.7002801 0.6988636 0.6985915 0.6927374 0.6985915 0.7062147 0.7048711 0.7048711 0.7048711 0.6994220 
       21        22        23        24        25        26        27        28        29        30 
0.6882353 0.6726190 0.6646707 0.6686930 0.6520376 0.5733333 0.5347222 0.5357143 0.5111111 0.5074627 
       31        32        33        34        35        36        37        38        39        40 
0.5074627 0.5018727 0.4848485 0.4827586 0.4769231 0.4885496 0.4710425 0.4710425 0.4591440 0.4651163 
       41        42        43        44        45        46        47        48        49        50 
0.4651163 0.4710425 0.4769231 0.4827586 0.4827586 0.4904215 0.4809160 0.4827586 0.4809160 0.4866920 

