> chisq_9
$`NAIVE BAYES`
$`NAIVE BAYES`$`Accuracy per Fold`
   1         2         3         4         5         6         7         8         9        10
1  0 0.9800285 0.9728959 0.9714693 0.9686163 0.9686163 0.9686163 0.9643367 0.9600571 0.9572040
2  0 0.9759887 0.9689266 0.9632768 0.9632768 0.9618644 0.9675141 0.9717514 0.9703390 0.9703390
3  0 0.9773692 0.9745403 0.9674682 0.9717115 0.9731259 0.9717115 0.9702970 0.9688826 0.9674682
4  0 0.9872881 0.9661017 0.9618644 0.9604520 0.9618644 0.9689266 0.9675141 0.9661017 0.9661017
5  0 0.9816384 0.9816384 0.9731638 0.9675141 0.9703390 0.9717514 0.9731638 0.9717514 0.9703390
6  0 0.9787836 0.9717115 0.9688826 0.9759547 0.9660537 0.9674682 0.9674682 0.9660537 0.9632249
7  0 0.9745763 0.9745763 0.9632768 0.9675141 0.9675141 0.9703390 0.9689266 0.9689266 0.9675141
8  0 0.9717115 0.9589816 0.9533239 0.9490806 0.9575672 0.9575672 0.9547383 0.9575672 0.9575672
9  0 0.9858757 0.9788136 0.9788136 0.9802260 0.9745763 0.9745763 0.9646893 0.9661017 0.9604520
10 0 0.9800285 0.9786020 0.9743224 0.9714693 0.9629101 0.9643367 0.9657632 0.9657632 0.9643367
          11        12        13        14        15        16        17        18        19        20
1  0.9586305 0.9586305 0.9586305 0.9572040 0.9543509 0.9557775 0.9514979 0.9500713 0.9443652 0.9415121
2  0.9661017 0.9646893 0.9646893 0.9618644 0.9632768 0.9590395 0.9590395 0.9519774 0.9519774 0.9477401
3  0.9646393 0.9646393 0.9674682 0.9674682 0.9674682 0.9674682 0.9646393 0.9660537 0.9575672 0.9519095
4  0.9632768 0.9632768 0.9632768 0.9618644 0.9604520 0.9548023 0.9477401 0.9392655 0.9265537 0.9166667
5  0.9661017 0.9661017 0.9661017 0.9661017 0.9646893 0.9646893 0.9618644 0.9519774 0.9505650 0.9406780
6  0.9575672 0.9575672 0.9575672 0.9589816 0.9533239 0.9434229 0.9335219 0.9250354 0.9137199 0.9009901
7  0.9703390 0.9661017 0.9632768 0.9632768 0.9519774 0.9505650 0.9435028 0.9392655 0.9251412 0.9138418
8  0.9547383 0.9462518 0.9476662 0.9434229 0.9448373 0.9405941 0.9349364 0.9264498 0.9137199 0.8995757
9  0.9604520 0.9576271 0.9548023 0.9533898 0.9505650 0.9463277 0.9477401 0.9392655 0.9237288 0.9110169
10 0.9614836 0.9614836 0.9600571 0.9600571 0.9529244 0.9500713 0.9415121 0.9258203 0.9087019 0.8858773
          21        22         23        24        25         26        27        28        29
1  0.9372325 0.9243937 0.91155492 0.9015692 0.8873039 0.87446505 0.8744650 0.8701854 0.8644793
2  0.9449153 0.9350282 0.92231638 0.9110169 0.8912429 0.86723164 0.8432203 0.8516949 0.8615819
3  0.9391796 0.9335219 0.92362093 0.9123055 0.8854314 0.85572843 0.8288543 0.8373409 0.8302687
4  0.9096045 0.8968927 0.87994350 0.8813559 0.8771186 0.87711864 0.8700565 0.8686441 0.8672316
5  0.9322034 0.9152542 0.89830508 0.8658192 0.8375706 0.84887006 0.8629944 0.8559322 0.8516949
6  0.8741160 0.1357850 0.12164074 0.1230552 0.1244696 0.12446959 0.1258840 0.1287129 0.1315417
7  0.8884181 0.8728814 0.85451977 0.8050847 0.1355932 0.14124294 0.1454802 0.1454802 0.1468927
8  0.8755304 0.8543140 0.80622348 0.1371994 0.1301273 0.13295615 0.1244696 0.1287129 0.1301273
9  0.8813559 0.1567797 0.13841808 0.1525424 0.1440678 0.14406780 0.1511299 0.1539548 0.1624294
10 0.8473609 0.1098431 0.09700428 0.1055635 0.1012839 0.09843081 0.1041369 0.1055635 0.1112696
          30        31        32        33        34        35        36        37        38        39
1  0.8659058 0.8601997 0.8587732 0.8601997 0.8601997 0.8573466 0.8573466 0.8502140 0.8530670 0.8473609
2  0.8545198 0.8432203 0.8474576 0.8375706 0.8488701 0.8418079 0.8418079 0.8361582 0.8290960 0.8248588
3  0.8274399 0.8288543 0.7864215 0.8048091 0.7878359 0.7892504 0.7779349 0.7694484 0.7708628 0.1895332
4  0.8601695 0.8601695 0.8587571 0.8545198 0.8474576 0.8474576 0.8375706 0.8121469 0.8192090 0.1737288
5  0.8502825 0.8488701 0.8559322 0.8460452 0.8446328 0.8375706 0.8361582 0.8234463 0.8262712 0.8192090
6  0.1343706 0.1400283 0.1584158 0.1428571 0.1471004 0.1471004 0.1499293 0.1640736 0.1683168 0.1584158
7  0.1567797 0.1567797 0.1567797 0.1709040 0.1737288 0.1737288 0.1822034 0.1864407 0.1892655 0.1963277
8  0.1329562 0.1343706 0.1343706 0.1386139 0.1414427 0.1414427 0.1485149 0.1471004 0.1485149 0.1527581
9  0.1624294 0.1680791 0.1765537 0.1793785 0.1822034 0.1807910 0.1694915 0.1694915 0.1751412 0.1567797
10 0.1141227 0.1155492 0.1155492 0.1169757 0.1169757 0.1226819 0.1426534 0.1440799 0.1383738 0.1255350
          40        41        42        43        44        45        46        47        48        49
1  0.8273894 0.8231098 0.7931526 0.7845934 0.7845934 0.7674750 0.1925820 0.1911555 0.1911555 0.1940086
2  0.8220339 0.8121469 0.7683616 0.7768362 0.2062147 0.1963277 0.1807910 0.1836158 0.1836158 0.1567797
3  0.1909477 0.2022631 0.2036775 0.1923621 0.1711457 0.1711457 0.1570014 0.1612447 0.1499293 0.1499293
4  0.1793785 0.1793785 0.1836158 0.1709040 0.1751412 0.1751412 0.1779661 0.2019774 0.2062147 0.2033898
5  0.7838983 0.7895480 0.7471751 0.1581921 0.1497175 0.1511299 0.1497175 0.1398305 0.1398305 0.1426554
6  0.1541726 0.1555870 0.1570014 0.1598303 0.1570014 0.1584158 0.1598303 0.1598303 0.1810467 0.1852900
7  0.1822034 0.1807910 0.1878531 0.1709040 0.1709040 0.1737288 0.1680791 0.1977401 0.1991525 0.1991525
8  0.1400283 0.1329562 0.1329562 0.1329562 0.1371994 0.1386139 0.1386139 0.1386139 0.1400283 0.1669024
9  0.1567797 0.1581921 0.1610169 0.1440678 0.1384181 0.1426554 0.1440678 0.1440678 0.1652542 0.1666667
10 0.1283880 0.1298146 0.1312411 0.1326676 0.1340942 0.1340942 0.1355207 0.1540656 0.1626248 0.1640514
          50
1  0.2196862
2  0.1567797
3  0.1499293
4  0.2132768
5  0.1426554
6  0.1852900
7  0.2048023
8  0.1711457
9  0.1666667
10 0.1626248

$`NAIVE BAYES`$`Mean Accuracy`
        1         2         3         4         5         6         7         8         9        10 
0.0000000 0.9793289 0.9726788 0.9675862 0.9675815 0.9664431 0.9682807 0.9668649 0.9661544 0.9644547 
       11        12        13        14        15        16        17        18        19        20 
0.9623330 0.9606369 0.9603536 0.9593631 0.9563865 0.9532758 0.9485995 0.9415182 0.9316040 0.9209808 
       21        22        23        24        25        26        27        28        29        30 
0.9029917 0.6734694 0.6553547 0.5795512 0.5014209 0.4964581 0.4930691 0.4946222 0.4957517 0.4958976 
       31        32        33        34        35        36        37        38        39        40 
0.4956121 0.4949011 0.4951874 0.4950447 0.4939178 0.4943611 0.4902600 0.4918118 0.3644507 0.3565220 
       41        42        43        44        45        46        47        48        49        50 
0.3563787 0.3466051 0.2823314 0.2224430 0.2208728 0.1604170 0.1672142 0.1718852 0.1728826 0.1772857 

$`NAIVE BAYES`$`St Dev Accuracy`
          1           2           3           4           5           6           7           8 
0.000000000 0.004812377 0.006716426 0.007398247 0.008659539 0.005428320 0.004711677 0.005161426 
          9          10          11          12          13          14          15          16 
0.004410237 0.004806963 0.004679409 0.006048826 0.005982893 0.006944139 0.007210848 0.008802142 
         17          18          19          20          21          22          23          24 
0.010761700 0.013557814 0.017966041 0.022951821 0.034156255 0.373214049 0.371871582 0.388623786 
         25          26          27          28          29          30          31          32 
0.394977969 0.388419254 0.382895950 0.382032925 0.379085062 0.375366682 0.372076401 0.366242389 
         33          34          35          36          37          38          39          40 
0.364808492 0.362217439 0.359988199 0.354719586 0.346567011 0.346477871 0.322264799 0.314467198 
         41          42          43          44          45          46          47          48 
0.312686246 0.292945888 0.263306933 0.198747575 0.193029403 0.019164073 0.024379305 0.023965389 
         49          50 
0.021274101 0.027178273 

$`NAIVE BAYES`$`Precisions per Fold`
   1         2         3         4         5         6         7         8         9        10
1  0 0.5483871 0.4722222 0.4594595 0.4358974 0.4358974 0.4358974 0.4047619 0.3777778 0.3617021
2  0 0.5405405 0.4761905 0.4347826 0.4347826 0.4255319 0.4651163 0.5000000 0.4878049 0.4871795
3  0 0.4838710 0.4545455 0.3947368 0.4285714 0.4375000 0.4242424 0.4117647 0.4054054 0.3947368
4  0 0.6111111 0.3333333 0.2812500 0.2580645 0.2666667 0.3333333 0.3437500 0.3333333 0.3333333
5  0 0.6129032 0.6206897 0.5142857 0.4615385 0.4864865 0.5000000 0.5142857 0.5000000 0.4864865
6  0 0.6578947 0.5813953 0.5581395 0.6250000 0.5319149 0.5434783 0.5454545 0.5333333 0.5106383
7  0 0.5384615 0.5384615 0.4444444 0.4761905 0.4761905 0.5000000 0.4864865 0.4864865 0.4736842
8  0 0.4594595 0.3695652 0.3333333 0.3137255 0.3555556 0.3555556 0.3404255 0.3555556 0.3555556
9  0 0.7428571 0.6500000 0.6666667 0.6969697 0.6216216 0.6216216 0.5227273 0.5348837 0.4893617
10 0 0.6129032 0.6000000 0.5454545 0.5142857 0.4390244 0.4500000 0.4615385 0.4615385 0.4500000
          11        12        13        14        15        16        17        18        19        20
1  0.3636364 0.3636364 0.3695652 0.3617021 0.3469388 0.3541667 0.3333333 0.3269231 0.3035714 0.2931034
2  0.4523810 0.4418605 0.4444444 0.4255319 0.4347826 0.4081633 0.4081633 0.3703704 0.3703704 0.3508772
3  0.3684211 0.3611111 0.3823529 0.3823529 0.3823529 0.3823529 0.3611111 0.3714286 0.3170732 0.3061224
4  0.3142857 0.3030303 0.3030303 0.2941176 0.2857143 0.2682927 0.2391304 0.2115385 0.1803279 0.1617647
5  0.4473684 0.4473684 0.4473684 0.4473684 0.4358974 0.4358974 0.4146341 0.3541667 0.3529412 0.3103448
6  0.4705882 0.4716981 0.4705882 0.4800000 0.4423077 0.3934426 0.3529412 0.3289474 0.2976190 0.2736842
7  0.5000000 0.4634146 0.4418605 0.4418605 0.3725490 0.3653846 0.3333333 0.3225806 0.2777778 0.2500000
8  0.3404255 0.3018868 0.3076923 0.2909091 0.2962963 0.2807018 0.2622951 0.2388060 0.2105263 0.1860465
9  0.4893617 0.4693878 0.4509804 0.4423077 0.4259259 0.4035088 0.4137931 0.3823529 0.3291139 0.2954545
10 0.4285714 0.4285714 0.4186047 0.4186047 0.3750000 0.3653846 0.3275862 0.2753623 0.2345679 0.1958763
          21         22         23         24         25         26         27         28         29
1  0.2786885 0.24285714 0.21518987 0.19767442 0.17708333 0.16190476 0.16190476 0.15740741 0.15178571
2  0.3389831 0.30303030 0.26666667 0.24096386 0.20618557 0.16964286 0.14728682 0.15447154 0.16379310
3  0.2586207 0.24193548 0.21739130 0.19480519 0.15625000 0.12820513 0.11029412 0.11538462 0.11111111
4  0.1688312 0.15116279 0.13265306 0.13402062 0.13000000 0.13000000 0.12380952 0.12264151 0.12149533
5  0.2812500 0.23684211 0.20454545 0.16814159 0.14285714 0.15200000 0.15929204 0.15833333 0.15447154
6  0.2280702 0.04088050 0.04024768 0.04031008 0.04037267 0.04037267 0.04043546 0.04056162 0.04068858
7  0.2040816 0.18348624 0.16393443 0.13207547 0.03317536 0.03338633 0.03354633 0.03354633 0.03360000
8  0.1553398 0.13559322 0.11038961 0.02711324 0.02689873 0.02698413 0.02672956 0.02685624 0.02689873
9  0.2432432 0.04326923 0.04238619 0.04306220 0.04265403 0.04265403 0.04299363 0.04313099 0.04354839
10 0.1587302 0.03255814 0.03211009 0.03240741 0.03225806 0.03215926 0.03235747 0.03240741 0.03260870
           30         31         32         33         34         35         36         37         38
1  0.15315315 0.14782609 0.14655172 0.14782609 0.14782609 0.14529915 0.14529915 0.13934426 0.14166667
2  0.15702479 0.14728682 0.15079365 0.14285714 0.15200000 0.14615385 0.14615385 0.14179104 0.13669065
3  0.10948905 0.11029412 0.09036145 0.09803922 0.09090909 0.09146341 0.08720930 0.08426966 0.08474576
4  0.11607143 0.11607143 0.11504425 0.11206897 0.10743802 0.10743802 0.10156250 0.08904110 0.09219858
5  0.14754098 0.15200000 0.15254237 0.14400000 0.14285714 0.13740458 0.13636364 0.12765957 0.12949640
6  0.04225352 0.04107425 0.04193548 0.04120444 0.04140127 0.04140127 0.04153355 0.04220779 0.04241436
7  0.03398058 0.03398058 0.03398058 0.03453947 0.03465347 0.03465347 0.03500000 0.03517588 0.03529412
8  0.02698413 0.02702703 0.02702703 0.02715655 0.02724359 0.02724359 0.02746365 0.02741935 0.02746365
9  0.04354839 0.04383117 0.04426230 0.04440789 0.04455446 0.04448105 0.04241436 0.04241436 0.04269294
10 0.03271028 0.03276131 0.03129890 0.03134796 0.03134796 0.03154574 0.03225806 0.03231018 0.03210273
           39         40         41         42         43         44         45         46         47
1  0.13709677 0.12318841 0.12056738 0.10493827 0.10119048 0.10119048 0.09444444 0.02915952 0.02910959
2  0.13380282 0.13194444 0.12582781 0.10439560 0.10795455 0.03275862 0.03236797 0.03177258 0.03187919
3  0.02389078 0.02393162 0.02426343 0.02430556 0.02397260 0.02337229 0.02337229 0.02298851 0.02310231
4  0.02173913 0.02188552 0.02188552 0.02199662 0.02166667 0.02177554 0.02177554 0.02184874 0.02083333
5  0.13013699 0.11111111 0.11377246 0.09644670 0.03094463 0.03064516 0.03069467 0.03064516 0.03030303
6  0.04193548 0.04173355 0.04180064 0.04186795 0.04200323 0.04186795 0.04193548 0.04200323 0.04200323
7  0.03559322 0.03500000 0.03494176 0.03523490 0.03453947 0.03453947 0.03465347 0.03289474 0.03407155
8  0.02759740 0.02720000 0.02698413 0.02698413 0.02698413 0.02711324 0.02715655 0.02715655 0.02715655
9  0.04180064 0.04180064 0.04186795 0.04200323 0.04120444 0.04094488 0.04113924 0.04120444 0.04120444
10 0.03164557 0.03174603 0.03179650 0.03184713 0.03189793 0.03194888 0.03194888 0.03200000 0.03267974
           48         49         50
1  0.02910959 0.02920962 0.03014184
2  0.03187919 0.03089431 0.03089431
3  0.02280130 0.02280130 0.02280130
4  0.02094241 0.02086957 0.02112676
5  0.03030303 0.03040000 0.03040000
6  0.04304636 0.04326123 0.04326123
7  0.03412969 0.03412969 0.03436426
8  0.02720000 0.02805281 0.02819237
9  0.04220779 0.04227642 0.04227642
10 0.03300330 0.03305785 0.03300330

$`NAIVE BAYES`$`Mean Precisions`
         1          2          3          4          5          6          7          8          9 
0.00000000 0.58083890 0.50964032 0.46325531 0.46450258 0.44763894 0.46292449 0.45311946 0.44761190 
        10         11         12         13         14         15         16         17         18 
0.43426780 0.41750394 0.40519654 0.40364874 0.39847550 0.37977650 0.36572954 0.34463212 0.31824764 
        19         20         21         22         23         24         25         26         27 
0.28738890 0.26232742 0.23158384 0.16116152 0.14255144 0.12105741 0.09877349 0.09173092 0.08786497 
        28         29         30         31         32         33         34         35         36 
0.08847410 0.08800012 0.08627563 0.08521528 0.08337977 0.08234477 0.08202311 0.08070841 0.07952580 
        37         38         39         40         41         42         43         44         45 
0.07616332 0.07647659 0.06252388 0.05895413 0.05837076 0.05300201 0.04623581 0.03861565 0.03794885 
        46         47         48         49         50 
0.03116735 0.03123430 0.03146227 0.03149528 0.03164618 

$`NAIVE BAYES`$`St Dev Precisions`
          1           2           3           4           5           6           7           8 
0.000000000 0.084174969 0.106685806 0.113342842 0.129429139 0.095295236 0.085077378 0.073940380 
          9          10          11          12          13          14          15          16 
0.073953334 0.066170858 0.065763711 0.066985099 0.060486547 0.065022066 0.056952028 0.053803532 
         17          18          19          20          21          22          23          24 
0.060107507 0.058395355 0.061845724 0.062126788 0.060474539 0.097302484 0.084597884 0.079916995 
         25          26          27          28          29          30          31          32 
0.070194370 0.061112939 0.057679076 0.057915899 0.057603025 0.055318480 0.053993415 0.053692860 
         33          34          35          36          37          38          39          40 
0.051579771 0.052195293 0.050281045 0.049764496 0.046491644 0.046393264 0.049577292 0.044331871 
         41          42          43          44          45          46          47          48 
0.043166145 0.034473836 0.031479388 0.022946220 0.020920427 0.006635958 0.006849556 0.007226854 
         49          50 
0.007235554 0.007167375 

$`NAIVE BAYES`$`Micro Ave Precisions`
         1          2          3          4          5          6          7          8          9 
       NaN 0.57926829 0.50673854 0.46055980 0.46035806 0.45088161 0.46596859 0.45431472 0.44887781 
        10         11         12         13         14         15         16         17         18 
0.43552311 0.41943128 0.40740741 0.40596330 0.39954853 0.38095238 0.36530612 0.34285714 0.31560892 
        19         20         21         22         23         24         25         26         27 
0.28244275 0.25543478 0.22043628 0.07744783 0.07398932 0.06198608 0.05275908 0.05202775 0.05145889 
        28         29         30         31         32         33         34         35         36 
0.05184791 0.05195843 0.05197228 0.05194459 0.05139814 0.05142553 0.05141183 0.05130250 0.05110460 
        37         38         39         40         41         42         43         44         45 
0.05071315 0.05086093 0.04106074 0.04057481 0.04056624 0.03998334 0.03652273 0.03379687 0.03373155 
        46         47         48         49         50 
0.03123978 0.03133245 0.03150390 0.03154050 0.03170365 

$`NAIVE BAYES`$`Recalls per Fold`
   1         2         3         4         5         6         7         8         9        10
1  0 1.0000000 1.0000000 1.0000000 1.0000000 1.0000000 1.0000000 1.0000000 1.0000000 1.0000000
2  0 1.0000000 1.0000000 1.0000000 1.0000000 1.0000000 1.0000000 1.0000000 1.0000000 0.9500000
3  0 1.0000000 1.0000000 1.0000000 1.0000000 0.9333333 0.9333333 0.9333333 1.0000000 1.0000000
4  0 0.8461538 0.8461538 0.6923077 0.6153846 0.6153846 0.6923077 0.8461538 0.8461538 0.8461538
5  0 0.9500000 0.9000000 0.9000000 0.9000000 0.9000000 0.9000000 0.9000000 0.9000000 0.9000000
6  0 0.9259259 0.9259259 0.8888889 0.9259259 0.9259259 0.9259259 0.8888889 0.8888889 0.8888889
7  0 1.0000000 1.0000000 0.9523810 0.9523810 0.9523810 0.8571429 0.8571429 0.8571429 0.8571429
8  0 1.0000000 1.0000000 0.9411765 0.9411765 0.9411765 0.9411765 0.9411765 0.9411765 0.9411765
9  0 0.9629630 0.9629630 0.8888889 0.8518519 0.8518519 0.8518519 0.8518519 0.8518519 0.8518519
10 0 0.9047619 0.8571429 0.8571429 0.8571429 0.8571429 0.8571429 0.8571429 0.8571429 0.8571429
          11        12        13        14        15        16        17        18        19        20
1  0.9411765 0.9411765 1.0000000 1.0000000 1.0000000 1.0000000 1.0000000 1.0000000 1.0000000 1.0000000
2  0.9500000 0.9500000 1.0000000 1.0000000 1.0000000 1.0000000 1.0000000 1.0000000 1.0000000 1.0000000
3  0.9333333 0.8666667 0.8666667 0.8666667 0.8666667 0.8666667 0.8666667 0.8666667 0.8666667 1.0000000
4  0.8461538 0.7692308 0.7692308 0.7692308 0.7692308 0.8461538 0.8461538 0.8461538 0.8461538 0.8461538
5  0.8500000 0.8500000 0.8500000 0.8500000 0.8500000 0.8500000 0.8500000 0.8500000 0.9000000 0.9000000
6  0.8888889 0.9259259 0.8888889 0.8888889 0.8518519 0.8888889 0.8888889 0.9259259 0.9259259 0.9629630
7  0.9047619 0.9047619 0.9047619 0.9047619 0.9047619 0.9047619 0.9047619 0.9523810 0.9523810 0.9523810
8  0.9411765 0.9411765 0.9411765 0.9411765 0.9411765 0.9411765 0.9411765 0.9411765 0.9411765 0.9411765
9  0.8518519 0.8518519 0.8518519 0.8518519 0.8518519 0.8518519 0.8888889 0.9629630 0.9629630 0.9629630
10 0.8571429 0.8571429 0.8571429 0.8571429 0.8571429 0.9047619 0.9047619 0.9047619 0.9047619 0.9047619
          21        22       23       24       25       26       27       28       29   30       31
1  1.0000000 1.0000000 1.000000 1.000000 1.000000 1.000000 1.000000 1.000000 1.000000 1.00 1.000000
2  1.0000000 1.0000000 1.000000 1.000000 1.000000 0.950000 0.950000 0.950000 0.950000 0.95 0.950000
3  1.0000000 1.0000000 1.000000 1.000000 1.000000 1.000000 1.000000 1.000000 1.000000 1.00 1.000000
4  1.0000000 1.0000000 1.000000 1.000000 1.000000 1.000000 1.000000 1.000000 1.000000 1.00 1.000000
5  0.9000000 0.9000000 0.900000 0.950000 0.950000 0.950000 0.900000 0.950000 0.950000 0.90 0.950000
6  0.9629630 0.9629630 0.962963 0.962963 0.962963 0.962963 0.962963 0.962963 0.962963 1.00 0.962963
7  0.9523810 0.9523810 0.952381 1.000000 1.000000 1.000000 1.000000 1.000000 1.000000 1.00 1.000000
8  0.9411765 0.9411765 1.000000 1.000000 1.000000 1.000000 1.000000 1.000000 1.000000 1.00 1.000000
9  1.0000000 1.0000000 1.000000 1.000000 1.000000 1.000000 1.000000 1.000000 1.000000 1.00 1.000000
10 0.9523810 1.0000000 1.000000 1.000000 1.000000 1.000000 1.000000 1.000000 1.000000 1.00 1.000000
         32       33       34       35       36       37       38        39        40        41
1  1.000000 1.000000 1.000000 1.000000 1.000000 1.000000 1.000000 1.0000000 1.0000000 1.0000000
2  0.950000 0.950000 0.950000 0.950000 0.950000 0.950000 0.950000 0.9500000 0.9500000 0.9500000
3  1.000000 1.000000 1.000000 1.000000 1.000000 1.000000 1.000000 0.9333333 0.9333333 0.9333333
4  1.000000 1.000000 1.000000 1.000000 1.000000 1.000000 1.000000 1.0000000 1.0000000 1.0000000
5  0.900000 0.900000 0.900000 0.900000 0.900000 0.900000 0.900000 0.9500000 0.9500000 0.9500000
6  0.962963 0.962963 0.962963 0.962963 0.962963 0.962963 0.962963 0.9629630 0.9629630 0.9629630
7  1.000000 1.000000 1.000000 1.000000 1.000000 1.000000 1.000000 1.0000000 1.0000000 1.0000000
8  1.000000 1.000000 1.000000 1.000000 1.000000 1.000000 1.000000 1.0000000 1.0000000 1.0000000
9  1.000000 1.000000 1.000000 1.000000 0.962963 0.962963 0.962963 0.9629630 0.9629630 0.9629630
10 0.952381 0.952381 0.952381 0.952381 0.952381 0.952381 0.952381 0.9523810 0.9523810 0.9523810
          42        43        44        45        46        47        48        49        50
1  1.0000000 1.0000000 1.0000000 1.0000000 1.0000000 1.0000000 1.0000000 1.0000000 1.0000000
2  0.9500000 0.9500000 0.9500000 0.9500000 0.9500000 0.9500000 0.9500000 0.9500000 0.9500000
3  0.9333333 0.9333333 0.9333333 0.9333333 0.9333333 0.9333333 0.9333333 0.9333333 0.9333333
4  1.0000000 1.0000000 1.0000000 1.0000000 1.0000000 0.9230769 0.9230769 0.9230769 0.9230769
5  0.9500000 0.9500000 0.9500000 0.9500000 0.9500000 0.9500000 0.9500000 0.9500000 0.9500000
6  0.9629630 0.9629630 0.9629630 0.9629630 0.9629630 0.9629630 0.9629630 0.9629630 0.9629630
7  1.0000000 1.0000000 1.0000000 1.0000000 0.9523810 0.9523810 0.9523810 0.9523810 0.9523810
8  1.0000000 1.0000000 1.0000000 1.0000000 1.0000000 1.0000000 1.0000000 1.0000000 1.0000000
9  0.9629630 0.9629630 0.9629630 0.9629630 0.9629630 0.9629630 0.9629630 0.9629630 0.9629630
10 0.9523810 0.9523810 0.9523810 0.9523810 0.9523810 0.9523810 0.9523810 0.9523810 0.9523810

$`NAIVE BAYES`$`Mean Recalls`
        1         2         3         4         5         6         7         8         9        10 
0.0000000 0.9589805 0.9492186 0.9120786 0.9043863 0.8977196 0.8958881 0.9075690 0.9142357 0.9092357 
       11        12        13        14        15        16        17        18        19        20 
0.8964486 0.8857933 0.8929719 0.8929719 0.8892682 0.9054262 0.9091299 0.9250029 0.9300029 0.9470399 
       21        22        23        24        25        26        27        28        29        30 
0.9708901 0.9756520 0.9815344 0.9912963 0.9912963 0.9862963 0.9812963 0.9862963 0.9862963 0.9850000 
       31        32        33        34        35        36        37        38        39        40 
0.9862963 0.9765344 0.9765344 0.9765344 0.9765344 0.9728307 0.9728307 0.9728307 0.9711640 0.9711640 
       41        42        43        44        45        46        47        48        49        50 
0.9711640 0.9711640 0.9711640 0.9711640 0.9711640 0.9664021 0.9587098 0.9587098 0.9587098 0.9587098 

$`NAIVE BAYES`$`St Dev Recalls`
         1          2          3          4          5          6          7          8          9 
0.00000000 0.05299017 0.06249264 0.09321426 0.11550850 0.11122121 0.08971405 0.05892396 0.06556043 
        10         11         12         13         14         15         16         17         18 
0.05996027 0.04291660 0.05718800 0.07165843 0.07165843 0.07284031 0.05811735 0.05544241 0.05711345 
        19         20         21         22         23         24         25         26         27 
0.05175501 0.05073076 0.03479025 0.03523144 0.03371371 0.01860167 0.01860167 0.02234534 0.03395006 
        28         29         30         31         32         33         34         35         36 
0.02234534 0.02234534 0.03374743 0.02234534 0.03437209 0.03437209 0.03437209 0.03437209 0.03354821 
        37         38         39         40         41         42         43         44         45 
0.03354821 0.03354821 0.02612016 0.02612016 0.02612016 0.02612016 0.02612016 0.02612016 0.02612016 
        46         47         48         49         50 
0.02457392 0.02492530 0.02492530 0.02492530 0.02492530 

$`NAIVE BAYES`$`Micro Ave Recalls`
        1         2         3         4         5         6         7         8         9        10 
      NaN 0.9595960 0.9494949 0.9141414 0.9090909 0.9040404 0.8989899 0.9040404 0.9090909 0.9040404 
       11        12        13        14        15        16        17        18        19        20 
0.8939394 0.8888889 0.8939394 0.8939394 0.8888889 0.9040404 0.9090909 0.9292929 0.9343434 0.9494949 
       21        22        23        24        25        26        27        28        29        30 
0.9696970 0.9747475 0.9797980 0.9898990 0.9898990 0.9848485 0.9797980 0.9848485 0.9848485 0.9848485 
       31        32        33        34        35        36        37        38        39        40 
0.9848485 0.9747475 0.9747475 0.9747475 0.9747475 0.9696970 0.9696970 0.9696970 0.9696970 0.9696970 
       41        42        43        44        45        46        47        48        49        50 
0.9696970 0.9696970 0.9696970 0.9696970 0.9696970 0.9646465 0.9595960 0.9595960 0.9595960 0.9595960 

$`NAIVE BAYES`$`F1 Measure`
   1         2         3         4         5         6         7         8         9        10
1  0 0.7083333 0.6415094 0.6296296 0.6071429 0.6071429 0.6071429 0.5762712 0.5483871 0.5312500
2  0 0.7017544 0.6451613 0.6060606 0.6060606 0.5970149 0.6349206 0.6666667 0.6557377 0.6440678
3  0 0.6521739 0.6250000 0.5660377 0.6000000 0.5957447 0.5833333 0.5714286 0.5769231 0.5660377
4  0 0.7096774 0.4782609 0.4000000 0.3636364 0.3720930 0.4500000 0.4888889 0.4782609 0.4782609
5  0 0.7450980 0.7346939 0.6545455 0.6101695 0.6315789 0.6428571 0.6545455 0.6428571 0.6315789
6  0 0.7692308 0.7142857 0.6857143 0.7462687 0.6756757 0.6849315 0.6760563 0.6666667 0.6486486
7  0 0.7000000 0.7000000 0.6060606 0.6349206 0.6349206 0.6315789 0.6206897 0.6206897 0.6101695
8  0 0.6296296 0.5396825 0.4923077 0.4705882 0.5161290 0.5161290 0.5000000 0.5161290 0.5161290
9  0 0.8387097 0.7761194 0.7619048 0.7666667 0.7187500 0.7187500 0.6478873 0.6571429 0.6216216
10 0 0.7307692 0.7058824 0.6666667 0.6428571 0.5806452 0.5901639 0.6000000 0.6000000 0.5901639
          11        12        13        14        15        16        17        18        19        20
1  0.5245902 0.5245902 0.5396825 0.5312500 0.5151515 0.5230769 0.5000000 0.4927536 0.4657534 0.4533333
2  0.6129032 0.6031746 0.6153846 0.5970149 0.6060606 0.5797101 0.5797101 0.5405405 0.5405405 0.5194805
3  0.5283019 0.5098039 0.5306122 0.5306122 0.5306122 0.5306122 0.5098039 0.5200000 0.4642857 0.4687500
4  0.4583333 0.4347826 0.4347826 0.4255319 0.4166667 0.4074074 0.3728814 0.3384615 0.2972973 0.2716049
5  0.5862069 0.5862069 0.5862069 0.5862069 0.5762712 0.5762712 0.5573770 0.5000000 0.5070423 0.4615385
6  0.6153846 0.6250000 0.6153846 0.6233766 0.5822785 0.5454545 0.5052632 0.4854369 0.4504505 0.4262295
7  0.6440678 0.6129032 0.5937500 0.5937500 0.5277778 0.5205479 0.4871795 0.4819277 0.4301075 0.3960396
8  0.5000000 0.4571429 0.4637681 0.4444444 0.4507042 0.4324324 0.4102564 0.3809524 0.3440860 0.3106796
9  0.6216216 0.6052632 0.5897436 0.5822785 0.5679012 0.5476190 0.5647059 0.5473684 0.4905660 0.4521739
10 0.5714286 0.5714286 0.5625000 0.5625000 0.5217391 0.5205479 0.4810127 0.4222222 0.3725490 0.3220339
          21         22         23         24         25         26         27         28         29
1  0.4358974 0.39080460 0.35416667 0.33009709 0.30088496 0.27868852 0.27868852 0.27200000 0.26356589
2  0.5063291 0.46511628 0.42105263 0.38834951 0.34188034 0.28787879 0.25503356 0.26573427 0.27941176
3  0.4109589 0.38961039 0.35714286 0.32608696 0.27027027 0.22727273 0.19867550 0.20689655 0.20000000
4  0.2888889 0.26262626 0.23423423 0.23636364 0.23008850 0.23008850 0.22033898 0.21848739 0.21666667
5  0.4285714 0.37500000 0.33333333 0.28571429 0.24836601 0.26206897 0.27067669 0.27142857 0.26573427
6  0.3687943 0.07843137 0.07726597 0.07738095 0.07749627 0.07749627 0.07761194 0.07784431 0.07807808
7  0.3361345 0.30769231 0.27972028 0.23333333 0.06422018 0.06461538 0.06491499 0.06491499 0.06501548
8  0.2666667 0.23703704 0.19883041 0.05279503 0.05238829 0.05255023 0.05206738 0.05230769 0.05238829
9  0.3913043 0.08294931 0.08132530 0.08256881 0.08181818 0.08181818 0.08244275 0.08269525 0.08346213
10 0.2721088 0.06306306 0.06222222 0.06278027 0.06250000 0.06231454 0.06268657 0.06278027 0.06315789
           30         31         32         33         34         35         36         37         38
1  0.26562500 0.25757576 0.25563910 0.25757576 0.25757576 0.25373134 0.25373134 0.24460432 0.24817518
2  0.26950355 0.25503356 0.26027397 0.24836601 0.26206897 0.25333333 0.25333333 0.24675325 0.23899371
3  0.19736842 0.19867550 0.16574586 0.17857143 0.16666667 0.16759777 0.16042781 0.15544041 0.15625000
4  0.20800000 0.20800000 0.20634921 0.20155039 0.19402985 0.19402985 0.18439716 0.16352201 0.16883117
5  0.25352113 0.26206897 0.26086957 0.24827586 0.24657534 0.23841060 0.23684211 0.22360248 0.22641509
6  0.08108108 0.07878788 0.08037094 0.07902736 0.07938931 0.07938931 0.07963247 0.08087092 0.08125000
7  0.06572770 0.06572770 0.06572770 0.06677266 0.06698565 0.06698565 0.06763285 0.06796117 0.06818182
8  0.05255023 0.05263158 0.05263158 0.05287714 0.05304212 0.05304212 0.05345912 0.05337520 0.05345912
9  0.08346213 0.08398134 0.08477237 0.08503937 0.08530806 0.08517350 0.08125000 0.08125000 0.08176101
10 0.06334842 0.06344411 0.06060606 0.06069803 0.06069803 0.06106870 0.06240250 0.06250000 0.06211180
           39         40         41         42         43         44         45         46         47
1  0.24113475 0.21935484 0.21518987 0.18994413 0.18378378 0.18378378 0.17258883 0.05666667 0.05657238
2  0.23456790 0.23170732 0.22222222 0.18811881 0.19387755 0.06333333 0.06260297 0.06148867 0.06168831
3  0.04658902 0.04666667 0.04729730 0.04737733 0.04674457 0.04560261 0.04560261 0.04487179 0.04508857
4  0.04255319 0.04283361 0.04283361 0.04304636 0.04241436 0.04262295 0.04262295 0.04276316 0.04074703
5  0.22891566 0.19895288 0.20320856 0.17511521 0.05993691 0.05937500 0.05946792 0.05937500 0.05873261
6  0.08037094 0.08000000 0.08012327 0.08024691 0.08049536 0.08024691 0.08037094 0.08049536 0.08049536
7  0.06873977 0.06763285 0.06752412 0.06807131 0.06677266 0.06677266 0.06698565 0.06359300 0.06578947
8  0.05371248 0.05295950 0.05255023 0.05255023 0.05255023 0.05279503 0.05287714 0.05287714 0.05287714
9  0.08012327 0.08012327 0.08024691 0.08049536 0.07902736 0.07854985 0.07890744 0.07902736 0.07902736
10 0.06125574 0.06144393 0.06153846 0.06163328 0.06172840 0.06182380 0.06182380 0.06191950 0.06319115
           48         49         50
1  0.05657238 0.05676127 0.05851979
2  0.06168831 0.05984252 0.05984252
3  0.04451510 0.04451510 0.04451510
4  0.04095563 0.04081633 0.04130809
5  0.05873261 0.05891473 0.05891473
6  0.08240887 0.08280255 0.08280255
7  0.06589786 0.06589786 0.06633499
8  0.05295950 0.05457464 0.05483871
9  0.08087092 0.08099688 0.08099688
10 0.06379585 0.06389776 0.06379585

$`NAIVE BAYES`$`Mean F1 Measure`
         1          2          3          4          5          6          7          8          9 
0.00000000 0.71853764 0.65605955 0.60689274 0.60483107 0.59296949 0.60598074 0.60024341 0.59627941 
        10         11         12         13         14         15         16         17         18 
0.58379281 0.56628381 0.55302960 0.55318152 0.54769655 0.52951631 0.51836798 0.49681901 0.47096633 
        19         20         21         22         23         24         25         26         27 
0.43626783 0.40818638 0.37056544 0.26523306 0.23992939 0.20754699 0.17299130 0.16247921 0.15631369 
        28         29         30         31         32         33         34         35         36 
0.15750893 0.15674805 0.15401877 0.15259264 0.14929864 0.14787540 0.14723397 0.14527622 0.14331087 
        37         38         39         40         41         42         43         44         45 
0.13798798 0.13854289 0.11379627 0.10816749 0.10727345 0.09865989 0.08673312 0.07349059 0.07238502 
        46         47         48         49         50 
0.06030777 0.06042094 0.06083970 0.06090196 0.06118692 

$`NAIVE BAYES`$`St Dev F1 Measure`
         1          2          3          4          5          6          7          8          9 
0.00000000 0.05867321 0.09119712 0.10231058 0.11775749 0.09485624 0.07815265 0.06637431 0.06497350 
        10         11         12         13         14         15         16         17         18 
0.05876656 0.06087155 0.06774182 0.06200645 0.06610291 0.05917933 0.05635573 0.06548389 0.06893262 
        19         20         21         22         23         24         25         26         27 
0.07644460 0.08091926 0.07921477 0.14713545 0.13115658 0.12772957 0.11513342 0.10183863 0.09622416 
        28         29         30         31         32         33         34         35         36 
0.09690437 0.09627515 0.09255449 0.09088094 0.08988068 0.08687582 0.08758276 0.08476694 0.08385168 
        37         38         39         40         41         42         43         44         45 
0.07868814 0.07859909 0.08452319 0.07628275 0.07449552 0.06055816 0.05524737 0.04065895 0.03731843 
        46         47         48         49         50 
0.01241939 0.01284090 0.01353243 0.01354658 0.01341840 

$`NAIVE BAYES`$`Micro Ave F1 Measure`
         1          2          3          4          5          6          7          8          9 
       NaN 0.72243346 0.66080844 0.61252115 0.61120543 0.60168067 0.61379310 0.60472973 0.60100167 
        10         11         12         13         14         15         16         17         18 
0.58784893 0.57096774 0.55873016 0.55835962 0.55226209 0.53333333 0.52034884 0.49792531 0.47119078 
        19         20         21         22         23         24         25         26         27 
0.43376319 0.40256959 0.35921422 0.14349442 0.13758865 0.11666667 0.10017889 0.09883426 0.09778226 
        28         29         30         31         32         33         34         35         36 
0.09850972 0.09870919 0.09873418 0.09868421 0.09764736 0.09769679 0.09767206 0.09747475 0.09709229 
        37         38         39         40         41         42         43         44         45 
0.09638554 0.09665240 0.07878539 0.07789047 0.07787467 0.07680000 0.07039413 0.06531723 0.06519525 
        46         47         48         49         50 
0.06051965 0.06068349 0.06100498 0.06107361 0.06137942 


$SVM
$SVM$`Accuracy per Fold`
   1         2         3         4         5         6         7         8         9        10
1  0 0.9957204 0.9957204 0.9957204 0.9942939 0.9914408 0.9914408 0.9942939 0.9928673 0.9843081
2  0 0.9943503 0.9957627 0.9929379 0.9943503 0.9929379 0.9901130 0.9901130 0.9901130 0.9887006
3  0 0.9971711 0.9971711 0.9985856 0.9985856 0.9971711 0.9943423 0.9943423 0.9943423 0.9943423
4  0 0.9929379 0.9915254 0.9887006 0.9872881 0.9858757 0.9887006 0.9901130 0.9915254 0.9915254
5  0 0.9957627 0.9943503 0.9943503 0.9929379 0.9929379 0.9915254 0.9943503 0.9929379 0.9929379
6  0 0.9957567 0.9957567 0.9957567 0.9957567 0.9943423 0.9943423 0.9915134 0.9915134 0.9872702
7  0 0.9971751 0.9957627 0.9943503 0.9943503 0.9943503 0.9929379 0.9943503 0.9929379 0.9943503
8  0 0.9957567 0.9957567 0.9957567 0.9971711 0.9971711 0.9957567 0.9929279 0.9915134 0.9915134
9  0 0.9915254 0.9901130 0.9872881 0.9872881 0.9872881 0.9858757 0.9872881 0.9872881 0.9872881
10 0 0.9928673 0.9885877 0.9871612 0.9871612 0.9843081 0.9828816 0.9843081 0.9857347 0.9871612
          11        12        13        14        15        16        17        18        19        20
1  0.9828816 0.9814551 0.9814551 0.9885877 0.9914408 0.9885877 0.9885877 0.9885877 0.9871612 0.9871612
2  0.9915254 0.9901130 0.9887006 0.9915254 0.9858757 0.9844633 0.9844633 0.9858757 0.9858757 0.9858757
3  0.9957567 0.9957567 0.9957567 0.9957567 0.9957567 0.9943423 0.9943423 0.9943423 0.9929279 0.9915134
4  0.9915254 0.9915254 0.9915254 0.9915254 0.9858757 0.9844633 0.9844633 0.9844633 0.9844633 0.9844633
5  0.9943503 0.9929379 0.9929379 0.9943503 0.9957627 0.9957627 0.9957627 0.9901130 0.9887006 0.9887006
6  0.9872702 0.9886846 0.9886846 0.9872702 0.9858557 0.9844413 0.9844413 0.9844413 0.9844413 0.9816124
7  0.9971751 0.9971751 0.9971751 0.9957627 0.9971751 0.9943503 0.9943503 0.9943503 0.9943503 0.9943503
8  0.9900990 0.9900990 0.9886846 0.9900990 0.9915134 0.9929279 0.9943423 0.9943423 0.9943423 0.9943423
9  0.9858757 0.9872881 0.9887006 0.9872881 0.9872881 0.9872881 0.9872881 0.9872881 0.9872881 0.9872881
10 0.9857347 0.9843081 0.9843081 0.9843081 0.9843081 0.9828816 0.9843081 0.9843081 0.9857347 0.9857347
          21        22        23        24        25        26        27        28        29        30
1  0.9871612 0.9871612 0.9871612 0.9871612 0.9871612 0.9871612 0.9871612 0.9871612 0.9871612 0.9885877
2  0.9858757 0.9858757 0.9858757 0.9858757 0.9858757 0.9858757 0.9858757 0.9858757 0.9858757 0.9858757
3  0.9915134 0.9915134 0.9915134 0.9915134 0.9915134 0.9915134 0.9915134 0.9915134 0.9915134 0.9915134
4  0.9844633 0.9844633 0.9844633 0.9844633 0.9844633 0.9844633 0.9844633 0.9844633 0.9844633 0.9844633
5  0.9887006 0.9887006 0.9887006 0.9887006 0.9887006 0.9887006 0.9887006 0.9887006 0.9887006 0.9887006
6  0.9816124 0.9816124 0.9816124 0.9816124 0.9801980 0.9801980 0.9830269 0.9830269 0.9816124 0.9816124
7  0.9943503 0.9943503 0.9943503 0.9943503 0.9943503 0.9929379 0.9929379 0.9943503 0.9957627 0.9957627
8  0.9943423 0.9929279 0.9929279 0.9929279 0.9929279 0.9943423 0.9943423 0.9929279 0.9900990 0.9900990
9  0.9872881 0.9872881 0.9858757 0.9858757 0.9858757 0.9844633 0.9844633 0.9844633 0.9844633 0.9844633
10 0.9857347 0.9857347 0.9857347 0.9857347 0.9857347 0.9857347 0.9857347 0.9857347 0.9857347 0.9857347
          31        32        33        34        35        36        37        38        39        40
1  0.9885877 0.9885877 0.9885877 0.9885877 0.9885877 0.9885877 0.9871612 0.9871612 0.9871612 0.9871612
2  0.9858757 0.9872881 0.9858757 0.9872881 0.9872881 0.9872881 0.9872881 0.9872881 0.9872881 0.9872881
3  0.9915134 0.9900990 0.9900990 0.9900990 0.9900990 0.9900990 0.9900990 0.9900990 0.9886846 0.9886846
4  0.9844633 0.9844633 0.9844633 0.9844633 0.9844633 0.9844633 0.9844633 0.9844633 0.9844633 0.9844633
5  0.9887006 0.9887006 0.9872881 0.9872881 0.9872881 0.9872881 0.9872881 0.9872881 0.9872881 0.9872881
6  0.9816124 0.9816124 0.9816124 0.9816124 0.9816124 0.9830269 0.9830269 0.9844413 0.9844413 0.9844413
7  0.9957627 0.9957627 0.9957627 0.9957627 0.9957627 0.9957627 0.9957627 0.9957627 0.9957627 0.9957627
8  0.9900990 0.9900990 0.9900990 0.9900990 0.9900990 0.9900990 0.9900990 0.9900990 0.9915134 0.9915134
9  0.9858757 0.9858757 0.9858757 0.9858757 0.9858757 0.9858757 0.9858757 0.9872881 0.9872881 0.9872881
10 0.9857347 0.9843081 0.9843081 0.9843081 0.9857347 0.9843081 0.9814551 0.9814551 0.9814551 0.9828816
          41        42        43        44        45        46        47        48        49        50
1  0.9871612 0.9871612 0.9871612 0.9871612 0.9871612 0.9871612 0.9871612 0.9857347 0.9857347 0.9857347
2  0.9872881 0.9872881 0.9872881 0.9872881 0.9872881 0.9872881 0.9872881 0.9872881 0.9872881 0.9858757
3  0.9886846 0.9886846 0.9900990 0.9900990 0.9900990 0.9900990 0.9900990 0.9900990 0.9900990 0.9886846
4  0.9844633 0.9844633 0.9844633 0.9844633 0.9844633 0.9844633 0.9844633 0.9844633 0.9844633 0.9844633
5  0.9858757 0.9858757 0.9858757 0.9844633 0.9844633 0.9844633 0.9844633 0.9844633 0.9844633 0.9830508
6  0.9844413 0.9844413 0.9844413 0.9844413 0.9844413 0.9844413 0.9844413 0.9844413 0.9844413 0.9830269
7  0.9957627 0.9957627 0.9957627 0.9943503 0.9915254 0.9915254 0.9915254 0.9929379 0.9929379 0.9929379
8  0.9915134 0.9915134 0.9915134 0.9915134 0.9915134 0.9915134 0.9886846 0.9886846 0.9886846 0.9886846
9  0.9872881 0.9872881 0.9872881 0.9872881 0.9872881 0.9858757 0.9858757 0.9858757 0.9858757 0.9858757
10 0.9828816 0.9843081 0.9843081 0.9871612 0.9857347 0.9871612 0.9885877 0.9885877 0.9885877 0.9885877

$SVM$`Mean Accuracy`
        1         2         3         4         5         6         7         8         9        10 
0.0000000 0.9949024 0.9940507 0.9930608 0.9929183 0.9917823 0.9907916 0.9913600 0.9910773 0.9899397 
       11        12        13        14        15        16        17        18        19        20 
0.9902194 0.9899343 0.9897929 0.9906474 0.9900852 0.9889508 0.9892349 0.9888112 0.9885285 0.9881042 
       21        22        23        24        25        26        27        28        29        30 
0.9881042 0.9879628 0.9878215 0.9878215 0.9876801 0.9875390 0.9878219 0.9878217 0.9875386 0.9876813 
       31        32        33        34        35        36        37        38        39        40 
0.9878225 0.9876797 0.9873972 0.9875384 0.9876811 0.9876799 0.9872519 0.9875346 0.9875346 0.9876773 
       41        42        43        44        45        46        47        48        49        50 
0.9875360 0.9876787 0.9878201 0.9878229 0.9873978 0.9873992 0.9872590 0.9872576 0.9872576 0.9866922 

$SVM$`St Dev Accuracy`
          1           2           3           4           5           6           7           8 
0.000000000 0.001911698 0.002906398 0.003980700 0.004226855 0.004533373 0.004041461 0.003452631 
          9          10          11          12          13          14          15          16 
0.002691558 0.003463195 0.004726477 0.004831121 0.004800490 0.003872187 0.004865653 0.004952940 
         17          18          19          20          21          22          23          24 
0.004921015 0.004253455 0.003923709 0.004182519 0.004182519 0.003966457 0.004017963 0.004017963 
         25          26          27          28          29          30          31          32 
0.004277347 0.004365939 0.003904722 0.003904753 0.004103353 0.004113558 0.004013827 0.003955868 
         33          34          35          36          37          38          39          40 
0.003975678 0.003940553 0.003835026 0.003723624 0.004079506 0.003903533 0.003960070 0.003736094 
         41          42          43          44          45          46          47          48 
0.003778892 0.003606666 0.003677537 0.003280658 0.002790501 0.002782420 0.002484649 0.002826901 
         49          50 
0.002826901 0.003063273 

$SVM$`Precisions per Fold`
   1         2         3         4         5         6         7         8         9        10
1  0 0.8500000 0.8500000 0.8888889 0.8095238 0.7619048 0.7619048 0.8421053 0.8000000 0.6363636
2  0 0.8333333 0.8695652 0.8000000 0.8636364 0.8260870 0.7600000 0.7826087 0.7826087 0.7727273
3  0 0.8823529 0.8823529 0.9375000 0.9375000 0.9333333 0.8666667 0.8666667 0.8666667 0.8666667
4  0 0.8333333 0.8181818 0.6923077 0.6666667 0.6153846 0.6923077 0.7500000 0.8181818 0.8181818
5  0 0.9473684 0.9000000 0.9000000 0.8571429 0.8571429 0.8181818 0.8636364 0.8260870 0.8260870
6  0 0.9615385 0.9615385 0.9615385 0.9615385 0.9259259 0.8965517 0.8620690 0.8620690 0.8214286
7  0 0.9130435 0.8750000 0.8400000 0.8400000 0.8400000 0.8076923 0.8400000 0.8076923 0.8400000
8  0 0.8888889 0.8888889 0.9375000 0.9411765 0.8947368 0.8888889 0.8000000 0.7619048 0.7619048
9  0 0.9200000 0.9166667 0.8750000 0.8750000 0.8750000 0.8400000 0.8461538 0.8461538 0.8461538
10 0 0.9444444 0.8421053 0.8333333 0.8000000 0.7777778 0.7368421 0.7272727 0.7391304 0.7727273
          11        12        13        14        15        16        17        18        19        20
1  0.6086957 0.5909091 0.5909091 0.7142857 0.8666667 0.8461538 0.8461538 0.8461538 0.9000000 0.9000000
2  0.8888889 0.8421053 0.8000000 0.8888889 0.8571429 0.8461538 0.8461538 0.9166667 0.9166667 0.9166667
3  0.9285714 0.9285714 0.9285714 0.9285714 0.9285714 1.0000000 1.0000000 1.0000000 1.0000000 1.0000000
4  0.8181818 0.8181818 0.8181818 0.8181818 0.7142857 0.6666667 0.6666667 0.6666667 0.6666667 0.6666667
5  0.8636364 0.8260870 0.8260870 0.8636364 0.9047619 0.9473684 0.9473684 0.9333333 0.9285714 0.9285714
6  0.8214286 0.8518519 0.9130435 0.9500000 0.9473684 0.9444444 0.9444444 0.9444444 0.9444444 0.9375000
7  0.9130435 0.9130435 0.9130435 0.9090909 0.9523810 0.9473684 0.9473684 0.9473684 0.9473684 0.9473684
8  0.7272727 0.7272727 0.7142857 0.7500000 0.7894737 0.8750000 0.9333333 0.9333333 0.9333333 0.9333333
9  0.8695652 0.9090909 0.9523810 0.9500000 0.9090909 0.9090909 0.9090909 0.9090909 0.9090909 0.9090909
10 0.7391304 0.7272727 0.7272727 0.7272727 0.7500000 0.7368421 0.7777778 0.7777778 0.8235294 0.9230769
          21        22        23        24        25        26        27        28        29        30
1  0.9000000 0.9000000 0.9000000 0.9000000 0.9000000 0.9000000 0.9000000 0.9000000 0.9000000 0.9090909
2  0.9166667 0.9166667 0.9166667 0.9166667 0.9166667 0.9166667 0.9166667 0.9166667 0.9166667 0.9166667
3  1.0000000 1.0000000 1.0000000 1.0000000 1.0000000 1.0000000 1.0000000 1.0000000 1.0000000 1.0000000
4  0.6666667 0.6666667 0.6666667 0.6666667 0.6666667 0.6666667 0.6666667 0.6666667 0.6666667 0.6666667
5  0.9285714 0.9285714 0.9285714 0.9285714 0.9285714 0.9285714 0.9285714 0.9285714 0.9285714 0.9285714
6  0.9375000 0.9375000 0.9375000 0.9375000 0.9333333 0.9333333 0.9411765 0.9411765 0.9375000 0.9375000
7  0.9473684 0.9473684 0.9473684 0.9473684 0.9473684 0.9444444 0.9444444 0.9473684 1.0000000 1.0000000
8  0.9333333 0.9285714 0.9285714 0.9285714 0.9285714 0.9333333 0.9333333 0.9285714 0.9166667 0.9166667
9  0.9090909 0.9090909 0.9047619 0.9047619 0.9047619 0.9000000 0.9000000 0.9000000 0.9000000 0.9000000
10 0.9230769 0.9230769 0.9230769 0.9230769 0.9230769 0.9230769 0.9230769 0.9230769 0.9230769 0.9230769
          31        32        33        34        35        36        37        38        39        40
1  0.9090909 0.9090909 0.9090909 0.9090909 0.9090909 0.9090909 0.9000000 0.9000000 0.9000000 0.9000000
2  0.9166667 0.9230769 0.9166667 0.9230769 0.9230769 0.9230769 0.9230769 0.9230769 0.9230769 0.9230769
3  1.0000000 1.0000000 1.0000000 1.0000000 1.0000000 1.0000000 1.0000000 1.0000000 1.0000000 1.0000000
4  0.6666667 0.6666667 0.6666667 0.6666667 0.6666667 0.6666667 0.6666667 0.6666667 0.6666667 0.6666667
5  0.9285714 0.9285714 0.9230769 0.9230769 0.9230769 0.9230769 0.9230769 0.9230769 0.9230769 0.9230769
6  0.9375000 0.9375000 0.9375000 0.9375000 0.9375000 0.9411765 0.9411765 0.9444444 0.9444444 0.9444444
7  1.0000000 1.0000000 1.0000000 1.0000000 1.0000000 1.0000000 1.0000000 1.0000000 1.0000000 1.0000000
8  0.9166667 0.9166667 0.9166667 0.9166667 0.9166667 0.9166667 0.9166667 0.9166667 0.9230769 0.9230769
9  0.9473684 0.9473684 0.9473684 0.9473684 0.9473684 0.9473684 0.9473684 0.9500000 0.9500000 0.9500000
10 0.9230769 0.9166667 0.9166667 0.9166667 0.9230769 0.8571429 0.8333333 0.8333333 0.8333333 0.8461538
          41        42        43        44        45        46        47        48        49        50
1  0.9000000 0.9000000 0.9000000 0.9000000 0.9000000 0.9000000 0.9000000 0.8888889 0.8888889 0.8888889
2  0.9230769 0.9230769 0.9230769 0.9230769 0.9230769 0.9230769 0.9230769 0.9230769 0.9230769 0.9166667
3  1.0000000 1.0000000 1.0000000 1.0000000 1.0000000 1.0000000 1.0000000 1.0000000 1.0000000 0.8888889
4  0.6666667 0.6666667 0.6666667 0.6666667 0.6666667 0.6666667 0.6666667 0.6666667 0.6666667 0.6666667
5  0.9166667 0.9166667 0.9166667 0.9090909 0.9090909 0.9090909 0.9090909 0.9090909 0.9090909 0.8333333
6  0.9444444 0.9444444 0.9444444 0.9444444 0.9444444 0.9444444 0.9444444 0.9444444 0.9444444 0.9411765
7  1.0000000 1.0000000 1.0000000 1.0000000 1.0000000 1.0000000 1.0000000 1.0000000 1.0000000 1.0000000
8  0.9230769 0.9230769 0.9230769 0.9230769 0.9230769 0.9230769 0.9090909 0.9090909 0.9090909 0.9090909
9  0.9500000 0.9500000 0.9500000 0.9500000 0.9500000 0.9473684 0.9473684 0.9473684 0.9473684 0.9473684
10 0.8461538 0.8571429 0.8571429 0.8750000 0.8666667 0.8750000 0.9333333 0.9333333 0.9333333 0.9333333

$SVM$`Mean Precisions`
        1         2         3         4         5         6         7         8         9        10 
0.0000000 0.8974303 0.8804299 0.8666068 0.8552185 0.8307293 0.8069036 0.8180513 0.8110494 0.7962241 
       11        12        13        14        15        16        17        18        19        20 
0.8178415 0.8134386 0.8183776 0.8499928 0.8619743 0.8719089 0.8818358 0.8874835 0.8969671 0.9062274 
       21        22        23        24        25        26        27        28        29        30 
0.9062274 0.9057512 0.9053183 0.9053183 0.9049017 0.9046093 0.9053936 0.9052098 0.9089148 0.9098239 
       31        32        33        34        35        36        37        38        39        40 
0.9145608 0.9145608 0.9133703 0.9140113 0.9146523 0.9084266 0.9051365 0.9057265 0.9063675 0.9076496 
       41        42        43        44        45        46        47        48        49        50 
0.9070085 0.9081074 0.9081074 0.9091356 0.9083023 0.9088724 0.9133072 0.9121960 0.9121960 0.8925414 

$SVM$`St Dev Precisions`
         1          2          3          4          5          6          7          8          9 
0.00000000 0.04753235 0.04050658 0.07984530 0.08618411 0.09449634 0.06816554 0.05020276 0.04181356 
        10         11         12         13         14         15         16         17         18 
0.06601182 0.09960917 0.10497322 0.11513142 0.09180671 0.08406566 0.10335652 0.09974341 0.09861104 
        19         20         21         22         23         24         25         26         27 
0.09232018 0.08852310 0.08852310 0.08837377 0.08836620 0.08836620 0.08820727 0.08822709 0.08854510 
        28         29         30         31         32         33         34         35         36 
0.08854081 0.09247245 0.09241974 0.09307188 0.09307188 0.09294881 0.09299617 0.09303859 0.09483078 
        37         38         39         40         41         42         43         44         45 
0.09655579 0.09682696 0.09692860 0.09593495 0.09584179 0.09512684 0.09512684 0.09419713 0.09456880 
        46         47         48         49         50 
0.09407388 0.09351272 0.09375410 0.09375410 0.09067052 

$SVM$`Micro Ave Precisions`
        1         2         3         4         5         6         7         8         9        10 
      NaN 0.9009901 0.8861386 0.8706468 0.8627451 0.8398058 0.8122066 0.8215962 0.8110599 0.7953488 
       11        12        13        14        15        16        17        18        19        20 
0.8115942 0.8097561 0.8150000 0.8473684 0.8720930 0.8846154 0.8961039 0.8993289 0.9090909 0.9191176 
       21        22        23        24        25        26        27        28        29        30 
0.9191176 0.9185185 0.9179104 0.9179104 0.9172932 0.9166667 0.9179104 0.9179104 0.9230769 0.9236641 
       31        32        33        34        35        36        37        38        39        40 
0.9307692 0.9302326 0.9291339 0.9296875 0.9302326 0.9236641 0.9218750 0.9230769 0.9230769 0.9236641 
       41        42        43        44        45        46        47        48        49        50 
0.9230769 0.9236641 0.9242424 0.9242424 0.9224806 0.9224806 0.9285714 0.9285714 0.9285714 0.9126984 

$SVM$`Recalls per Fold`
   1         2         3         4         5         6         7         8         9        10
1  0 1.0000000 1.0000000 0.9411765 1.0000000 0.9411765 0.9411765 0.9411765 0.9411765 0.8235294
2  0 1.0000000 1.0000000 1.0000000 0.9500000 0.9500000 0.9500000 0.9000000 0.9000000 0.8500000
3  0 1.0000000 1.0000000 1.0000000 1.0000000 0.9333333 0.8666667 0.8666667 0.8666667 0.8666667
4  0 0.7692308 0.6923077 0.6923077 0.6153846 0.6153846 0.6923077 0.6923077 0.6923077 0.6923077
5  0 0.9000000 0.9000000 0.9000000 0.9000000 0.9000000 0.9000000 0.9500000 0.9500000 0.9500000
6  0 0.9259259 0.9259259 0.9259259 0.9259259 0.9259259 0.9629630 0.9259259 0.9259259 0.8518519
7  0 1.0000000 1.0000000 1.0000000 1.0000000 1.0000000 1.0000000 1.0000000 1.0000000 1.0000000
8  0 0.9411765 0.9411765 0.8823529 0.9411765 1.0000000 0.9411765 0.9411765 0.9411765 0.9411765
9  0 0.8518519 0.8148148 0.7777778 0.7777778 0.7777778 0.7777778 0.8148148 0.8148148 0.8148148
10 0 0.8095238 0.7619048 0.7142857 0.7619048 0.6666667 0.6666667 0.7619048 0.8095238 0.8095238
          11        12        13        14        15        16        17        18        19        20
1  0.8235294 0.7647059 0.7647059 0.8823529 0.7647059 0.6470588 0.6470588 0.6470588 0.5294118 0.5294118
2  0.8000000 0.8000000 0.8000000 0.8000000 0.6000000 0.5500000 0.5500000 0.5500000 0.5500000 0.5500000
3  0.8666667 0.8666667 0.8666667 0.8666667 0.8666667 0.7333333 0.7333333 0.7333333 0.6666667 0.6000000
4  0.6923077 0.6923077 0.6923077 0.6923077 0.3846154 0.3076923 0.3076923 0.3076923 0.3076923 0.3076923
5  0.9500000 0.9500000 0.9500000 0.9500000 0.9500000 0.9000000 0.9000000 0.7000000 0.6500000 0.6500000
6  0.8518519 0.8518519 0.7777778 0.7037037 0.6666667 0.6296296 0.6296296 0.6296296 0.6296296 0.5555556
7  1.0000000 1.0000000 1.0000000 0.9523810 0.9523810 0.8571429 0.8571429 0.8571429 0.8571429 0.8571429
8  0.9411765 0.9411765 0.8823529 0.8823529 0.8823529 0.8235294 0.8235294 0.8235294 0.8235294 0.8235294
9  0.7407407 0.7407407 0.7407407 0.7037037 0.7407407 0.7407407 0.7407407 0.7407407 0.7407407 0.7407407
10 0.8095238 0.7619048 0.7619048 0.7619048 0.7142857 0.6666667 0.6666667 0.6666667 0.6666667 0.5714286
          21        22        23        24        25        26        27        28        29        30
1  0.5294118 0.5294118 0.5294118 0.5294118 0.5294118 0.5294118 0.5294118 0.5294118 0.5294118 0.5882353
2  0.5500000 0.5500000 0.5500000 0.5500000 0.5500000 0.5500000 0.5500000 0.5500000 0.5500000 0.5500000
3  0.6000000 0.6000000 0.6000000 0.6000000 0.6000000 0.6000000 0.6000000 0.6000000 0.6000000 0.6000000
4  0.3076923 0.3076923 0.3076923 0.3076923 0.3076923 0.3076923 0.3076923 0.3076923 0.3076923 0.3076923
5  0.6500000 0.6500000 0.6500000 0.6500000 0.6500000 0.6500000 0.6500000 0.6500000 0.6500000 0.6500000
6  0.5555556 0.5555556 0.5555556 0.5555556 0.5185185 0.5185185 0.5925926 0.5925926 0.5555556 0.5555556
7  0.8571429 0.8571429 0.8571429 0.8571429 0.8571429 0.8095238 0.8095238 0.8571429 0.8571429 0.8571429
8  0.8235294 0.7647059 0.7647059 0.7647059 0.7647059 0.8235294 0.8235294 0.7647059 0.6470588 0.6470588
9  0.7407407 0.7407407 0.7037037 0.7037037 0.7037037 0.6666667 0.6666667 0.6666667 0.6666667 0.6666667
10 0.5714286 0.5714286 0.5714286 0.5714286 0.5714286 0.5714286 0.5714286 0.5714286 0.5714286 0.5714286
          31        32        33        34        35        36        37        38        39        40
1  0.5882353 0.5882353 0.5882353 0.5882353 0.5882353 0.5882353 0.5294118 0.5294118 0.5294118 0.5294118
2  0.5500000 0.6000000 0.5500000 0.6000000 0.6000000 0.6000000 0.6000000 0.6000000 0.6000000 0.6000000
3  0.6000000 0.5333333 0.5333333 0.5333333 0.5333333 0.5333333 0.5333333 0.5333333 0.4666667 0.4666667
4  0.3076923 0.3076923 0.3076923 0.3076923 0.3076923 0.3076923 0.3076923 0.3076923 0.3076923 0.3076923
5  0.6500000 0.6500000 0.6000000 0.6000000 0.6000000 0.6000000 0.6000000 0.6000000 0.6000000 0.6000000
6  0.5555556 0.5555556 0.5555556 0.5555556 0.5555556 0.5925926 0.5925926 0.6296296 0.6296296 0.6296296
7  0.8571429 0.8571429 0.8571429 0.8571429 0.8571429 0.8571429 0.8571429 0.8571429 0.8571429 0.8571429
8  0.6470588 0.6470588 0.6470588 0.6470588 0.6470588 0.6470588 0.6470588 0.6470588 0.7058824 0.7058824
9  0.6666667 0.6666667 0.6666667 0.6666667 0.6666667 0.6666667 0.6666667 0.7037037 0.7037037 0.7037037
10 0.5714286 0.5238095 0.5238095 0.5238095 0.5714286 0.5714286 0.4761905 0.4761905 0.4761905 0.5238095
          41        42        43        44        45        46        47        48        49        50
1  0.5294118 0.5294118 0.5294118 0.5294118 0.5294118 0.5294118 0.5294118 0.4705882 0.4705882 0.4705882
2  0.6000000 0.6000000 0.6000000 0.6000000 0.6000000 0.6000000 0.6000000 0.6000000 0.6000000 0.5500000
3  0.4666667 0.4666667 0.5333333 0.5333333 0.5333333 0.5333333 0.5333333 0.5333333 0.5333333 0.5333333
4  0.3076923 0.3076923 0.3076923 0.3076923 0.3076923 0.3076923 0.3076923 0.3076923 0.3076923 0.3076923
5  0.5500000 0.5500000 0.5500000 0.5000000 0.5000000 0.5000000 0.5000000 0.5000000 0.5000000 0.5000000
6  0.6296296 0.6296296 0.6296296 0.6296296 0.6296296 0.6296296 0.6296296 0.6296296 0.6296296 0.5925926
7  0.8571429 0.8571429 0.8571429 0.8095238 0.7142857 0.7142857 0.7142857 0.7619048 0.7619048 0.7619048
8  0.7058824 0.7058824 0.7058824 0.7058824 0.7058824 0.7058824 0.5882353 0.5882353 0.5882353 0.5882353
9  0.7037037 0.7037037 0.7037037 0.7037037 0.7037037 0.6666667 0.6666667 0.6666667 0.6666667 0.6666667
10 0.5238095 0.5714286 0.5714286 0.6666667 0.6190476 0.6666667 0.6666667 0.6666667 0.6666667 0.6666667

$SVM$`Mean Recalls`
        1         2         3         4         5         6         7         8         9        10 
0.0000000 0.9197709 0.9036130 0.8833827 0.8872170 0.8710265 0.8698735 0.8793973 0.8841592 0.8599871 
       11        12        13        14        15        16        17        18        19        20 
0.8475797 0.8369354 0.8236456 0.8195373 0.7522415 0.6855794 0.6855794 0.6655794 0.6421480 0.6185501 
       21        22        23        24        25        26        27        28        29        30 
0.6185501 0.6126678 0.6089641 0.6089641 0.6052604 0.6026771 0.6100845 0.6089641 0.5934957 0.5993780 
       31        32        33        34        35        36        37        38        39        40 
0.5993780 0.5929494 0.5829494 0.5879494 0.5927113 0.5964150 0.5810089 0.5884163 0.5876320 0.5923939 
       41        42        43        44        45        46        47        48        49        50 
0.5873939 0.5921558 0.5988225 0.5985844 0.5842986 0.5853568 0.5735921 0.5724717 0.5724717 0.5637680 

$SVM$`St Dev Recalls`
         1          2          3          4          5          6          7          8          9 
0.00000000 0.08567610 0.11140518 0.11665803 0.12834332 0.13661493 0.11757229 0.09597016 0.09051918 
        10         11         12         13         14         15         16         17         18 
0.08726767 0.09584666 0.10205000 0.09799962 0.10083329 0.17529787 0.17189013 0.17189013 0.15497230 
        19         20         21         22         23         24         25         26         27 
0.15752409 0.16009471 0.16009471 0.15263312 0.14959928 0.14959928 0.15151467 0.14948818 0.14666317 
        28         29         30         31         32         33         34         35         36 
0.14651092 0.13766969 0.13587224 0.13587224 0.13848035 0.13751006 0.13708724 0.13542872 0.13480469 
        37         38         39         40         41         42         43         44         45 
0.14119703 0.14484753 0.15310464 0.14996170 0.15051246 0.14902318 0.14419866 0.13985668 0.12412945 
        46         47         48         49         50 
0.12327287 0.11588482 0.12700653 0.12700653 0.12530113 

$SVM$`Micro Ave Recalls`
        1         2         3         4         5         6         7         8         9        10 
      NaN 0.9191919 0.9040404 0.8838384 0.8888889 0.8737374 0.8737374 0.8838384 0.8888889 0.8636364 
       11        12        13        14        15        16        17        18        19        20 
0.8484848 0.8383838 0.8232323 0.8131313 0.7575758 0.6969697 0.6969697 0.6767677 0.6565657 0.6313131 
       21        22        23        24        25        26        27        28        29        30 
0.6313131 0.6262626 0.6212121 0.6212121 0.6161616 0.6111111 0.6212121 0.6212121 0.6060606 0.6111111 
       31        32        33        34        35        36        37        38        39        40 
0.6111111 0.6060606 0.5959596 0.6010101 0.6060606 0.6111111 0.5959596 0.6060606 0.6060606 0.6111111 
       41        42        43        44        45        46        47        48        49        50 
0.6060606 0.6111111 0.6161616 0.6161616 0.6010101 0.6010101 0.5909091 0.5909091 0.5909091 0.5808081 

$SVM$`F1 Measure`
   1         2         3         4         5         6         7         8         9        10
1  0 0.9189189 0.9189189 0.9142857 0.8947368 0.8421053 0.8421053 0.8888889 0.8648649 0.7179487
2  0 0.9090909 0.9302326 0.8888889 0.9047619 0.8837209 0.8444444 0.8372093 0.8372093 0.8095238
3  0 0.9375000 0.9375000 0.9677419 0.9677419 0.9333333 0.8666667 0.8666667 0.8666667 0.8666667
4  0 0.8000000 0.7500000 0.6923077 0.6400000 0.6153846 0.6923077 0.7200000 0.7500000 0.7500000
5  0 0.9230769 0.9000000 0.9000000 0.8780488 0.8780488 0.8571429 0.9047619 0.8837209 0.8837209
6  0 0.9433962 0.9433962 0.9433962 0.9433962 0.9259259 0.9285714 0.8928571 0.8928571 0.8363636
7  0 0.9545455 0.9333333 0.9130435 0.9130435 0.9130435 0.8936170 0.9130435 0.8936170 0.9130435
8  0 0.9142857 0.9142857 0.9090909 0.9411765 0.9444444 0.9142857 0.8648649 0.8421053 0.8421053
9  0 0.8846154 0.8627451 0.8235294 0.8235294 0.8235294 0.8076923 0.8301887 0.8301887 0.8301887
10 0 0.8717949 0.8000000 0.7692308 0.7804878 0.7179487 0.7000000 0.7441860 0.7727273 0.7906977
          11        12        13        14        15        16        17        18        19        20
1  0.7000000 0.6666667 0.6666667 0.7894737 0.8125000 0.7333333 0.7333333 0.7333333 0.6666667 0.6666667
2  0.8421053 0.8205128 0.8000000 0.8421053 0.7058824 0.6666667 0.6666667 0.6875000 0.6875000 0.6875000
3  0.8965517 0.8965517 0.8965517 0.8965517 0.8965517 0.8461538 0.8461538 0.8461538 0.8000000 0.7500000
4  0.7500000 0.7500000 0.7500000 0.7500000 0.5000000 0.4210526 0.4210526 0.4210526 0.4210526 0.4210526
5  0.9047619 0.8837209 0.8837209 0.9047619 0.9268293 0.9230769 0.9230769 0.8000000 0.7647059 0.7647059
6  0.8363636 0.8518519 0.8400000 0.8085106 0.7826087 0.7555556 0.7555556 0.7555556 0.7555556 0.6976744
7  0.9545455 0.9545455 0.9545455 0.9302326 0.9523810 0.9000000 0.9000000 0.9000000 0.9000000 0.9000000
8  0.8205128 0.8205128 0.7894737 0.8108108 0.8333333 0.8484848 0.8750000 0.8750000 0.8750000 0.8750000
9  0.8000000 0.8163265 0.8333333 0.8085106 0.8163265 0.8163265 0.8163265 0.8163265 0.8163265 0.8163265
10 0.7727273 0.7441860 0.7441860 0.7441860 0.7317073 0.7000000 0.7179487 0.7179487 0.7368421 0.7058824
          21        22        23        24        25        26        27        28        29        30
1  0.6666667 0.6666667 0.6666667 0.6666667 0.6666667 0.6666667 0.6666667 0.6666667 0.6666667 0.7142857
2  0.6875000 0.6875000 0.6875000 0.6875000 0.6875000 0.6875000 0.6875000 0.6875000 0.6875000 0.6875000
3  0.7500000 0.7500000 0.7500000 0.7500000 0.7500000 0.7500000 0.7500000 0.7500000 0.7500000 0.7500000
4  0.4210526 0.4210526 0.4210526 0.4210526 0.4210526 0.4210526 0.4210526 0.4210526 0.4210526 0.4210526
5  0.7647059 0.7647059 0.7647059 0.7647059 0.7647059 0.7647059 0.7647059 0.7647059 0.7647059 0.7647059
6  0.6976744 0.6976744 0.6976744 0.6976744 0.6666667 0.6666667 0.7272727 0.7272727 0.6976744 0.6976744
7  0.9000000 0.9000000 0.9000000 0.9000000 0.9000000 0.8717949 0.8717949 0.9000000 0.9230769 0.9230769
8  0.8750000 0.8387097 0.8387097 0.8387097 0.8387097 0.8750000 0.8750000 0.8387097 0.7586207 0.7586207
9  0.8163265 0.8163265 0.7916667 0.7916667 0.7916667 0.7659574 0.7659574 0.7659574 0.7659574 0.7659574
10 0.7058824 0.7058824 0.7058824 0.7058824 0.7058824 0.7058824 0.7058824 0.7058824 0.7058824 0.7058824
          31        32        33        34        35        36        37        38        39        40
1  0.7142857 0.7142857 0.7142857 0.7142857 0.7142857 0.7142857 0.6666667 0.6666667 0.6666667 0.6666667
2  0.6875000 0.7272727 0.6875000 0.7272727 0.7272727 0.7272727 0.7272727 0.7272727 0.7272727 0.7272727
3  0.7500000 0.6956522 0.6956522 0.6956522 0.6956522 0.6956522 0.6956522 0.6956522 0.6363636 0.6363636
4  0.4210526 0.4210526 0.4210526 0.4210526 0.4210526 0.4210526 0.4210526 0.4210526 0.4210526 0.4210526
5  0.7647059 0.7647059 0.7272727 0.7272727 0.7272727 0.7272727 0.7272727 0.7272727 0.7272727 0.7272727
6  0.6976744 0.6976744 0.6976744 0.6976744 0.6976744 0.7272727 0.7272727 0.7555556 0.7555556 0.7555556
7  0.9230769 0.9230769 0.9230769 0.9230769 0.9230769 0.9230769 0.9230769 0.9230769 0.9230769 0.9230769
8  0.7586207 0.7586207 0.7586207 0.7586207 0.7586207 0.7586207 0.7586207 0.7586207 0.8000000 0.8000000
9  0.7826087 0.7826087 0.7826087 0.7826087 0.7826087 0.7826087 0.7826087 0.8085106 0.8085106 0.8085106
10 0.7058824 0.6666667 0.6666667 0.6666667 0.7058824 0.6857143 0.6060606 0.6060606 0.6060606 0.6470588
          41        42        43        44        45        46        47        48        49        50
1  0.6666667 0.6666667 0.6666667 0.6666667 0.6666667 0.6666667 0.6666667 0.6153846 0.6153846 0.6153846
2  0.7272727 0.7272727 0.7272727 0.7272727 0.7272727 0.7272727 0.7272727 0.7272727 0.7272727 0.6875000
3  0.6363636 0.6363636 0.6956522 0.6956522 0.6956522 0.6956522 0.6956522 0.6956522 0.6956522 0.6666667
4  0.4210526 0.4210526 0.4210526 0.4210526 0.4210526 0.4210526 0.4210526 0.4210526 0.4210526 0.4210526
5  0.6875000 0.6875000 0.6875000 0.6451613 0.6451613 0.6451613 0.6451613 0.6451613 0.6451613 0.6250000
6  0.7555556 0.7555556 0.7555556 0.7555556 0.7555556 0.7555556 0.7555556 0.7555556 0.7555556 0.7272727
7  0.9230769 0.9230769 0.9230769 0.8947368 0.8333333 0.8333333 0.8333333 0.8648649 0.8648649 0.8648649
8  0.8000000 0.8000000 0.8000000 0.8000000 0.8000000 0.8000000 0.7142857 0.7142857 0.7142857 0.7142857
9  0.8085106 0.8085106 0.8085106 0.8085106 0.8085106 0.7826087 0.7826087 0.7826087 0.7826087 0.7826087
10 0.6470588 0.6857143 0.6857143 0.7567568 0.7222222 0.7567568 0.7777778 0.7777778 0.7777778 0.7777778

$SVM$`Mean F1 Measure`
        1         2         3         4         5         6         7         8         9        10 
0.0000000 0.9057224 0.8890412 0.8721515 0.8686923 0.8477485 0.8346833 0.8462667 0.8433957 0.8240259 
       11        12        13        14        15        16        17        18        19        20 
0.8277568 0.8204875 0.8158478 0.8285143 0.7958120 0.7610650 0.7655114 0.7552871 0.7423649 0.7284808 
       21        22        23        24        25        26        27        28        29        30 
0.7284808 0.7248518 0.7223858 0.7223858 0.7192851 0.7175227 0.7235833 0.7227747 0.7141137 0.7188756 
       31        32        33        34        35        36        37        38        39        40 
0.7205407 0.7151617 0.7074411 0.7114183 0.7153399 0.7162829 0.7035557 0.7089741 0.7071832 0.7112830 
       41        42        43        44        45        46        47        48        49        50 
0.7073058 0.7111713 0.7171002 0.7171365 0.7075427 0.7084060 0.7019367 0.6999616 0.6999616 0.6882414 

$SVM$`St Dev F1 Measure`
         1          2          3          4          5          6          7          8          9 
0.00000000 0.04490315 0.06545871 0.08523273 0.09820571 0.10578884 0.08126866 0.06610974 0.04890847 
        10         11         12         13         14         15         16         17         18 
0.05951303 0.07691043 0.08380404 0.08427409 0.06402060 0.13072909 0.14626261 0.14749994 0.13639762 
        19         20         21         22         23         24         25         26         27 
0.13495620 0.13410242 0.13410242 0.13012898 0.12842540 0.12842540 0.12945852 0.12837878 0.12713572 
        28         29         30         31         32         33         34         35         36 
0.12690684 0.12532800 0.12422472 0.12503489 0.12552420 0.12450854 0.12443600 0.12348324 0.12375723 
        37         38         39         40         41         42         43         44         45 
0.12905431 0.13187081 0.13637891 0.13358889 0.13365200 0.13226773 0.12984860 0.12726214 0.11797193 
        46         47         48         49         50 
0.11685502 0.11382105 0.12114540 0.12114540 0.12086861 

$SVM$`Micro Ave F1 Measure`
        1         2         3         4         5         6         7         8         9        10 
      NaN 0.9100000 0.8950000 0.8771930 0.8756219 0.8564356 0.8418491 0.8515815 0.8481928 0.8280872 
       11        12        13        14        15        16        17        18        19        20 
0.8296296 0.8238213 0.8190955 0.8298969 0.8108108 0.7796610 0.7840909 0.7723343 0.7624633 0.7485030 
       21        22        23        24        25        26        27        28        29        30 
0.7485030 0.7447447 0.7409639 0.7409639 0.7371601 0.7333333 0.7409639 0.7409639 0.7317073 0.7355623 
       31        32        33        34        35        36        37        38        39        40 
0.7378049 0.7339450 0.7261538 0.7300613 0.7339450 0.7355623 0.7239264 0.7317073 0.7317073 0.7355623 
       41        42        43        44        45        46        47        48        49        50 
0.7317073 0.7355623 0.7393939 0.7393939 0.7278287 0.7278287 0.7222222 0.7222222 0.7222222 0.7098765 
