> ig_1
$`NAIVE BAYES`
$`NAIVE BAYES`$`Accuracy per Fold`
   1         2         3         4         5         6         7         8         9        10
1  0 0.8516405 0.8716120 0.4679030 0.4850214 0.4821683 0.4864479 0.5021398 0.5035663 0.5021398
2  0 0.8474576 0.8658192 0.4562147 0.4533898 0.4731638 0.4759887 0.5014124 0.5042373 0.5042373
3  0 0.8727016 0.8826025 0.4794908 0.4780764 0.4908062 0.4908062 0.5106082 0.5120226 0.5205092
4  0 0.8361582 0.8587571 0.4788136 0.8785311 0.8446328 0.4929379 0.5141243 0.5141243 0.5240113
5  0 0.8432203 0.8714689 0.4844633 0.8841808 0.5084746 0.5070621 0.5183616 0.5197740 0.5225989
6  0 0.8444130 0.8656294 0.4455446 0.4469590 0.4639321 0.4695898 0.4879774 0.4936351 0.4950495
7  0 0.8573446 0.8672316 0.5240113 0.5211864 0.5338983 0.5338983 0.5367232 0.5381356 0.5508475
8  0 0.8514851 0.8698727 0.5049505 0.5063649 0.8486563 0.5176803 0.5403112 0.5388967 0.5403112
9  0 0.8149718 0.8516949 0.5169492 0.8601695 0.5282486 0.5310734 0.5423729 0.5437853 0.5466102
10 0 0.8116976 0.8373752 0.4950071 0.4935806 0.8445078 0.5221113 0.5449358 0.5463623 0.5592011
          11        12        13        14        15        16        17        18        19
1  0.5149786 0.8915835 0.6647646 0.8972896 0.9115549 0.9015692 0.8958631 0.8887304 0.8944365
2  0.5070621 0.8855932 0.8855932 0.8912429 0.8926554 0.8898305 0.8827684 0.8954802 0.8940678
3  0.5289958 0.6067893 0.6633663 0.9066478 0.9306931 0.9179632 0.9278642 0.9193777 0.9165488
4  0.5296610 0.8785311 0.8870056 0.8997175 0.9039548 0.9067797 0.9124294 0.9081921 0.9053672
5  0.5353107 0.8855932 0.8997175 0.9011299 0.9025424 0.9039548 0.9053672 0.9067797 0.9039548
6  0.5007072 0.8642150 0.8882603 0.8882603 0.8896747 0.8826025 0.8826025 0.8868458 0.8840170
7  0.5536723 0.8559322 0.9096045 0.9053672 0.9096045 0.8954802 0.9194915 0.9152542 0.9293785
8  0.5417256 0.8868458 0.9009901 0.8939180 0.8967468 0.8882603 0.8910891 0.8995757 0.9024045
9  0.5550847 0.8587571 0.8884181 0.8841808 0.8912429 0.9039548 0.8954802 0.8954802 0.9067797
10 0.5748930 0.5805991 0.8773181 0.8873039 0.8972896 0.8944365 0.9044223 0.9172611 0.9129815
          20        21        22        23        24        25        26        27        28
1  0.8915835 0.8858773 0.8830243 0.8716120 0.8830243 0.8758916 0.8744650 0.8659058 0.8644793
2  0.8912429 0.8714689 0.8742938 0.8813559 0.8855932 0.8742938 0.8700565 0.8785311 0.8855932
3  0.8882603 0.9137199 0.9094767 0.9052334 0.9137199 0.9108911 0.8925035 0.8712871 0.8939180
4  0.8884181 0.9067797 0.9081921 0.9081921 0.9025424 0.8940678 0.8926554 0.8855932 0.8559322
5  0.9039548 0.9096045 0.9096045 0.8997175 0.8954802 0.8983051 0.8912429 0.9011299 0.8997175
6  0.8628006 0.8613861 0.8783593 0.8741160 0.8613861 0.8642150 0.8698727 0.8755304 0.8613861
7  0.8785311 0.8884181 0.9138418 0.9138418 0.9279661 0.9110169 0.9053672 0.8968927 0.8997175
8  0.8967468 0.8811881 0.8896747 0.8925035 0.8854314 0.8840170 0.8925035 0.8826025 0.8769448
9  0.9025424 0.8898305 0.8912429 0.9039548 0.9053672 0.9110169 0.8968927 0.8954802 0.8912429
10 0.9001427 0.8987161 0.9044223 0.9186876 0.9072753 0.9058488 0.8944365 0.9087019 0.9087019
          29        30        31        32        33        34        35        36        37
1  0.8787447 0.8773181 0.8730385 0.8730385 0.8830243 0.8801712 0.8901569 0.8915835 0.8930100
2  0.8827684 0.8799435 0.8799435 0.8799435 0.8855932 0.8841808 0.8841808 0.8926554 0.8954802
3  0.9024045 0.9108911 0.9094767 0.9009901 0.9094767 0.9123055 0.9066478 0.9052334 0.9165488
4  0.8757062 0.8855932 0.8954802 0.8997175 0.9039548 0.9081921 0.9081921 0.9025424 0.9025424
5  0.8997175 0.9011299 0.8954802 0.8954802 0.8983051 0.9025424 0.9053672 0.9025424 0.9053672
6  0.8472419 0.8642150 0.8698727 0.8769448 0.8783593 0.8769448 0.8854314 0.8925035 0.8910891
7  0.9110169 0.9081921 0.9039548 0.9039548 0.9067797 0.9081921 0.9081921 0.9025424 0.9025424
8  0.8797737 0.8684583 0.8797737 0.8755304 0.8727016 0.8783593 0.8769448 0.8783593 0.8783593
9  0.8884181 0.8968927 0.8912429 0.9011299 0.9124294 0.9138418 0.9166667 0.9166667 0.9223164
10 0.9044223 0.9044223 0.9101284 0.9129815 0.9158345 0.9158345 0.9172611 0.9201141 0.9215407
          38        39        40        41        42        43        44        45        46
1  0.8944365 0.8815977 0.8944365 0.8987161 0.8987161 0.8758916 0.8673324 0.8701854 0.8701854
2  0.8926554 0.8926554 0.8884181 0.8940678 0.8997175 0.9039548 0.8855932 0.8757062 0.8785311
3  0.9151344 0.9151344 0.8981612 0.9123055 0.9193777 0.8953324 0.8882603 0.8939180 0.8995757
4  0.9039548 0.9039548 0.8983051 0.9039548 0.8968927 0.8968927 0.9011299 0.8870056 0.8954802
5  0.9096045 0.9039548 0.9039548 0.9011299 0.8742938 0.8870056 0.8926554 0.8997175 0.8926554
6  0.8953324 0.8882603 0.8896747 0.8868458 0.8882603 0.8896747 0.8896747 0.8811881 0.8769448
7  0.8983051 0.8983051 0.9011299 0.9081921 0.9180791 0.9180791 0.9194915 0.9180791 0.9251412
8  0.8755304 0.8755304 0.8755304 0.8670438 0.8741160 0.8557284 0.8599717 0.8642150 0.8712871
9  0.9166667 0.9110169 0.9110169 0.9180791 0.9096045 0.9067797 0.9110169 0.9110169 0.9138418
10 0.9215407 0.9144080 0.9144080 0.9158345 0.9015692 0.9072753 0.9101284 0.9115549 0.9129815
          47        48        49        50
1  0.8787447 0.8930100 0.8858773 0.8701854
2  0.8841808 0.8813559 0.8827684 0.8799435
3  0.9038190 0.9066478 0.9066478 0.9165488
4  0.8983051 0.8954802 0.8940678 0.8954802
5  0.8954802 0.8940678 0.9053672 0.9138418
6  0.8769448 0.8769448 0.8727016 0.8741160
7  0.9265537 0.9265537 0.9081921 0.8997175
8  0.8670438 0.8712871 0.8656294 0.8656294
9  0.9053672 0.9096045 0.9039548 0.9081921
10 0.9115549 0.9172611 0.9186876 0.9101284

$`NAIVE BAYES`$`Mean Accuracy`
        1         2         3         4         5         6         7         8         9 
0.0000000 0.8431090 0.8642064 0.4853348 0.6007460 0.6018489 0.5027596 0.5198967 0.5214540 
       10        11        12        13        14        15        16        17        18 
0.5265516 0.5342091 0.8194439 0.8465038 0.8955058 0.9025959 0.8984832 0.9017378 0.9032977 
       19        20        21        22        23        24        25        26        27 
0.9049936 0.8904223 0.8906989 0.8962132 0.8969215 0.8967786 0.8929564 0.8879996 0.8861655 
       28        29        30        31        32        33        34        35        36 
0.8837633 0.8870214 0.8897056 0.8908392 0.8919711 0.8966458 0.8980564 0.8999041 0.9004743 
       37        38        39        40        41        42        43        44        45 
0.9028796 0.9023161 0.8984818 0.8975036 0.9006170 0.8980627 0.8936614 0.8925254 0.8912587 
       46        47        48        49        50 
0.8936624 0.8947994 0.8972213 0.8943894 0.8933783 

$`NAIVE BAYES`$`St Dev Accuracy`
          1           2           3           4           5           6           7           8 
0.000000000 0.018465098 0.012463446 0.025355734 0.190124701 0.169878752 0.022874674 0.020082577 
          9          10          11          12          13          14          15          16 
0.018966086 0.022092703 0.023104860 0.119786886 0.096591309 0.007765039 0.012372531 0.010406564 
         17          18          19          20          21          22          23          24 
0.015075865 0.011792314 0.012797176 0.012380918 0.016862010 0.014596518 0.016451702 0.018780019 
         25          26          27          28          29          30          31          32 
0.017370346 0.012150193 0.013943891 0.018218083 0.018642620 0.016852973 0.014652676 0.014227448 
         33          34          35          36          37          38          39          40 
0.015478514 0.016124361 0.014429019 0.012365659 0.014188058 0.013877992 0.013736756 0.011354289 
         41          42          43          44          45          46          47          48 
0.015294198 0.015774527 0.017912467 0.018920399 0.018669972 0.019353126 0.018118536 0.017858456 
         49          50 
0.017153882 0.019320927 

$`NAIVE BAYES`$`Precisions per Fold`
   1         2         3         4         5         6         7         8         9        10
1  0 0.6853933 0.7117117 0.2677165 0.2741935 0.2730924 0.2756539 0.2818930 0.2824742 0.2818930
2  0 0.6000000 0.6403509 0.2450593 0.2440945 0.2510121 0.2530364 0.2616034 0.2627119 0.2627119
3  0 0.7623762 0.7419355 0.2789784 0.2784314 0.2834331 0.2842942 0.2924335 0.2930328 0.2966805
4  0 0.7582418 0.7299270 0.3041825 0.7305389 0.6345178 0.3108108 0.3200795 0.3200795 0.3245968
5  0 0.7032967 0.7614679 0.2868369 0.7200000 0.2975709 0.2969697 0.2993763 0.2983193 0.2995781
6  0 0.6162791 0.6605505 0.2451362 0.2466019 0.2534653 0.2554890 0.2613169 0.2634855 0.2640333
7  0 0.7500000 0.7477477 0.3049793 0.3037190 0.3102725 0.3102725 0.3091684 0.3098291 0.3159041
8  0 0.7326733 0.7500000 0.3012048 0.3010101 0.6036866 0.3067485 0.3155650 0.3141026 0.3139785
9  0 0.6800000 0.7672414 0.3260437 0.7000000 0.3319920 0.3340040 0.3388090 0.3388430 0.3402490
10 0 0.7272727 0.7457627 0.3250000 0.3243762 0.6582915 0.3379722 0.3478261 0.3491736 0.3557895
          11        12        13        14        15        16        17        18        19
1  0.2872117 0.6580311 0.3653846 0.6756757 0.7118644 0.6868132 0.6702128 0.6560847 0.6740331
2  0.2638298 0.6419753 0.6369048 0.6562500 0.6583851 0.6467066 0.6264368 0.6568047 0.6585366
3  0.3004202 0.3381295 0.3740053 0.6994819 0.7831325 0.7514793 0.7875000 0.7590361 0.7500000
4  0.3272358 0.7278107 0.7643312 0.7948718 0.8025478 0.8089172 0.8136646 0.7951807 0.7857143
5  0.3053763 0.6717949 0.7333333 0.7635135 0.7581699 0.7564103 0.7579618 0.7628205 0.7173913
6  0.2632696 0.5850000 0.6583851 0.6526946 0.6566265 0.6342857 0.6298343 0.6453488 0.6379310
7  0.3172867 0.6103286 0.7456647 0.7469880 0.7514793 0.7071823 0.7555556 0.7431694 0.7861272
8  0.3146552 0.7000000 0.7469880 0.7251462 0.7257143 0.7085714 0.7049180 0.7368421 0.7455621
9  0.3432203 0.6572770 0.7558140 0.7401130 0.7472527 0.7734807 0.7409326 0.7409326 0.7729730
10 0.3630435 0.3656388 0.7193878 0.7784431 0.8164557 0.8101266 0.8143713 0.8475610 0.8323353
          20        21        22        23        24        25        26        27        28
1  0.6723164 0.6628571 0.6354680 0.6146341 0.6439791 0.6315789 0.6183575 0.5981735 0.5954545
2  0.6524390 0.5927835 0.6010638 0.6187845 0.6306818 0.6000000 0.5906736 0.6108108 0.6321839
3  0.6600000 0.7252747 0.7257143 0.7134831 0.7303371 0.7222222 0.6700508 0.6192661 0.6770833
4  0.7058824 0.7709497 0.7752809 0.7784091 0.7554348 0.7315789 0.7277487 0.7029703 0.6276151
5  0.7150538 0.7413793 0.7441860 0.7225434 0.7078652 0.7043011 0.6748768 0.7096774 0.7081081
6  0.5820896 0.5808081 0.6208791 0.6120219 0.5800000 0.5867347 0.5979381 0.6105263 0.5800000
7  0.6412556 0.6635514 0.7291667 0.7291667 0.7722222 0.7239583 0.7135417 0.6844660 0.6930693
8  0.7365269 0.6700000 0.7010870 0.7087912 0.6939891 0.6944444 0.7209302 0.6885246 0.6756757
9  0.7634409 0.7149758 0.7205882 0.7538462 0.7551020 0.7708333 0.7303922 0.7183099 0.7163462
10 0.7602041 0.7671958 0.7837838 0.8285714 0.8057143 0.7731959 0.7355769 0.7842105 0.7812500
          29        30        31        32        33        34        35        36        37
1  0.6274510 0.6281407 0.6176471 0.6153846 0.6381910 0.6318408 0.6578947 0.6613757 0.6666667
2  0.6222222 0.6153846 0.6166667 0.6166667 0.6292135 0.6243094 0.6243094 0.6440678 0.6531792
3  0.6968085 0.7150538 0.7112299 0.6871795 0.7046632 0.7120419 0.6974359 0.6938776 0.7210526
4  0.6728111 0.6933962 0.7236181 0.7346939 0.7461140 0.7578947 0.7578947 0.7422680 0.7422680
5  0.7081081 0.7074468 0.6968085 0.7078652 0.7134831 0.7112299 0.7189189 0.7112299 0.7165775
6  0.5509259 0.5876289 0.6000000 0.6125654 0.6182796 0.6137566 0.6310160 0.6500000 0.6464088
7  0.7216495 0.7142857 0.7035176 0.7055838 0.7128205 0.7142857 0.7142857 0.7000000 0.7000000
8  0.6772487 0.6482412 0.6717949 0.6568627 0.6534653 0.6650000 0.6616915 0.6650000 0.6650000
9  0.7075472 0.7216981 0.7045455 0.7320574 0.7638191 0.7623762 0.7673267 0.7673267 0.7800000
10 0.7748691 0.7638191 0.7711443 0.7788945 0.7868020 0.7839196 0.7908163 0.7959184 0.8062827
          38        39        40        41        42        43        44        45        46
1  0.6684492 0.6363636 0.6684492 0.6774194 0.6774194 0.6225490 0.6009174 0.6064815 0.6074766
2  0.6440678 0.6440678 0.6333333 0.6511628 0.6666667 0.6766467 0.6236559 0.6010363 0.6073298
3  0.7172775 0.7172775 0.6766169 0.7120419 0.7311828 0.6699507 0.6523810 0.6683168 0.6800000
4  0.7435897 0.7513228 0.7286432 0.7411168 0.7272727 0.7295918 0.7409326 0.6985646 0.7213930
5  0.7258065 0.7061856 0.7061856 0.7010309 0.6347032 0.6634615 0.6818182 0.6954315 0.6747573
6  0.6573034 0.6393443 0.6444444 0.6373626 0.6408840 0.6444444 0.6444444 0.6197917 0.6113990
7  0.6915423 0.6915423 0.6945813 0.7164948 0.7407407 0.7407407 0.7446809 0.7357513 0.7500000
8  0.6568627 0.6568627 0.6600000 0.6380952 0.6551724 0.6136364 0.6221198 0.6308411 0.6473430
9  0.7621359 0.7452830 0.7452830 0.7607656 0.7395349 0.7416268 0.7549020 0.7500000 0.7572816
10 0.8062827 0.7886598 0.7916667 0.7839196 0.7417840 0.7559809 0.7684729 0.7669903 0.7733990
          47        48        49        50
1  0.6250000 0.6550000 0.6390244 0.6074766
2  0.6203209 0.6113990 0.6122449 0.6060606
3  0.6884422 0.6954315 0.6954315 0.7210526
4  0.7286432 0.7149758 0.7095238 0.7129187
5  0.6850000 0.6815920 0.7035176 0.7253886
6  0.6113990 0.6091371 0.5990099 0.6030151
7  0.7539267 0.7512953 0.6981132 0.6788991
8  0.6367925 0.6431925 0.6325581 0.6350711
9  0.7252252 0.7351598 0.7180617 0.7318182
10 0.7696078 0.7821782 0.7832512 0.7607656

$`NAIVE BAYES`$`Mean Precisions`
        1         2         3         4         5         6         7         8         9 
0.0000000 0.7015533 0.7256695 0.2885138 0.4122966 0.3897334 0.2965251 0.3028071 0.3032051 
       10        11        12        13        14        15        16        17        18 
0.3055415 0.3085549 0.5955986 0.6500199 0.7233178 0.7411628 0.7283973 0.7301388 0.7343781 
       19        20        21        22        23        24        25        26        27 
0.7360604 0.6889209 0.6889775 0.7037218 0.7080252 0.7075326 0.6938848 0.6780086 0.6726935 
       28        29        30        31        32        33        34        35        36 
0.6686786 0.6759641 0.6795095 0.6816972 0.6847754 0.6966851 0.6976655 0.7021590 0.7031064 
       37        38        39        40        41        42        43        44        45 
0.7097436 0.7073318 0.6976909 0.6949204 0.7019410 0.6955361 0.6858629 0.6834325 0.6773205 
       46        47        48        49        50 
0.6830379 0.6844357 0.6879361 0.6790736 0.6782466 

$`NAIVE BAYES`$`St Dev Precisions`
         1          2          3          4          5          6          7          8 
0.00000000 0.05696347 0.04280471 0.02927569 0.21170619 0.16953475 0.02940284 0.02943993 
         9         10         11         12         13         14         15         16 
0.02906889 0.03073503 0.03200005 0.13480008 0.15348055 0.05049072 0.05449459 0.06201782 
        17         18         19         20         21         22         23         24 
0.06987365 0.06508484 0.06300213 0.05773449 0.06684951 0.06381454 0.07316297 0.07094215 
        25         26         27         28         29         30         31         32 
0.06635421 0.05706445 0.06082083 0.06097125 0.06255879 0.05627770 0.05473241 0.05773986 
        33         34         35         36         37         38         39         40 
0.05931721 0.06123131 0.05810193 0.05156674 0.05441770 0.05308600 0.05335215 0.04916689 
        41         42         43         44         45         46         47         48 
0.05105184 0.04456519 0.05241999 0.06326793 0.06137759 0.06459925 0.05865655 0.05879118 
        49         50 
0.05693247 0.06025843 

$`NAIVE BAYES`$`Micro Ave Precisions`
        1         2         3         4         5         6         7         8         9 
      NaN 0.7025586 0.7262618 0.2884729 0.3344124 0.3375827 0.2965420 0.3028796 0.3033264 
       10        11        12        13        14        15        16        17        18 
0.3055323 0.3084609 0.5446578 0.5964745 0.7218935 0.7403846 0.7266314 0.7276376 0.7327935 
       19        20        21        22        23        24        25        26        27 
0.7357184 0.6875000 0.6872385 0.7026302 0.7065217 0.7061380 0.6936508 0.6777155 0.6716867 
       28        29        30        31        32        33        34        35        36 
0.6670005 0.6745951 0.6802237 0.6826286 0.6852325 0.6973958 0.6983471 0.7030681 0.7043207 
       37        38        39        40        41        42        43        44        45 
0.7108307 0.7082463 0.6984045 0.6960986 0.7032058 0.6961185 0.6856423 0.6825238 0.6773399 
       46        47        48        49        50 
0.6830601 0.6848635 0.6884273 0.6795741 0.6783115 

$`NAIVE BAYES`$`Recalls per Fold`
   1         2         3         4         5         6         7         8         9        10
1  0 0.4452555 0.5766423 0.9927007 0.9927007 0.9927007 1.0000000 1.0000000 1.0000000 1.0000000
2  0 0.4488189 0.5748031 0.9763780 0.9763780 0.9763780 0.9842520 0.9763780 0.9763780 0.9763780
3  0 0.5384615 0.6433566 0.9930070 0.9930070 0.9930070 1.0000000 1.0000000 1.0000000 1.0000000
4  0 0.4233129 0.6134969 0.9815951 0.7484663 0.7668712 0.9877301 0.9877301 0.9877301 0.9877301
5  0 0.4324324 0.5608108 0.9864865 0.7297297 0.9932432 0.9932432 0.9729730 0.9594595 0.9594595
6  0 0.4076923 0.5538462 0.9692308 0.9769231 0.9846154 0.9846154 0.9769231 0.9769231 0.9769231
7  0 0.4832215 0.5570470 0.9865772 0.9865772 0.9932886 0.9932886 0.9731544 0.9731544 0.9731544
8  0 0.4868421 0.5921053 0.9868421 0.9802632 0.8618421 0.9868421 0.9736842 0.9671053 0.9605263
9  0 0.4071856 0.5329341 0.9820359 0.7125749 0.9880240 0.9940120 0.9880240 0.9820359 0.9820359
10 0 0.3720930 0.5116279 0.9825581 0.9825581 0.7616279 0.9883721 0.9767442 0.9825581 0.9825581
          11        12        13        14        15        16        17        18        19
1  1.0000000 0.9270073 0.9708029 0.9124088 0.9197080 0.9124088 0.9197080 0.9051095 0.8905109
2  0.9763780 0.8188976 0.8425197 0.8267717 0.8346457 0.8503937 0.8582677 0.8740157 0.8503937
3  1.0000000 0.9860140 0.9860140 0.9440559 0.9090909 0.8881119 0.8811189 0.8811189 0.8811189
4  0.9877301 0.7546012 0.7361963 0.7607362 0.7730061 0.7791411 0.8036810 0.8098160 0.8098160
5  0.9594595 0.8851351 0.8175676 0.7635135 0.7837838 0.7972973 0.8040541 0.8040541 0.8918919
6  0.9538462 0.9000000 0.8153846 0.8384615 0.8384615 0.8538462 0.8769231 0.8538462 0.8538462
7  0.9731544 0.8724832 0.8657718 0.8322148 0.8523490 0.8590604 0.9127517 0.9127517 0.9127517
8  0.9605263 0.8289474 0.8157895 0.8157895 0.8355263 0.8157895 0.8486842 0.8289474 0.8289474
9  0.9700599 0.8383234 0.7784431 0.7844311 0.8143713 0.8383234 0.8562874 0.8562874 0.8562874
10 0.9709302 0.9651163 0.8197674 0.7558140 0.7500000 0.7441860 0.7906977 0.8081395 0.8081395
          20        21        22        23        24        25        26        27        28
1  0.8686131 0.8467153 0.9416058 0.9197080 0.8978102 0.8759124 0.9343066 0.9562044 0.9562044
2  0.8425197 0.9055118 0.8897638 0.8818898 0.8740157 0.8976378 0.8976378 0.8897638 0.8661417
3  0.9230769 0.9230769 0.8881119 0.8881119 0.9090909 0.9090909 0.9230769 0.9440559 0.9090909
4  0.8834356 0.8466258 0.8466258 0.8404908 0.8527607 0.8527607 0.8527607 0.8711656 0.9202454
5  0.8986486 0.8716216 0.8648649 0.8445946 0.8513514 0.8851351 0.9256757 0.8918919 0.8851351
6  0.9000000 0.8846154 0.8692308 0.8615385 0.8923077 0.8846154 0.8923077 0.8923077 0.8923077
7  0.9597315 0.9530201 0.9395973 0.9395973 0.9328859 0.9328859 0.9194631 0.9463087 0.9395973
8  0.8092105 0.8815789 0.8486842 0.8486842 0.8355263 0.8223684 0.8157895 0.8289474 0.8223684
9  0.8502994 0.8862275 0.8802395 0.8802395 0.8862275 0.8862275 0.8922156 0.9161677 0.8922156
10 0.8662791 0.8430233 0.8430233 0.8430233 0.8197674 0.8720930 0.8895349 0.8662791 0.8720930
          29        30        31        32        33        34        35        36        37
1  0.9343066 0.9124088 0.9197080 0.9343066 0.9270073 0.9270073 0.9124088 0.9124088 0.9051095
2  0.8818898 0.8818898 0.8740157 0.8740157 0.8818898 0.8897638 0.8897638 0.8976378 0.8897638
3  0.9160839 0.9300699 0.9300699 0.9370629 0.9510490 0.9510490 0.9510490 0.9510490 0.9580420
4  0.8957055 0.9018405 0.8834356 0.8834356 0.8834356 0.8834356 0.8834356 0.8834356 0.8834356
5  0.8851351 0.8986486 0.8851351 0.8513514 0.8581081 0.8986486 0.8986486 0.8986486 0.9054054
6  0.9153846 0.8769231 0.8769231 0.9000000 0.8846154 0.8923077 0.9076923 0.9000000 0.9000000
7  0.9395973 0.9395973 0.9395973 0.9328859 0.9328859 0.9395973 0.9395973 0.9395973 0.9395973
8  0.8421053 0.8486842 0.8618421 0.8815789 0.8684211 0.8750000 0.8750000 0.8750000 0.8750000
9  0.8982036 0.9161677 0.9281437 0.9161677 0.9101796 0.9221557 0.9281437 0.9281437 0.9341317
10 0.8604651 0.8837209 0.9011628 0.9011628 0.9011628 0.9069767 0.9011628 0.9069767 0.8953488
          38        39        40        41        42        43        44        45        46
1  0.9124088 0.9197080 0.9124088 0.9197080 0.9197080 0.9270073 0.9562044 0.9562044 0.9489051
2  0.8976378 0.8976378 0.8976378 0.8818898 0.8818898 0.8897638 0.9133858 0.9133858 0.9133858
3  0.9580420 0.9580420 0.9510490 0.9510490 0.9510490 0.9510490 0.9580420 0.9440559 0.9510490
4  0.8895706 0.8711656 0.8895706 0.8957055 0.8834356 0.8773006 0.8773006 0.8957055 0.8895706
5  0.9121622 0.9256757 0.9256757 0.9189189 0.9391892 0.9324324 0.9121622 0.9256757 0.9391892
6  0.9000000 0.9000000 0.8923077 0.8923077 0.8923077 0.8923077 0.8923077 0.9153846 0.9076923
7  0.9328859 0.9328859 0.9463087 0.9328859 0.9395973 0.9395973 0.9395973 0.9530201 0.9664430
8  0.8815789 0.8815789 0.8684211 0.8815789 0.8750000 0.8881579 0.8881579 0.8881579 0.8815789
9  0.9401198 0.9461078 0.9461078 0.9520958 0.9520958 0.9281437 0.9221557 0.9341317 0.9341317
10 0.8953488 0.8895349 0.8837209 0.9069767 0.9186047 0.9186047 0.9069767 0.9186047 0.9127907
          47        48        49        50
1  0.9489051 0.9562044 0.9562044 0.9489051
2  0.9133858 0.9291339 0.9448819 0.9448819
3  0.9580420 0.9580420 0.9580420 0.9580420
4  0.8895706 0.9079755 0.9141104 0.9141104
5  0.9256757 0.9256757 0.9459459 0.9459459
6  0.9076923 0.9230769 0.9307692 0.9230769
7  0.9664430 0.9731544 0.9932886 0.9932886
8  0.8881579 0.9013158 0.8947368 0.8815789
9  0.9640719 0.9640719 0.9760479 0.9640719
10 0.9127907 0.9186047 0.9244186 0.9244186

$`NAIVE BAYES`$`Mean Recalls`
        1         2         3         4         5         6         7         8         9 
0.0000000 0.4445316 0.5716670 0.9837411 0.9079178 0.9311598 0.9912355 0.9825611 0.9805344 
       10        11        12        13        14        15        16        17        18 
0.9798765 0.9752084 0.8776526 0.8448257 0.8234197 0.8310943 0.8338558 0.8552174 0.8534086 
       19        20        21        22        23        24        25        26        27 
0.8583704 0.8801815 0.8842017 0.8811747 0.8747878 0.8751744 0.8818727 0.8942768 0.9003092 
       28        29        30        31        32        33        34        35        36 
0.8955400 0.8968877 0.8989951 0.9000033 0.9011967 0.8998754 0.9085942 0.9086902 0.9092898 
       37        38        39        40        41        42        43        44        45 
0.9085834 0.9119755 0.9122337 0.9113208 0.9133116 0.9152877 0.9144364 0.9166290 0.9244326 
       46        47        48        49        50 
0.9244736 0.9274735 0.9357255 0.9438446 0.9398320 

$`NAIVE BAYES`$`St Dev Recalls`
          1           2           3           4           5           6           7           8 
0.000000000 0.047986861 0.038145296 0.007188003 0.123019338 0.096608704 0.005792454 0.010686776 
          9          10          11          12          13          14          15          16 
0.013018040 0.013907944 0.016180832 0.070650048 0.078553762 0.063642962 0.054714027 0.050706034 
         17          18          19          20          21          22          23          24 
0.044846497 0.039971388 0.035693676 0.042931418 0.035564708 0.035435948 0.034041859 0.035153953 
         25          26          27          28          29          30          31          32 
0.030089274 0.036481076 0.040485230 0.038460741 0.030963820 0.027165086 0.027513774 0.028936896 
         33          34          35          36          37          38          39          40 
0.030023883 0.025318958 0.024565797 0.024065778 0.026762663 0.024501805 0.028699894 0.029521741 
         41          42          43          44          45          46          47          48 
0.026181830 0.030014150 0.025448738 0.027712453 0.022818970 0.027836062 0.029893752 0.025107538 
         49          50 
0.029222535 0.030723328 

$`NAIVE BAYES`$`Micro Ave Recalls`
        1         2         3         4         5         6         7         8         9 
      NaN 0.4428763 0.5705645 0.9838710 0.9025538 0.9254032 0.9912634 0.9825269 0.9805108 
       10        11        12        13        14        15        16        17        18 
0.9798387 0.9751344 0.8770161 0.8413978 0.8198925 0.8279570 0.8306452 0.8528226 0.8514785 
       19        20        21        22        23        24        25        26        27 
0.8568548 0.8797043 0.8830645 0.8797043 0.8736559 0.8736559 0.8810484 0.8931452 0.8991935 
       28        29        30        31        32        33        34        35        36 
0.8951613 0.8958333 0.8991935 0.9005376 0.9012097 0.8998656 0.9086022 0.9086022 0.9092742 
       37        38        39        40        41        42        43        44        45 
0.9086022 0.9119624 0.9119624 0.9112903 0.9139785 0.9159946 0.9146505 0.9159946 0.9240591 
       46        47        48        49        50 
0.9240591 0.9274194 0.9354839 0.9435484 0.9395161 

$`NAIVE BAYES`$`F1 Measure`
   1         2         3         4         5         6         7         8         9        10
1  0 0.5398230 0.6370968 0.4217054 0.4296998 0.4283465 0.4321767 0.4398074 0.4405145 0.4398074
2  0 0.5135135 0.6058091 0.3917852 0.3905512 0.3993559 0.4025765 0.4126456 0.4140234 0.4140234
3  0 0.6311475 0.6891386 0.4355828 0.4349158 0.4409938 0.4427245 0.4525316 0.4532488 0.4576000
4  0 0.5433071 0.6666667 0.4644412 0.7393939 0.6944444 0.4728341 0.4834835 0.4834835 0.4886191
5  0 0.5355649 0.6459144 0.4444444 0.7248322 0.4579439 0.4572317 0.4578696 0.4551282 0.4565916
6  0 0.4907407 0.6025105 0.3913043 0.3937984 0.4031496 0.4057052 0.4123377 0.4150327 0.4157119
7  0 0.5877551 0.6384615 0.4659271 0.4644550 0.4728435 0.4728435 0.4692557 0.4700162 0.4769737
8  0 0.5849802 0.6617647 0.4615385 0.4605873 0.7100271 0.4680187 0.4766506 0.4741935 0.4732577
9  0 0.5093633 0.6289753 0.4895522 0.7062315 0.4969880 0.5000000 0.5045872 0.5038402 0.5053929
10 0 0.4923077 0.6068966 0.4884393 0.4877345 0.7061995 0.5037037 0.5129771 0.5152439 0.5224111
          11        12        13        14        15        16        17        18        19
1  0.4462541 0.7696970 0.5309381 0.7763975 0.8025478 0.7836991 0.7753846 0.7607362 0.7672956
2  0.4154104 0.7197232 0.7254237 0.7317073 0.7361111 0.7346939 0.7242525 0.7500000 0.7422680
3  0.4620355 0.5035714 0.5423077 0.8035714 0.8414239 0.8141026 0.8316832 0.8155340 0.8102894
4  0.4916031 0.7409639 0.7500000 0.7774295 0.7875000 0.7937500 0.8086420 0.8024316 0.7975831
5  0.4632953 0.7638484 0.7731629 0.7635135 0.7707641 0.7763158 0.7803279 0.7828947 0.7951807
6  0.4126456 0.7090909 0.7285223 0.7340067 0.7364865 0.7278689 0.7331190 0.7350993 0.7302632
7  0.4785479 0.7182320 0.8012422 0.7873016 0.7987421 0.7757576 0.8267477 0.8192771 0.8447205
8  0.4740260 0.7590361 0.7798742 0.7678019 0.7767584 0.7584098 0.7701493 0.7801858 0.7850467
9  0.5070423 0.7368421 0.7669617 0.7616279 0.7793696 0.8045977 0.7944444 0.7944444 0.8125000
10 0.5284810 0.5303514 0.7663043 0.7669617 0.7818182 0.7757576 0.8023599 0.8273810 0.8200590
          20        21        22        23        24        25        26        27        28
1  0.7579618 0.7435897 0.7588235 0.7368421 0.7500000 0.7339450 0.7441860 0.7359551 0.7338936
2  0.7353952 0.7165109 0.7174603 0.7272727 0.7326733 0.7192429 0.7125000 0.7243590 0.7308970
3  0.7696793 0.8123077 0.7987421 0.7912773 0.8099688 0.8049536 0.7764706 0.7479224 0.7761194
4  0.7847411 0.8070175 0.8093842 0.8082596 0.8011527 0.7875354 0.7853107 0.7780822 0.7462687
5  0.7964072 0.8012422 0.8000000 0.7788162 0.7730061 0.7844311 0.7806268 0.7904192 0.7867868
6  0.7069486 0.7012195 0.7243590 0.7156550 0.7030303 0.7055215 0.7160494 0.7250000 0.7030303
7  0.7688172 0.7823691 0.8211144 0.8211144 0.8449848 0.8152493 0.8035191 0.7943662 0.7977208
8  0.7711599 0.7613636 0.7678571 0.7724551 0.7582090 0.7530120 0.7654321 0.7522388 0.7418398
9  0.8045326 0.7914439 0.7924528 0.8121547 0.8154270 0.8245125 0.8032345 0.8052632 0.7946667
10 0.8097826 0.8033241 0.8123249 0.8357349 0.8126801 0.8196721 0.8052632 0.8232044 0.8241758
          29        30        31        32        33        34        35        36        37
1  0.7507331 0.7440476 0.7390029 0.7420290 0.7559524 0.7514793 0.7645260 0.7668712 0.7678019
2  0.7296417 0.7249191 0.7231270 0.7231270 0.7344262 0.7337662 0.7337662 0.7500000 0.7533333
3  0.7915408 0.8085106 0.8060606 0.7928994 0.8095238 0.8143713 0.8047337 0.8023599 0.8228228
4  0.7684211 0.7840000 0.7955801 0.8022284 0.8089888 0.8158640 0.8158640 0.8067227 0.8067227
5  0.7867868 0.7916667 0.7797619 0.7730061 0.7791411 0.7940299 0.7987988 0.7940299 0.8000000
6  0.6878613 0.7037037 0.7125000 0.7289720 0.7278481 0.7272727 0.7444795 0.7548387 0.7524116
7  0.8163265 0.8115942 0.8045977 0.8034682 0.8081395 0.8115942 0.8115942 0.8022923 0.8022923
8  0.7507331 0.7350427 0.7550432 0.7528090 0.7457627 0.7556818 0.7535411 0.7556818 0.7556818
9  0.7915567 0.8073879 0.8010336 0.8138298 0.8306011 0.8346883 0.8401084 0.8401084 0.8501362
10 0.8154270 0.8194070 0.8310992 0.8355795 0.8401084 0.8409704 0.8423913 0.8478261 0.8484848
          38        39        40        41        42        43        44        45        46
1  0.7716049 0.7522388 0.7716049 0.7801858 0.7801858 0.7448680 0.7380282 0.7422096 0.7407407
2  0.7500000 0.7500000 0.7426710 0.7491639 0.7593220 0.7687075 0.7412141 0.7250000 0.7295597
3  0.8203593 0.8203593 0.7906977 0.8143713 0.8267477 0.7861272 0.7762040 0.7826087 0.7930029
4  0.8100559 0.8068182 0.8011050 0.8111111 0.7977839 0.7966574 0.8033708 0.7849462 0.7967033
5  0.8083832 0.8011696 0.8011696 0.7953216 0.7574932 0.7752809 0.7803468 0.7942029 0.7853107
6  0.7597403 0.7476038 0.7483871 0.7435897 0.7459807 0.7483871 0.7483871 0.7391304 0.7306502
7  0.7942857 0.7942857 0.8011364 0.8104956 0.8284024 0.8284024 0.8308605 0.8304094 0.8445748
8  0.7528090 0.7528090 0.7500000 0.7403315 0.7492958 0.7258065 0.7317073 0.7377049 0.7465181
9  0.8418231 0.8337731 0.8337731 0.8457447 0.8324607 0.8244681 0.8301887 0.8320000 0.8364611
10 0.8484848 0.8360656 0.8351648 0.8409704 0.8207792 0.8293963 0.8320000 0.8359788 0.8373333
          47        48        49        50
1  0.7536232 0.7774481 0.7660819 0.7407407
2  0.7388535 0.7375000 0.7430341 0.7384615
3  0.8011696 0.8058824 0.8058824 0.8228228
4  0.8011050 0.8000000 0.7989276 0.8010753
5  0.7873563 0.7851003 0.8069164 0.8211144
6  0.7306502 0.7339450 0.7289157 0.7294833
7  0.8470588 0.8479532 0.8199446 0.8065395
8  0.7417582 0.7506849 0.7411444 0.7382920
9  0.8277635 0.8341969 0.8274112 0.8320413
10 0.8351064 0.8449198 0.8480000 0.8346457

$`NAIVE BAYES`$`Mean F1 Measure`
        1         2         3         4         5         6         7         8         9 
0.0000000 0.5428503 0.6383234 0.4454721 0.5232200 0.5210292 0.4557815 0.4622146 0.4624725 
       10        11        12        13        14        15        16        17        18 
0.4650389 0.4679341 0.6951356 0.7164737 0.7670319 0.7811522 0.7744953 0.7847110 0.7867984 
       19        20        21        22        23        24        25        26        27 
0.7905206 0.7705426 0.7720388 0.7802518 0.7799582 0.7801132 0.7748075 0.7692592 0.7676810 
       28        29        30        31        32        33        34        35        36 
0.7635399 0.7689028 0.7730280 0.7747806 0.7767948 0.7840492 0.7879718 0.7909803 0.7920731 
       37        38        39        40        41        42        43        44        45 
0.7959687 0.7957546 0.7895123 0.7875710 0.7931286 0.7898451 0.7828101 0.7812307 0.7804191 
       46        47        48        49        50 
0.7840855 0.7864445 0.7917630 0.7886258 0.7865217 

$`NAIVE BAYES`$`St Dev F1 Measure`
         1          2          3          4          5          6          7          8 
0.00000000 0.04582844 0.02869174 0.03544282 0.14157913 0.12938162 0.03504227 0.03438689 
         9         10         11         12         13         14         15         16 
0.03391310 0.03572284 0.03688910 0.09625613 0.09750080 0.02191521 0.03090257 0.02779641 
        17         18         19         20         21         22         23         24 
0.03588189 0.03090401 0.03540915 0.03163610 0.03969608 0.03667796 0.04163043 0.04406995 
        25         26         27         28         29         30         31         32 
0.04386232 0.03457588 0.03522379 0.03784127 0.04017835 0.04209623 0.04000348 0.03860126 
        33         34         35         36         37         38         39         40 
0.04090826 0.04223989 0.03928299 0.03489744 0.03758915 0.03604378 0.03588550 0.03363129 
        41         42         43         44         45         46         47         48 
0.03870167 0.03547212 0.03699339 0.04076057 0.04284634 0.04545595 0.04299087 0.04252442 
        49         50 
0.04103596 0.04409593 

$`NAIVE BAYES`$`Micro Ave F1 Measure`
        1         2         3         4         5         6         7         8         9 
      NaN 0.5432811 0.6390666 0.4461374 0.4880087 0.4947009 0.4565150 0.4630245 0.4633217 
       10        11        12        13        14        15        16        17        18 
0.4658147 0.4686693 0.6719876 0.6980764 0.7677785 0.7817259 0.7751646 0.7852723 0.7876904 
       19        20        21        22        23        24        25        26        27 
0.7916796 0.7718160 0.7729412 0.7812593 0.7812500 0.7810153 0.7761989 0.7706582 0.7689655 
       28        29        30        31        32        33        34        35        36 
0.7644189 0.7696305 0.7745297 0.7765865 0.7785196 0.7857981 0.7897196 0.7927294 0.7937812 
       37        38        39        40        41        42        43        44        45 
0.7976401 0.7972973 0.7910230 0.7892899 0.7948568 0.7910621 0.7837604 0.7822095 0.7816941 
       46        47        48        49        50 
0.7854899 0.7878961 0.7931624 0.7900957 0.7878276 


$SVM
$SVM$`Accuracy per Fold`
   1         2         3         4         5         6         7         8         9        10
1  0 0.8516405 0.8787447 0.8773181 0.8758916 0.8773181 0.8887304 0.8915835 0.8958631 0.8958631
2  0 0.8474576 0.8728814 0.8728814 0.8700565 0.8700565 0.8855932 0.8827684 0.8926554 0.8884181
3  0 0.8811881 0.8910891 0.8925035 0.8868458 0.8868458 0.9137199 0.9123055 0.9165488 0.9222065
4  0 0.8474576 0.8587571 0.8629944 0.8714689 0.8714689 0.8742938 0.8799435 0.8813559 0.8940678
5  0 0.8516949 0.8757062 0.8785311 0.8855932 0.8841808 0.8870056 0.8841808 0.9067797 0.9096045
6  0 0.8571429 0.8727016 0.8741160 0.8684583 0.8698727 0.8896747 0.8868458 0.8925035 0.8939180
7  0 0.8587571 0.8757062 0.8742938 0.8742938 0.8757062 0.9053672 0.9039548 0.9152542 0.9237288
8  0 0.8486563 0.8741160 0.8769448 0.8769448 0.8741160 0.8769448 0.8797737 0.8811881 0.8910891
9  0 0.8206215 0.8502825 0.8502825 0.8714689 0.8728814 0.8615819 0.8714689 0.8813559 0.8841808
10 0 0.8188302 0.8330956 0.8330956 0.8459344 0.8544936 0.8601997 0.8673324 0.8773181 0.8744650
          11        12        13        14        15        16        17        18        19
1  0.9001427 0.9015692 0.9172611 0.9186876 0.9215407 0.9272468 0.9229672 0.9229672 0.9286733
2  0.9096045 0.9110169 0.9138418 0.9194915 0.9265537 0.9336158 0.9336158 0.9392655 0.9364407
3  0.9193777 0.9264498 0.9264498 0.9420085 0.9405941 0.9434229 0.9420085 0.9391796 0.9391796
4  0.8855932 0.8898305 0.8898305 0.9053672 0.9081921 0.9124294 0.9110169 0.9138418 0.9138418
5  0.9138418 0.9138418 0.9138418 0.9180791 0.9138418 0.9251412 0.9237288 0.9152542 0.9152542
6  0.8981612 0.9038190 0.9066478 0.9123055 0.9207921 0.9250354 0.9250354 0.9335219 0.9321075
7  0.9152542 0.9138418 0.9237288 0.9279661 0.9293785 0.9307910 0.9435028 0.9435028 0.9449153
8  0.8854314 0.8896747 0.8910891 0.8910891 0.8953324 0.9024045 0.9038190 0.9052334 0.9108911
9  0.8926554 0.8940678 0.9025424 0.9124294 0.9209040 0.9237288 0.9251412 0.9279661 0.9251412
10 0.8901569 0.8887304 0.8944365 0.9072753 0.9144080 0.9144080 0.9129815 0.9172611 0.9229672
          20        21        22        23        24        25        26        27        28
1  0.9243937 0.9315264 0.9300999 0.9315264 0.9372325 0.9372325 0.9372325 0.9372325 0.9372325
2  0.9350282 0.9350282 0.9293785 0.9307910 0.9322034 0.9322034 0.9336158 0.9364407 0.9406780
3  0.9391796 0.9391796 0.9391796 0.9405941 0.9391796 0.9391796 0.9391796 0.9420085 0.9476662
4  0.9138418 0.9194915 0.9194915 0.9209040 0.9194915 0.9180791 0.9237288 0.9237288 0.9251412
5  0.9180791 0.9237288 0.9251412 0.9237288 0.9251412 0.9251412 0.9251412 0.9279661 0.9293785
6  0.9321075 0.9335219 0.9335219 0.9377652 0.9363508 0.9377652 0.9405941 0.9405941 0.9405941
7  0.9449153 0.9406780 0.9449153 0.9420904 0.9406780 0.9406780 0.9350282 0.9350282 0.9392655
8  0.9108911 0.9123055 0.9151344 0.9123055 0.9066478 0.9052334 0.9094767 0.9108911 0.9151344
9  0.9265537 0.9265537 0.9265537 0.9307910 0.9307910 0.9322034 0.9322034 0.9350282 0.9336158
10 0.9243937 0.9215407 0.9172611 0.9243937 0.9286733 0.9286733 0.9329529 0.9400856 0.9343795
          29        30        31        32        33        34        35        36        37
1  0.9372325 0.9400856 0.9415121 0.9415121 0.9457917 0.9457917 0.9457917 0.9472183 0.9457917
2  0.9420904 0.9449153 0.9449153 0.9449153 0.9435028 0.9420904 0.9420904 0.9519774 0.9533898
3  0.9448373 0.9462518 0.9448373 0.9476662 0.9462518 0.9490806 0.9490806 0.9490806 0.9490806
4  0.9279661 0.9279661 0.9279661 0.9265537 0.9265537 0.9265537 0.9251412 0.9237288 0.9223164
5  0.9364407 0.9392655 0.9378531 0.9392655 0.9364407 0.9364407 0.9336158 0.9350282 0.9364407
6  0.9405941 0.9405941 0.9462518 0.9504950 0.9533239 0.9519095 0.9490806 0.9476662 0.9476662
7  0.9406780 0.9406780 0.9406780 0.9435028 0.9463277 0.9477401 0.9449153 0.9449153 0.9435028
8  0.9151344 0.9151344 0.9193777 0.9207921 0.9264498 0.9264498 0.9236209 0.9278642 0.9278642
9  0.9392655 0.9435028 0.9449153 0.9435028 0.9449153 0.9463277 0.9548023 0.9533898 0.9533898
10 0.9343795 0.9358060 0.9358060 0.9358060 0.9386591 0.9400856 0.9486448 0.9443652 0.9457917
          38        39        40        41        42        43        44        45        46
1  0.9472183 0.9472183 0.9457917 0.9457917 0.9429387 0.9429387 0.9415121 0.9457917 0.9472183
2  0.9533898 0.9519774 0.9548023 0.9533898 0.9491525 0.9463277 0.9477401 0.9519774 0.9562147
3  0.9519095 0.9519095 0.9504950 0.9504950 0.9547383 0.9547383 0.9561528 0.9561528 0.9575672
4  0.9279661 0.9251412 0.9293785 0.9265537 0.9279661 0.9251412 0.9223164 0.9223164 0.9279661
5  0.9406780 0.9406780 0.9406780 0.9406780 0.9406780 0.9435028 0.9406780 0.9449153 0.9449153
6  0.9476662 0.9490806 0.9490806 0.9462518 0.9490806 0.9490806 0.9462518 0.9462518 0.9462518
7  0.9420904 0.9435028 0.9435028 0.9463277 0.9505650 0.9477401 0.9505650 0.9519774 0.9604520
8  0.9306931 0.9292786 0.9292786 0.9306931 0.9292786 0.9292786 0.9391796 0.9434229 0.9420085
9  0.9562147 0.9548023 0.9505650 0.9519774 0.9519774 0.9533898 0.9533898 0.9533898 0.9519774
10 0.9529244 0.9500713 0.9486448 0.9500713 0.9500713 0.9514979 0.9514979 0.9529244 0.9529244
          47        48        49        50
1  0.9457917 0.9472183 0.9472183 0.9472183
2  0.9590395 0.9576271 0.9576271 0.9533898
3  0.9561528 0.9547383 0.9547383 0.9575672
4  0.9336158 0.9336158 0.9293785 0.9336158
5  0.9491525 0.9491525 0.9562147 0.9632768
6  0.9462518 0.9462518 0.9448373 0.9448373
7  0.9632768 0.9632768 0.9632768 0.9632768
8  0.9434229 0.9434229 0.9420085 0.9405941
9  0.9519774 0.9548023 0.9562147 0.9576271
10 0.9529244 0.9572040 0.9586305 0.9586305

$SVM$`Mean Accuracy`
        1         2         3         4         5         6         7         8         9 
0.0000000 0.8483447 0.8683080 0.8692961 0.8726956 0.8736940 0.8843111 0.8860157 0.8940823 
       10        11        12        13        14        15        16        17        18 
0.8977542 0.9010219 0.9032842 0.9079670 0.9154699 0.9191537 0.9238224 0.9243817 0.9257994 
       19        20        21        22        23        24        25        26        27 
0.9269412 0.9269384 0.9283554 0.9280677 0.9294890 0.9296389 0.9296389 0.9309153 0.9329004 
       28        29        30        31        32        33        34        35        36 
0.9343086 0.9358618 0.9374199 0.9384113 0.9394012 0.9408216 0.9412470 0.9416784 0.9425234 
       37        38        39        40        41        42        43        44        45 
0.9425234 0.9450750 0.9443660 0.9442217 0.9442229 0.9446447 0.9443636 0.9449283 0.9469120 
       46        47        48        49        50 
0.9487496 0.9501606 0.9507310 0.9510145 0.9520034 

$SVM$`St Dev Accuracy`
          1           2           3           4           5           6           7           8 
0.000000000 0.018036854 0.016557562 0.016731525 0.011262002 0.008834313 0.017055550 0.013723767 
          9          10          11          12          13          14          15          16 
0.014503393 0.015996934 0.012717509 0.012847696 0.013222417 0.013649105 0.012332390 0.011646436 
         17          18          19          20          21          22          23          24 
0.012894572 0.012893500 0.011438700 0.010983843 0.009174506 0.009494872 0.009346841 0.010414859 
         25          26          27          28          29          30          31          32 
0.011056217 0.009288617 0.009585916 0.009238228 0.008646840 0.009374970 0.008696128 0.009334484 
         33          34          35          36          37          38          39          40 
0.008811307 0.008967192 0.010658713 0.010178208 0.010478242 0.009664690 0.009990179 0.008780456 
         41          42          43          44          45          46          47          48 
0.009046429 0.009387242 0.009873312 0.009753954 0.009647195 0.009421921 0.008512899 0.008568157 
         49          50 
0.010120598 0.010028458 

$SVM$`Precisions per Fold`
   1         2         3         4         5         6         7         8         9        10
1  0 0.6513761 0.7280702 0.7217391 0.7232143 0.7383178 0.7478992 0.7606838 0.7580645 0.7666667
2  0 0.5871560 0.6697248 0.6728972 0.6635514 0.6666667 0.7090909 0.6964286 0.7179487 0.7033898
3  0 0.7360000 0.7619048 0.7680000 0.7603306 0.7603306 0.8153846 0.8000000 0.7957746 0.8098592
4  0 0.7477477 0.7480315 0.7661290 0.7857143 0.7950820 0.8135593 0.8250000 0.8264463 0.8384615
5  0 0.6806723 0.7542373 0.7672414 0.7863248 0.7796610 0.7881356 0.7844828 0.8474576 0.8620690
6  0 0.6260870 0.6724138 0.6814159 0.6666667 0.6727273 0.7063492 0.6984127 0.7076923 0.7131783
7  0 0.7130435 0.7747748 0.7678571 0.7678571 0.7798165 0.8474576 0.8403361 0.8560000 0.8682171
8  0 0.6744186 0.7404580 0.7519380 0.7407407 0.7333333 0.7407407 0.7557252 0.7537313 0.7737226
9  0 0.6666667 0.7652174 0.7699115 0.8015873 0.8080000 0.7851240 0.8114754 0.8217054 0.8346457
10 0 0.6956522 0.7272727 0.7272727 0.7758621 0.7916667 0.8083333 0.8376068 0.8644068 0.8559322
          11        12        13        14        15        16        17        18        19
1  0.7815126 0.7741935 0.8211382 0.8125000 0.8153846 0.8412698 0.8217054 0.8267717 0.8320611
2  0.7647059 0.7758621 0.7750000 0.7966102 0.8048780 0.8125000 0.8125000 0.8281250 0.8153846
3  0.8071429 0.8226950 0.8421053 0.8805970 0.8796992 0.8759124 0.8863636 0.8846154 0.8787879
4  0.8153846 0.8346457 0.8294574 0.8529412 0.8602941 0.8633094 0.8676471 0.8695652 0.8750000
5  0.8536585 0.8536585 0.8655462 0.8813559 0.8782609 0.9059829 0.9051724 0.8859649 0.8859649
6  0.7132353 0.7348485 0.7500000 0.7656250 0.7761194 0.8080000 0.8031496 0.8217054 0.8106061
7  0.8449612 0.8142857 0.8368794 0.8602941 0.8561151 0.8571429 0.8562092 0.8707483 0.8819444
8  0.7669173 0.7890625 0.7862595 0.8000000 0.8095238 0.8217054 0.8281250 0.8294574 0.8345865
9  0.8421053 0.8484848 0.8602941 0.9007634 0.9051095 0.9124088 0.9130435 0.9202899 0.9071429
10 0.8740157 0.8790323 0.8951613 0.9022556 0.9117647 0.9242424 0.9051095 0.9130435 0.9275362
          20        21        22        23        24        25        26        27        28
1  0.8134328 0.8396947 0.8333333 0.8449612 0.8661417 0.8496241 0.8496241 0.8496241 0.8549618
2  0.8188976 0.8188976 0.8031496 0.8095238 0.8211382 0.8211382 0.8225806 0.8253968 0.8512397
3  0.8787879 0.8906250 0.8906250 0.8976378 0.8906250 0.8846154 0.8846154 0.8863636 0.8955224
4  0.8750000 0.8840580 0.8785714 0.8794326 0.8840580 0.8888889 0.8865248 0.8920863 0.8928571
5  0.8879310 0.8852459 0.8925620 0.8983051 0.8925620 0.8925620 0.8925620 0.8818898 0.8828125
6  0.8106061 0.8217054 0.8429752 0.8467742 0.8455285 0.8524590 0.8606557 0.8548387 0.8492063
7  0.8819444 0.8639456 0.8716216 0.8648649 0.8689655 0.8689655 0.8759124 0.8759124 0.8680556
8  0.8396947 0.8409091 0.8538462 0.8461538 0.8359375 0.8195489 0.8384615 0.8396947 0.8538462
9  0.9020979 0.9020979 0.9020979 0.9041096 0.9041096 0.9047619 0.9047619 0.9115646 0.9109589
10 0.9343066 0.9270073 0.9253731 0.9280576 0.9357143 0.9357143 0.9370629 0.9452055 0.9375000
          29        30        31        32        33        34        35        36        37
1  0.8549618 0.8625954 0.8636364 0.8636364 0.8721805 0.8721805 0.8666667 0.8676471 0.8666667
2  0.8583333 0.8606557 0.8606557 0.8606557 0.8536585 0.8467742 0.8467742 0.8549618 0.8615385
3  0.8823529 0.8832117 0.8768116 0.8680556 0.8671329 0.8741259 0.8741259 0.8741259 0.8741259
4  0.8888889 0.8835616 0.8835616 0.8827586 0.8775510 0.8775510 0.8767123 0.8707483 0.8698630
5  0.9055118 0.9069767 0.9062500 0.9069767 0.9055118 0.9055118 0.8976378 0.8923077 0.8992248
6  0.8437500 0.8437500 0.8593750 0.8740157 0.8702290 0.8692308 0.8615385 0.8549618 0.8549618
7  0.8689655 0.8689655 0.8689655 0.8865248 0.8936170 0.8888889 0.8819444 0.8819444 0.8865248
8  0.8538462 0.8538462 0.8571429 0.8529412 0.8623188 0.8623188 0.8500000 0.8633094 0.8633094
9  0.9366197 0.9440559 0.9383562 0.9379310 0.9383562 0.9448276 0.9530201 0.9589041 0.9589041
10 0.9375000 0.9440559 0.9379310 0.9379310 0.9448276 0.9513889 0.9594595 0.9463087 0.9407895
          38        39        40        41        42        43        44        45        46
1  0.8676471 0.8676471 0.8613139 0.8721805 0.8646617 0.8646617 0.8529412 0.8561151 0.8571429
2  0.8615385 0.8549618 0.8682171 0.8671875 0.8473282 0.8396947 0.8461538 0.8604651 0.8750000
3  0.8811189 0.8811189 0.8750000 0.8750000 0.8881119 0.8881119 0.8943662 0.8943662 0.9007092
4  0.8888889 0.8819444 0.8951049 0.8881119 0.8783784 0.8716216 0.8698630 0.8698630 0.8783784
5  0.9015152 0.9076923 0.9076923 0.9076923 0.9076923 0.9090909 0.8955224 0.8920863 0.8920863
6  0.8549618 0.8560606 0.8560606 0.8484848 0.8560606 0.8560606 0.8484848 0.8484848 0.8484848
7  0.8802817 0.8811189 0.8758621 0.8827586 0.8851351 0.8783784 0.8800000 0.8859060 0.8903226
8  0.8705036 0.8642857 0.8642857 0.8652482 0.8695652 0.8695652 0.8758621 0.8888889 0.8775510
9  0.9533333 0.9530201 0.9520548 0.9463087 0.9463087 0.9466667 0.9407895 0.9407895 0.9463087
10 0.9483871 0.9419355 0.9473684 0.9536424 0.9536424 0.9480519 0.9480519 0.9483871 0.9483871
          47        48        49        50
1  0.8561151 0.8623188 0.8623188 0.8623188
2  0.8828125 0.8759690 0.8759690 0.8671875
3  0.8943662 0.8936170 0.8936170 0.8951049
4  0.8866667 0.8866667 0.8741722 0.8815789
5  0.9000000 0.9000000 0.9148936 0.9236111
6  0.8484848 0.8484848 0.8473282 0.8473282
7  0.9019608 0.9019608 0.9019608 0.9019608
8  0.8783784 0.8783784 0.8724832 0.8716216
9  0.9463087 0.9530201 0.9533333 0.9536424
10 0.9426752 0.9437500 0.9496855 0.9496855

$SVM$`Mean Precisions`
        1         2         3         4         5         6         7         8         9 
0.0000000 0.6778820 0.7342105 0.7394402 0.7471849 0.7525602 0.7762074 0.7810151 0.7949228 
       10        11        12        13        14        15        16        17        18 
0.8026142 0.8063639 0.8126769 0.8261841 0.8452942 0.8497149 0.8622474 0.8599025 0.8650287 
       19        20        21        22        23        24        25        26        27 
0.8649015 0.8642699 0.8674186 0.8694155 0.8719821 0.8744780 0.8718278 0.8752761 0.8762576 
       28        29        30        31        32        33        34        35        36 
0.8796960 0.8830730 0.8851675 0.8852686 0.8871427 0.8885383 0.8892798 0.8867879 0.8865219 
       37        38        39        40        41        42        43        44        45 
0.8875908 0.8908176 0.8889785 0.8902960 0.8906615 0.8896885 0.8871904 0.8852035 0.8885352 
       46        47        48        49        50 
0.8914371 0.8937768 0.8944166 0.8945762 0.8954040 

$SVM$`St Dev Precisions`
         1          2          3          4          5          6          7          8 
0.00000000 0.04895928 0.03661824 0.03719206 0.04886769 0.04974629 0.04796354 0.05269150 
         9         10         11         12         13         14         15         16 
0.05736778 0.06056783 0.04971551 0.04397160 0.04458770 0.04829997 0.04595419 0.04214729 
        17         18         19         20         21         22         23         24 
0.04167003 0.03682116 0.03962854 0.04171469 0.03623089 0.03637502 0.03585095 0.03427974 
        25         26         27         28         29         30         31         32 
0.03686238 0.03367144 0.03570979 0.02964034 0.03394311 0.03572582 0.03145958 0.03079031 
        33         34         35         36         37         38         39         40 
0.03171046 0.03464407 0.03953582 0.03675399 0.03546287 0.03438043 0.03453580 0.03498494 
        41         42         43         44         45         46         47         48 
0.03493609 0.03609823 0.03664420 0.03573642 0.03359577 0.03332726 0.03185793 0.03292159 
        49         50 
0.03571686 0.03672076 

$SVM$`Micro Ave Precisions`
        1         2         3         4         5         6         7         8         9 
      NaN 0.6786632 0.7348485 0.7404255 0.7489434 0.7542662 0.7761317 0.7810700 0.7941176 
       10        11        12        13        14        15        16        17        18 
0.8025276 0.8060512 0.8127428 0.8263240 0.8461538 0.8502674 0.8625954 0.8602719 0.8657056 
       19        20        21        22        23        24        25        26        27 
0.8654135 0.8648649 0.8680660 0.8700906 0.8727410 0.8756634 0.8728367 0.8765060 0.8777943 
       28        29        30        31        32        33        34        35        36 
0.8809524 0.8841871 0.8862629 0.8862803 0.8879941 0.8893741 0.8901818 0.8881674 0.8875358 
       37        38        39        40        41        42        43        44        45 
0.8886494 0.8922967 0.8902352 0.8912732 0.8918338 0.8909480 0.8885735 0.8866995 0.8899790 
       46        47        48        49        50 
0.8926081 0.8949930 0.8958333 0.8959778 0.8970283 

$SVM$`Recalls per Fold`
   1         2         3         4         5         6         7         8         9        10
1  0 0.5182482 0.6058394 0.6058394 0.5912409 0.5766423 0.6496350 0.6496350 0.6861314 0.6715328
2  0 0.5039370 0.5748031 0.5669291 0.5590551 0.5511811 0.6141732 0.6141732 0.6614173 0.6535433
3  0 0.6433566 0.6713287 0.6713287 0.6433566 0.6433566 0.7412587 0.7552448 0.7902098 0.8041958
4  0 0.5092025 0.5828221 0.5828221 0.6073620 0.5950920 0.5889571 0.6073620 0.6134969 0.6687117
5  0 0.5472973 0.6013514 0.6013514 0.6216216 0.6216216 0.6283784 0.6148649 0.6756757 0.6756757
6  0 0.5538462 0.6000000 0.5923077 0.5692308 0.5692308 0.6846154 0.6769231 0.7076923 0.7076923
7  0 0.5503356 0.5771812 0.5771812 0.5771812 0.5704698 0.6711409 0.6711409 0.7181208 0.7516779
8  0 0.5723684 0.6381579 0.6381579 0.6578947 0.6513158 0.6578947 0.6513158 0.6644737 0.6973684
9  0 0.4790419 0.5269461 0.5209581 0.6047904 0.6047904 0.5688623 0.5928144 0.6347305 0.6347305
10 0 0.4651163 0.5116279 0.5116279 0.5232558 0.5523256 0.5639535 0.5697674 0.5930233 0.5872093
          11        12        13        14        15        16        17        18        19
1  0.6788321 0.7007299 0.7372263 0.7591241 0.7737226 0.7737226 0.7737226 0.7664234 0.7956204
2  0.7165354 0.7086614 0.7322835 0.7401575 0.7795276 0.8188976 0.8188976 0.8346457 0.8346457
3  0.7902098 0.8111888 0.7832168 0.8251748 0.8181818 0.8391608 0.8181818 0.8041958 0.8111888
4  0.6503067 0.6503067 0.6564417 0.7116564 0.7177914 0.7361963 0.7239264 0.7361963 0.7300613
5  0.7094595 0.7094595 0.6959459 0.7027027 0.6824324 0.7162162 0.7094595 0.6824324 0.6824324
6  0.7461538 0.7461538 0.7384615 0.7538462 0.8000000 0.7769231 0.7846154 0.8153846 0.8230769
7  0.7315436 0.7651007 0.7919463 0.7852349 0.7986577 0.8053691 0.8791946 0.8590604 0.8523490
8  0.6710526 0.6644737 0.6776316 0.6578947 0.6710526 0.6973684 0.6973684 0.7039474 0.7302632
9  0.6706587 0.6706587 0.7005988 0.7065868 0.7425150 0.7485030 0.7544910 0.7604790 0.7604790
10 0.6453488 0.6337209 0.6453488 0.6976744 0.7209302 0.7093023 0.7209302 0.7325581 0.7441860
          20        21        22        23        24        25        26        27        28
1  0.7956204 0.8029197 0.8029197 0.7956204 0.8029197 0.8248175 0.8248175 0.8248175 0.8175182
2  0.8188976 0.8188976 0.8031496 0.8031496 0.7952756 0.7952756 0.8031496 0.8188976 0.8110236
3  0.8111888 0.7972028 0.7972028 0.7972028 0.7972028 0.8041958 0.8041958 0.8181818 0.8391608
4  0.7300613 0.7484663 0.7546012 0.7607362 0.7484663 0.7361963 0.7668712 0.7607362 0.7668712
5  0.6959459 0.7297297 0.7297297 0.7162162 0.7297297 0.7297297 0.7297297 0.7567568 0.7635135
6  0.8230769 0.8153846 0.7846154 0.8076923 0.8000000 0.8000000 0.8076923 0.8153846 0.8230769
7  0.8523490 0.8523490 0.8657718 0.8590604 0.8456376 0.8456376 0.8053691 0.8053691 0.8389262
8  0.7236842 0.7302632 0.7302632 0.7236842 0.7039474 0.7171053 0.7171053 0.7236842 0.7302632
9  0.7724551 0.7724551 0.7724551 0.7904192 0.7904192 0.7964072 0.7964072 0.8023952 0.7964072
10 0.7441860 0.7383721 0.7209302 0.7500000 0.7616279 0.7616279 0.7790698 0.8023256 0.7848837
          29        30        31        32        33        34        35        36        37
1  0.8175182 0.8248175 0.8321168 0.8321168 0.8467153 0.8467153 0.8540146 0.8613139 0.8540146
2  0.8110236 0.8267717 0.8267717 0.8267717 0.8267717 0.8267717 0.8267717 0.8818898 0.8818898
3  0.8391608 0.8461538 0.8461538 0.8741259 0.8671329 0.8741259 0.8741259 0.8741259 0.8741259
4  0.7852761 0.7914110 0.7914110 0.7852761 0.7914110 0.7914110 0.7852761 0.7852761 0.7791411
5  0.7770270 0.7905405 0.7837838 0.7905405 0.7770270 0.7770270 0.7702703 0.7837838 0.7837838
6  0.8307692 0.8307692 0.8461538 0.8538462 0.8769231 0.8692308 0.8615385 0.8615385 0.8615385
7  0.8456376 0.8456376 0.8456376 0.8389262 0.8456376 0.8590604 0.8523490 0.8523490 0.8389262
8  0.7302632 0.7302632 0.7500000 0.7631579 0.7828947 0.7828947 0.7828947 0.7894737 0.7894737
9  0.7964072 0.8083832 0.8203593 0.8143713 0.8203593 0.8203593 0.8502994 0.8383234 0.8383234
10 0.7848837 0.7848837 0.7906977 0.7906977 0.7965116 0.7965116 0.8255814 0.8197674 0.8313953
          38        39        40        41        42        43        44        45        46
1  0.8613139 0.8613139 0.8613139 0.8467153 0.8394161 0.8394161 0.8467153 0.8686131 0.8759124
2  0.8818898 0.8818898 0.8818898 0.8740157 0.8740157 0.8661417 0.8661417 0.8740157 0.8818898
3  0.8811189 0.8811189 0.8811189 0.8811189 0.8881119 0.8881119 0.8881119 0.8881119 0.8881119
4  0.7852761 0.7791411 0.7852761 0.7791411 0.7975460 0.7914110 0.7791411 0.7791411 0.7975460
5  0.8040541 0.7972973 0.7972973 0.7972973 0.7972973 0.8108108 0.8108108 0.8378378 0.8378378
6  0.8615385 0.8692308 0.8692308 0.8615385 0.8692308 0.8692308 0.8615385 0.8615385 0.8615385
7  0.8389262 0.8456376 0.8523490 0.8590604 0.8791946 0.8724832 0.8859060 0.8859060 0.9261745
8  0.7960526 0.7960526 0.7960526 0.8026316 0.7894737 0.7894737 0.8355263 0.8421053 0.8486842
9  0.8562874 0.8502994 0.8323353 0.8443114 0.8443114 0.8502994 0.8562874 0.8562874 0.8443114
10 0.8546512 0.8488372 0.8372093 0.8372093 0.8372093 0.8488372 0.8488372 0.8546512 0.8546512
          47        48        49        50
1  0.8686131 0.8686131 0.8686131 0.8686131
2  0.8897638 0.8897638 0.8897638 0.8740157
3  0.8881119 0.8811189 0.8811189 0.8951049
4  0.8159509 0.8159509 0.8098160 0.8220859
5  0.8513514 0.8513514 0.8716216 0.8986486
6  0.8615385 0.8615385 0.8538462 0.8538462
7  0.9261745 0.9261745 0.9261745 0.9261745
8  0.8552632 0.8552632 0.8552632 0.8486842
9  0.8443114 0.8502994 0.8562874 0.8622754
10 0.8604651 0.8779070 0.8779070 0.8779070

$SVM$`Mean Recalls`
        1         2         3         4         5         6         7         8         9 
0.0000000 0.5342750 0.5890058 0.5868503 0.5954989 0.5936026 0.6368869 0.6403241 0.6744972 
       10        11        12        13        14        15        16        17        18 
0.6852338 0.7010101 0.7060454 0.7159101 0.7340053 0.7504811 0.7621660 0.7680788 0.7695323 
       19        20        21        22        23        24        25        26        27 
0.7764303 0.7767465 0.7806040 0.7761639 0.7803781 0.7775226 0.7810993 0.7834407 0.7928549 
       28        29        30        31        32        33        34        35        36 
0.7971645 0.8017967 0.8079632 0.8133086 0.8169830 0.8231384 0.8244108 0.8283121 0.8347841 
       37        38        39        40        41        42        43        44        45 
0.8332612 0.8421108 0.8410819 0.8394073 0.8383039 0.8415807 0.8426216 0.8479016 0.8548208 
       46        47        48        49        50 
0.8616658 0.8661544 0.8677981 0.8690412 0.8727356 

$SVM$`St Dev Recalls`
         1          2          3          4          5          6          7          8 
0.00000000 0.05142413 0.04710291 0.04816232 0.04039247 0.03596119 0.05555866 0.05308001 
         9         10         11         12         13         14         15         16 
0.05651259 0.06049254 0.04621062 0.05529332 0.04961671 0.04869710 0.05129998 0.04868299 
        17         18         19         20         21         22         23         24 
0.05825055 0.05775119 0.05509206 0.05140677 0.04294973 0.04444749 0.04309075 0.04143681 
        25         26         27         28         29         30         31         32 
0.04285886 0.03550790 0.03383861 0.03568814 0.03465452 0.03525066 0.03275829 0.03452852 
        33         34         35         36         37         38         39         40 
0.03554768 0.03657055 0.03684539 0.03776831 0.03744702 0.03498956 0.03714414 0.03608532 
        41         42         43         44         45         46         47         48 
0.03438583 0.03658018 0.03462391 0.03318192 0.03137248 0.03443316 0.02988296 0.02911992 
        49         50 
0.02984398 0.02921767 

$SVM$`Micro Ave Recalls`
        1         2         3         4         5         6         7         8         9 
      NaN 0.5322581 0.5866935 0.5846774 0.5954301 0.5940860 0.6337366 0.6377688 0.6713710 
       10        11        12        13        14        15        16        17        18 
0.6827957 0.6982527 0.7029570 0.7130376 0.7318548 0.7479839 0.7594086 0.7654570 0.7668011 
       19        20        21        22        23        24        25        26        27 
0.7735215 0.7741935 0.7782258 0.7741935 0.7788978 0.7762097 0.7795699 0.7822581 0.7916667 
       28        29        30        31        32        33        34        35        36 
0.7956989 0.8004032 0.8064516 0.8118280 0.8151882 0.8212366 0.8225806 0.8272849 0.8326613 
       37        38        39        40        41        42        43        44        45 
0.8313172 0.8407258 0.8393817 0.8373656 0.8366935 0.8400538 0.8413978 0.8467742 0.8534946 
       46        47        48        49        50 
0.8602151 0.8649194 0.8669355 0.8682796 0.8723118 

$SVM$`F1 Measure`
   1         2         3         4         5         6         7         8         9        10
1  0 0.5772358 0.6613546 0.6587302 0.6506024 0.6475410 0.6953125 0.7007874 0.7203065 0.7159533
2  0 0.5423729 0.6186441 0.6153846 0.6068376 0.6034483 0.6582278 0.6527197 0.6885246 0.6775510
3  0 0.6865672 0.7137546 0.7164179 0.6969697 0.6969697 0.7765568 0.7769784 0.7929825 0.8070175
4  0 0.6058394 0.6551724 0.6620209 0.6851211 0.6807018 0.6832740 0.6996466 0.7042254 0.7440273
5  0 0.6067416 0.6691729 0.6742424 0.6943396 0.6917293 0.6992481 0.6893939 0.7518797 0.7575758
6  0 0.5877551 0.6341463 0.6337449 0.6141079 0.6166667 0.6953125 0.6875000 0.7076923 0.7104247
7  0 0.6212121 0.6615385 0.6590038 0.6590038 0.6589147 0.7490637 0.7462687 0.7810219 0.8057554
8  0 0.6192171 0.6855124 0.6903915 0.6968641 0.6898955 0.6968641 0.6996466 0.7062937 0.7335640
9  0 0.5574913 0.6241135 0.6214286 0.6894198 0.6917808 0.6597222 0.6851211 0.7162162 0.7210884
10 0 0.5574913 0.6006826 0.6006826 0.6250000 0.6506849 0.6643836 0.6782007 0.7034483 0.6965517
          11        12        13        14        15        16        17        18        19
1  0.7265625 0.7356322 0.7769231 0.7849057 0.7940075 0.8060837 0.7969925 0.7954545 0.8134328
2  0.7398374 0.7407407 0.7530364 0.7673469 0.7920000 0.8156863 0.8156863 0.8313725 0.8249027
3  0.7985866 0.8169014 0.8115942 0.8519856 0.8478261 0.8571429 0.8509091 0.8424908 0.8436364
4  0.7235495 0.7310345 0.7328767 0.7759197 0.7826087 0.7947020 0.7892977 0.7973422 0.7959866
5  0.7749077 0.7749077 0.7715356 0.7819549 0.7680608 0.8000000 0.7954545 0.7709924 0.7709924
6  0.7293233 0.7404580 0.7441860 0.7596899 0.7878788 0.7921569 0.7937743 0.8185328 0.8167939
7  0.7841727 0.7889273 0.8137931 0.8210526 0.8263889 0.8304498 0.8675497 0.8648649 0.8668942
8  0.7157895 0.7214286 0.7279152 0.7220217 0.7338129 0.7544484 0.7571429 0.7615658 0.7789474
9  0.7466667 0.7491639 0.7722772 0.7919463 0.8157895 0.8223684 0.8262295 0.8327869 0.8273616
10 0.7424749 0.7364865 0.7500000 0.7868852 0.8051948 0.8026316 0.8025890 0.8129032 0.8258065
          20        21        22        23        24        25        26        27        28
1  0.8044280 0.8208955 0.8178439 0.8195489 0.8333333 0.8370370 0.8370370 0.8370370 0.8358209
2  0.8188976 0.8188976 0.8031496 0.8063241 0.8080000 0.8080000 0.8127490 0.8221344 0.8306452
3  0.8436364 0.8413284 0.8413284 0.8444444 0.8413284 0.8424908 0.8424908 0.8509091 0.8664260
4  0.7959866 0.8106312 0.8118812 0.8157895 0.8106312 0.8053691 0.8223684 0.8211921 0.8250825
5  0.7803030 0.8000000 0.8029740 0.7969925 0.8029740 0.8029740 0.8029740 0.8145455 0.8188406
6  0.8167939 0.8185328 0.8127490 0.8267717 0.8221344 0.8253968 0.8333333 0.8346457 0.8359375
7  0.8668942 0.8581081 0.8686869 0.8619529 0.8571429 0.8571429 0.8391608 0.8391608 0.8532423
8  0.7773852 0.7816901 0.7872340 0.7801418 0.7642857 0.7649123 0.7730496 0.7773852 0.7872340
9  0.8322581 0.8322581 0.8322581 0.8434505 0.8434505 0.8471338 0.8471338 0.8535032 0.8498403
10 0.8284790 0.8220065 0.8104575 0.8295820 0.8397436 0.8397436 0.8507937 0.8679245 0.8544304
          29        30        31        32        33        34        35        36        37
1  0.8358209 0.8432836 0.8475836 0.8475836 0.8592593 0.8592593 0.8602941 0.8644689 0.8602941
2  0.8340081 0.8433735 0.8433735 0.8433735 0.8400000 0.8366534 0.8366534 0.8682171 0.8715953
3  0.8602151 0.8642857 0.8612100 0.8710801 0.8671329 0.8741259 0.8741259 0.8741259 0.8741259
4  0.8338762 0.8349515 0.8349515 0.8311688 0.8322581 0.8322581 0.8284790 0.8258065 0.8220065
5  0.8363636 0.8447653 0.8405797 0.8447653 0.8363636 0.8363636 0.8290909 0.8345324 0.8375451
6  0.8372093 0.8372093 0.8527132 0.8638132 0.8735632 0.8692308 0.8615385 0.8582375 0.8582375
7  0.8571429 0.8571429 0.8571429 0.8620690 0.8689655 0.8737201 0.8668942 0.8668942 0.8620690
8  0.7872340 0.7872340 0.8000000 0.8055556 0.8206897 0.8206897 0.8150685 0.8247423 0.8247423
9  0.8608414 0.8709677 0.8753994 0.8717949 0.8753994 0.8782051 0.8987342 0.8945687 0.8945687
10 0.8544304 0.8571429 0.8580442 0.8580442 0.8643533 0.8670886 0.8875000 0.8785047 0.8827160
          38        39        40        41        42        43        44        45        46
1  0.8644689 0.8644689 0.8613139 0.8592593 0.8518519 0.8518519 0.8498168 0.8623188 0.8664260
2  0.8715953 0.8682171 0.8750000 0.8705882 0.8604651 0.8527132 0.8560311 0.8671875 0.8784314
3  0.8811189 0.8811189 0.8780488 0.8780488 0.8881119 0.8881119 0.8912281 0.8912281 0.8943662
4  0.8338762 0.8273616 0.8366013 0.8300654 0.8360129 0.8295820 0.8220065 0.8220065 0.8360129
5  0.8500000 0.8489209 0.8489209 0.8489209 0.8489209 0.8571429 0.8510638 0.8641115 0.8641115
6  0.8582375 0.8625954 0.8625954 0.8549618 0.8625954 0.8625954 0.8549618 0.8549618 0.8549618
7  0.8591065 0.8630137 0.8639456 0.8707483 0.8821549 0.8754209 0.8829431 0.8859060 0.9078947
8  0.8316151 0.8287671 0.8287671 0.8327645 0.8275862 0.8275862 0.8552189 0.8648649 0.8628763
9  0.9022082 0.8987342 0.8881789 0.8924051 0.8924051 0.8958991 0.8965517 0.8965517 0.8924051
10 0.8990826 0.8929664 0.8888889 0.8916409 0.8916409 0.8957055 0.8957055 0.8990826 0.8990826
          47        48        49        50
1  0.8623188 0.8654545 0.8654545 0.8654545
2  0.8862745 0.8828125 0.8828125 0.8705882
3  0.8912281 0.8873239 0.8873239 0.8951049
4  0.8498403 0.8498403 0.8407643 0.8507937
5  0.8750000 0.8750000 0.8927336 0.9109589
6  0.8549618 0.8549618 0.8505747 0.8505747
7  0.9139073 0.9139073 0.9139073 0.9139073
8  0.8666667 0.8666667 0.8637874 0.8600000
9  0.8924051 0.8987342 0.9022082 0.9056604
10 0.8996960 0.9096386 0.9123867 0.9123867

$SVM$`Mean F1 Measure`
        1         2         3         4         5         6         7         8         9 
0.0000000 0.5961924 0.6524092 0.6532047 0.6618266 0.6628333 0.6977965 0.7016263 0.7272591 
       10        11        12        13        14        15        16        17        18 
0.7369509 0.7481871 0.7535681 0.7654138 0.7843709 0.7953568 0.8075670 0.8095625 0.8128306 
       19        20        21        22        23        24        25        26        27 
0.8164754 0.8165062 0.8204348 0.8188563 0.8224998 0.8223024 0.8230200 0.8261091 0.8318437 
       28        29        30        31        32        33        34        35        36 
0.8357500 0.8397142 0.8440356 0.8470998 0.8499248 0.8537985 0.8547595 0.8558379 0.8590098 
       37        38        39        40        41        42        43        44        45 
0.8587900 0.8651309 0.8636164 0.8632261 0.8629403 0.8641745 0.8636609 0.8655527 0.8708219 
       46        47        48        49        50 
0.8756568 0.8792299 0.8804340 0.8811953 0.8835429 

$SVM$`St Dev F1 Measure`
         1          2          3          4          5          6          7          8 
0.00000000 0.04196653 0.03376555 0.03580902 0.03592398 0.03324088 0.03828182 0.03534221 
         9         10         11         12         13         14         15         16 
0.03560077 0.04305929 0.02815395 0.03023385 0.02980761 0.03471301 0.03161318 0.02702834 
        17         18         19         20         21         22         23         24 
0.03197353 0.03211473 0.02879541 0.02804823 0.02113216 0.02315196 0.02427998 0.02693468 
        25         26         27         28         29         30         31         32 
0.02773338 0.02404788 0.02515618 0.02254406 0.02170621 0.02318065 0.02020649 0.02035130 
        33         34         35         36         37         38         39         40 
0.01960971 0.02107985 0.02757964 0.02339560 0.02410319 0.02412514 0.02396562 0.02039899 
        41         42         43         44         45         46         47         48 
0.02187009 0.02352354 0.02487298 0.02470991 0.02334558 0.02262757 0.02082454 0.02208482 
        49         50 
0.02534412 0.02653542 

$SVM$`Micro Ave F1 Measure`
        1         2         3         4         5         6         7         8         9 
      NaN 0.5966102 0.6524664 0.6533984 0.6634219 0.6646617 0.6977432 0.7021828 0.7276038 
       10        11        12        13        14        15        16        17        18 
0.7378359 0.7482895 0.7538739 0.7655123 0.7848649 0.7958527 0.8077198 0.8100996 0.8132573 
       19        20        21        22        23        24        25        26        27 
0.8168914 0.8170213 0.8206945 0.8193457 0.8231534 0.8229426 0.8235712 0.8267045 0.8325088 
       28        29        30        31        32        33        34        35        36 
0.8361582 0.8402116 0.8444757 0.8474220 0.8500350 0.8539483 0.8550472 0.8566458 0.8592233 
       37        38        39        40        41        42        43        44        45 
0.8590278 0.8657439 0.8640609 0.8634789 0.8633842 0.8647527 0.8643424 0.8662771 0.8713551 
       46        47        48        49        50 
0.8761123 0.8796992 0.8811475 0.8819113 0.8844974 
