> ig_10
$`NAIVE BAYES`
$`NAIVE BAYES`$`Accuracy per Fold`
   1         2         3         4         5         6         7         8         9        10
1  0 0.9814551 0.9828816 0.9786020 0.9714693 0.9743224 0.9671897 0.9657632 0.9643367 0.9629101
2  0 0.9816384 0.9774011 0.9774011 0.9788136 0.9703390 0.9618644 0.9618644 0.9618644 0.9576271
3  0 0.9872702 0.9759547 0.9759547 0.9702970 0.9674682 0.9561528 0.9547383 0.9476662 0.9462518
4  0 0.9943503 0.9943503 0.9816384 0.9830508 0.9802260 0.9717514 0.9661017 0.9661017 0.9661017
5  0 0.9943503 0.9957627 0.9844633 0.9844633 0.9802260 0.9745763 0.9745763 0.9745763 0.9717514
6  0 0.9816124 0.9844413 0.9858557 0.9787836 0.9745403 0.9731259 0.9660537 0.9660537 0.9603960
7  0 0.9901130 0.9872881 0.9844633 0.9802260 0.9703390 0.9675141 0.9675141 0.9646893 0.9618644
8  0 0.9915134 0.9900990 0.9900990 0.9830269 0.9816124 0.9759547 0.9688826 0.9660537 0.9646393
9  0 0.9971751 0.9844633 0.9774011 0.9788136 0.9731638 0.9689266 0.9717514 0.9689266 0.9675141
10 0 0.9914408 0.9814551 0.9857347 0.9686163 0.9614836 0.9686163 0.9643367 0.9614836 0.9600571
          11        12        13        14        15        16        17        18        19
1  0.9629101 0.9572040 0.9543509 0.9486448 0.9386591 0.9229672 0.9215407 0.8930100 0.1283880
2  0.9562147 0.9562147 0.9590395 0.9505650 0.9449153 0.9279661 0.9265537 0.9011299 0.8629944
3  0.9405941 0.9405941 0.9363508 0.9363508 0.9236209 0.9207921 0.9151344 0.8910891 0.8854314
4  0.9632768 0.9562147 0.9548023 0.9505650 0.9505650 0.9435028 0.9322034 0.9237288 0.9194915
5  0.9703390 0.9703390 0.9604520 0.9604520 0.9519774 0.9322034 0.9322034 0.9096045 0.1666667
6  0.9603960 0.9589816 0.9589816 0.9519095 0.9504950 0.9349364 0.9236209 0.9222065 0.9222065
7  0.9618644 0.9548023 0.9449153 0.9364407 0.9209040 0.9166667 0.8898305 0.8771186 0.1355932
8  0.9660537 0.9660537 0.9646393 0.9589816 0.9519095 0.9405941 0.9165488 0.8953324 0.8896747
9  0.9661017 0.9661017 0.9646893 0.9646893 0.9646893 0.9646893 0.9618644 0.9548023 0.9449153
10 0.9600571 0.9586305 0.9572040 0.9514979 0.9443652 0.9315264 0.9201141 0.9186876 0.9144080
          20        21        22        23        24        25        26        27        28
1  0.1283880 0.1340942 0.1412268 0.1412268 0.1426534 0.1398003 0.1383738 0.1398003 0.1483595
2  0.1483051 0.8545198 0.8474576 0.8418079 0.8446328 0.1553672 0.8234463 0.7937853 0.7895480
3  0.8571429 0.8345120 0.1272984 0.8260255 0.1414427 0.1414427 0.8076379 0.1400283 0.1555870
4  0.9067797 0.8926554 0.8757062 0.8898305 0.9053672 0.8968927 0.8940678 0.8997175 0.8926554
5  0.1539548 0.1666667 0.1624294 0.1638418 0.1624294 0.1553672 0.1610169 0.1610169 0.1666667
6  0.9052334 0.8868458 0.8429986 0.8797737 0.8642150 0.8543140 0.8613861 0.8147100 0.8345120
7  0.8644068 0.8545198 0.8446328 0.8502825 0.1468927 0.7966102 0.7740113 0.7740113 0.7754237
8  0.8373409 0.8811881 0.8684583 0.8613861 0.8642150 0.8684583 0.8217822 0.8345120 0.8246110
9  0.9322034 0.9307910 0.9265537 0.9124294 0.9053672 0.8898305 0.8997175 0.8968927 0.8926554
10 0.8972896 0.8887304 0.8758916 0.8844508 0.8815977 0.8773181 0.8758916 0.8601997 0.8601997
          29        30        31        32        33        34        35        36        37
1  0.1583452 0.1526391 0.1526391 0.1683310 0.1711840 0.1825963 0.1840228 0.1783167 0.1754636
2  0.7895480 0.1539548 0.1539548 0.1666667 0.1652542 0.1807910 0.1850282 0.1666667 0.1525424
3  0.1555870 0.1541726 0.1400283 0.1485149 0.1527581 0.1541726 0.1669024 0.1697313 0.1541726
4  0.8714689 0.8728814 0.8672316 0.8672316 0.8573446 0.8305085 0.8305085 0.8262712 0.8050847
5  0.1680791 0.1596045 0.1596045 0.1709040 0.1709040 0.1765537 0.1779661 0.1680791 0.1624294
6  0.8090523 0.8076379 0.8019802 0.1357850 0.1442716 0.1513437 0.1527581 0.1612447 0.1654880
7  0.1468927 0.1468927 0.1567797 0.1596045 0.1723164 0.1751412 0.1652542 0.1624294 0.1624294
8  0.8231966 0.8175389 0.1343706 0.1456860 0.1612447 0.1584158 0.1824611 0.1838755 0.1711457
9  0.8841808 0.8700565 0.8714689 0.8644068 0.8629944 0.8559322 0.8248588 0.8248588 0.8149718
10 0.8487874 0.8459344 0.8402282 0.8017118 0.8017118 0.7917261 0.7717546 0.1854494 0.7703281
          38        39        40        41        42        43        44        45        46
1  0.1768902 0.1768902 0.1740371 0.1697575 0.1711840 0.1726106 0.1726106 0.1940086 0.1911555
2  0.1553672 0.1553672 0.1440678 0.1355932 0.1384181 0.1370056 0.1370056 0.1652542 0.1638418
3  0.1386139 0.1414427 0.1471004 0.1386139 0.1329562 0.1329562 0.1343706 0.1357850 0.1555870
4  0.7980226 0.7895480 0.1878531 0.7443503 0.7429379 0.1793785 0.1723164 0.1779661 0.1822034
5  0.1624294 0.1539548 0.1483051 0.1511299 0.1483051 0.1511299 0.1751412 0.1694915 0.1694915
6  0.1541726 0.1584158 0.1598303 0.1513437 0.1414427 0.1485149 0.1485149 0.1527581 0.1810467
7  0.1624294 0.1525424 0.1468927 0.1511299 0.1511299 0.1525424 0.1793785 0.1723164 0.1751412
8  0.1739745 0.1739745 0.1598303 0.1570014 0.1612447 0.1626591 0.1640736 0.1951909 0.1895332
9  0.7810734 0.7697740 0.7754237 0.1807910 0.1652542 0.1638418 0.1539548 0.1468927 0.1483051
10 0.1726106 0.1569187 0.1597718 0.1597718 0.1569187 0.1455064 0.1483595 0.1540656 0.1540656
          47        48        49        50
1  0.1911555 0.1940086 0.1940086 0.1954351
2  0.1638418 0.1723164 0.1737288 0.1737288
3  0.1541726 0.1555870 0.1555870 0.1584158
4  0.1850282 0.2048023 0.1977401 0.1977401
5  0.1709040 0.1709040 0.1723164 0.1737288
6  0.1725601 0.1725601 0.1782178 0.1810467
7  0.1793785 0.1793785 0.1807910 0.1807910
8  0.1895332 0.1838755 0.1852900 0.1895332
9  0.1511299 0.1567797 0.1822034 0.1807910
10 0.1868759 0.1840228 0.1840228 0.1854494

$`NAIVE BAYES`$`Mean Accuracy`
        1         2         3         4         5         6         7         8         9 
0.0000000 0.9890919 0.9854097 0.9821613 0.9777560 0.9733721 0.9685672 0.9661582 0.9641752 
       10        11        12        13        14        15        16        17        18 
0.9619113 0.9607808 0.9585136 0.9555425 0.9510096 0.9442101 0.9335844 0.9239614 0.9086710 
       19        20        21        22        23        24        25        26        27 
0.6769770 0.6631044 0.7324523 0.6512653 0.7251055 0.5858813 0.5775401 0.7057331 0.6314674 
       28        29        30        31        32        33        34        35        36 
0.6340218 0.5655138 0.4981313 0.4278286 0.3628842 0.3659984 0.3657181 0.3641515 0.3026923 
       37        38        39        40        41        42        43        44        45 
0.3534056 0.2875584 0.2828828 0.2203112 0.2139483 0.2109791 0.1546145 0.1585726 0.1663729 
       46        47        48        49        50 
0.1710371 0.1744580 0.1774235 0.1803906 0.1816660 

$`NAIVE BAYES`$`St Dev Accuracy`
          1           2           3           4           5           6           7           8 
0.000000000 0.005832861 0.006583097 0.004676241 0.005665608 0.006313641 0.005998048 0.005413430 
          9          10          11          12          13          14          15          16 
0.006887581 0.006859950 0.008085920 0.008176351 0.008822724 0.009273709 0.013405298 0.013812784 
         17          18          19          20          21          22          23          24 
0.017943668 0.022170982 0.368913433 0.359624221 0.307995089 0.351199896 0.302859513 0.377047236 
         25          26          27          28          29          30          31          32 
0.370714628 0.295759718 0.336777307 0.331466634 0.352503456 0.363875345 0.359791466 0.332949042 
         33          34          35          36          37          38          39          40 
0.328067744 0.318213636 0.307542713 0.275702884 0.306242545 0.264839126 0.262065239 0.195525983 
         41          42          43          44          45          46          47          48 
0.186840089 0.187305013 0.014917286 0.016334300 0.019513085 0.015225057 0.014456252 0.015307600 
         49          50 
0.011816233 0.011511612 

$`NAIVE BAYES`$`Precisions per Fold`
   1         2         3         4         5         6         7         8         9        10
1  0 0.7058824 0.7222222 0.5862069 0.5000000 0.5333333 0.4571429 0.4444444 0.4324324 0.4210526
2  0 0.5882353 0.5000000 0.5000000 0.5200000 0.4242424 0.3513514 0.3513514 0.3513514 0.3250000
3  0 0.8181818 0.5937500 0.6071429 0.5294118 0.5000000 0.4090909 0.4000000 0.3600000 0.3529412
4  0 0.9375000 0.9375000 0.6000000 0.6250000 0.5714286 0.4705882 0.4210526 0.4210526 0.4210526
5  0 1.0000000 1.0000000 0.4736842 0.4736842 0.4000000 0.3333333 0.3461538 0.3461538 0.3214286
6  0 0.7058824 0.7647059 0.7083333 0.5925926 0.5357143 0.5161290 0.4473684 0.4473684 0.4047619
7  0 0.8823529 0.8666667 0.7142857 0.6250000 0.4838710 0.4545455 0.4545455 0.4285714 0.4054054
8  0 0.8333333 0.8888889 0.7333333 0.5500000 0.5263158 0.4347826 0.3666667 0.3529412 0.3428571
9  0 0.8571429 0.3888889 0.3043478 0.3000000 0.2500000 0.2222222 0.2400000 0.2222222 0.2142857
10 0 0.6666667 0.4500000 0.5263158 0.3225806 0.2777778 0.3225806 0.2941176 0.2777778 0.2702703
          11        12        13        14        15        16        17        18         19
1  0.4210526 0.3750000 0.3636364 0.3333333 0.3050847 0.2571429 0.2535211 0.1978022 0.02870813
2  0.3170732 0.3170732 0.3333333 0.2978723 0.2745098 0.2388060 0.2352941 0.1860465 0.14159292
3  0.3272727 0.3272727 0.3103448 0.3103448 0.2753623 0.2739726 0.2716049 0.2244898 0.21568627
4  0.4000000 0.3555556 0.3478261 0.3265306 0.3265306 0.2962963 0.2656250 0.2428571 0.23287671
5  0.2962963 0.2962963 0.2352941 0.2352941 0.2142857 0.1607143 0.1607143 0.1250000 0.01505017
6  0.4047619 0.3953488 0.3953488 0.3600000 0.3584906 0.2968750 0.2638889 0.2666667 0.26666667
7  0.4054054 0.3571429 0.3061224 0.2950820 0.2631579 0.2531646 0.2040816 0.1869159 0.03164557
8  0.3529412 0.3529412 0.3428571 0.3076923 0.2727273 0.2307692 0.1830986 0.1590909 0.15217391
9  0.2068966 0.2068966 0.2000000 0.2000000 0.2000000 0.2000000 0.1875000 0.1621622 0.13636364
10 0.2702703 0.2631579 0.2564103 0.2325581 0.2083333 0.1754386 0.1641791 0.1617647 0.15492958
           20         21         22         23         24         25         26         27
1  0.02870813 0.02889246 0.02912621 0.02912621 0.02917342 0.02907916 0.02903226 0.02907916
2  0.02584814 0.13445378 0.12903226 0.12500000 0.12698413 0.02605863 0.11347518 0.09876543
3  0.18032787 0.15942029 0.03593750 0.15277778 0.03650794 0.03650794 0.14012739 0.03645008
4  0.21428571 0.19148936 0.16981132 0.18750000 0.21176471 0.19780220 0.19354839 0.20224719
5  0.01482702 0.01505017 0.01335559 0.01337793 0.01335559 0.01324503 0.01333333 0.01333333
6  0.22988506 0.20000000 0.15267176 0.19047619 0.17241379 0.16260163 0.16949153 0.13245033
7  0.17241379 0.16260163 0.15384615 0.15873016 0.03205128 0.12195122 0.11111111 0.11111111
8  0.10852713 0.14285714 0.13084112 0.12500000 0.12727273 0.13084112 0.10000000 0.10687023
9  0.12727273 0.12500000 0.11864407 0.10144928 0.09459459 0.08235294 0.08974359 0.08750000
10 0.13253012 0.12359551 0.11224490 0.11956522 0.11702128 0.11340206 0.11224490 0.10091743
           28         29         30         31         32         33         34         35
1  0.02782324 0.02814570 0.02950820 0.02950820 0.03005008 0.03015075 0.03056027 0.03061224
2  0.09696970 0.09696970 0.02601626 0.02601626 0.02640264 0.02635914 0.02684564 0.02698145
3  0.03709677 0.03709677 0.03703704 0.03645008 0.03680000 0.03697749 0.03703704 0.03758170
4  0.19148936 0.16513761 0.16666667 0.16071429 0.16071429 0.15126050 0.13043478 0.13043478
5  0.01342282 0.01344538 0.01331115 0.01331115 0.01349073 0.01349073 0.01192504 0.01360544
6  0.14598540 0.12903226 0.12820513 0.12500000 0.03169572 0.03200000 0.03225806 0.03231018
7  0.11173184 0.03205128 0.03205128 0.03241491 0.03252033 0.03300330 0.03311258 0.03273322
8  0.10144928 0.10071942 0.09790210 0.02236422 0.02265372 0.02306425 0.02298851 0.02364865
9  0.08433735 0.07865169 0.07070707 0.07142857 0.06796117 0.06730769 0.06422018 0.05343511
10 0.10091743 0.09401709 0.09243697 0.08943089 0.07333333 0.07333333 0.07006369 0.06432749
           36         37         38         39         40         41         42         43
1  0.03040541 0.03030303 0.03035413 0.03035413 0.03025210 0.03010033 0.03015075 0.03020134
2  0.02640264 0.02597403 0.02605863 0.02605863 0.02572347 0.02547771 0.02555911 0.02551834
3  0.03770492 0.03703704 0.03639241 0.03650794 0.03674121 0.03639241 0.03616352 0.03616352
4  0.12230216 0.11038961 0.10691824 0.10778443 0.03035413 0.09045226 0.09000000 0.03005008
5  0.01507538 0.01497504 0.01497504 0.01482702 0.01472995 0.01477833 0.01472995 0.01477833
6  0.03262643 0.03278689 0.03236246 0.03252033 0.03257329 0.03225806 0.03189793 0.03215434
7  0.03262643 0.03262643 0.03262643 0.03225806 0.03205128 0.03220612 0.03220612 0.03225806
8  0.02368866 0.02333333 0.02341137 0.02341137 0.02302632 0.02295082 0.02306425 0.02310231
9  0.05343511 0.05072464 0.04320988 0.04117647 0.04216867 0.01192504 0.01170569 0.01168614
10 0.01890034 0.06395349 0.01861252 0.01827243 0.01833333 0.01833333 0.01827243 0.01803279
           44         45         46         47         48         49         50
1  0.03020134 0.03098107 0.03087479 0.03087479 0.03259005 0.03259005 0.03264605
2  0.02551834 0.02635914 0.02631579 0.02631579 0.02657807 0.02662230 0.02662230
3  0.03622047 0.03627760 0.03709677 0.03703704 0.03709677 0.03709677 0.03721683
4  0.02980132 0.03000000 0.03015075 0.03025210 0.03098107 0.03071672 0.03071672
5  0.01520270 0.01510067 0.01510067 0.01512605 0.01512605 0.01515152 0.01517707
6  0.03215434 0.03231018 0.03338898 0.03305785 0.03305785 0.03327787 0.03338898
7  0.03327787 0.03300330 0.03311258 0.03327787 0.03327787 0.03333333 0.03333333
8  0.02314050 0.02401372 0.02385009 0.02385009 0.02207131 0.02210884 0.02222222
9  0.01155116 0.01145663 0.01147541 0.01151316 0.01158940 0.01194539 0.01192504
10 0.01809211 0.01821192 0.01821192 0.01893287 0.01886792 0.01886792 0.01890034

$`NAIVE BAYES`$`Mean Precisions`
         1          2          3          4          5          6          7          8 
0.00000000 0.79951776 0.71126225 0.57536500 0.50382692 0.45026831 0.39717666 0.37657005 
         9         10         11         12         13         14         15         16 
0.36398713 0.34790554 0.34019701 0.32466851 0.30911734 0.28987076 0.26984823 0.23831794 
        17         18         19         20         21         22         23         24 
0.21895077 0.19127960 0.13756936 0.12346257 0.12833603 0.10455109 0.12030028 0.09611395 
        25         26         27         28         29         30         31         32 
0.09138419 0.10721077 0.09187243 0.09112232 0.07752669 0.06938419 0.06066386 0.04956220 
        33         34         35         36         37         38         39         40 
0.04869472 0.04594458 0.04456703 0.03931675 0.04221035 0.03649211 0.03631708 0.02859538 
        41         42         43         44         45         46         47         48 
0.03148744 0.03137497 0.02539453 0.02551602 0.02577142 0.02595778 0.02602376 0.02612364 
        49         50 
0.02617107 0.02621489 

$`NAIVE BAYES`$`St Dev Precisions`
          1           2           3           4           5           6           7           8 
0.000000000 0.129413746 0.217013702 0.131463049 0.113339282 0.111220926 0.088400450 0.070974292 
          9          10          11          12          13          14          15          16 
0.072426010 0.068635839 0.069908660 0.056627582 0.061261122 0.050902005 0.051819349 0.047302923 
         17          18          19          20          21          22          23          24 
0.043868033 0.043054736 0.088484612 0.078763318 0.061706323 0.057024512 0.059737648 0.067120876 
         25          26          27          28          29          30          31          32 
0.063875517 0.055556107 0.055533453 0.054521980 0.049176686 0.050908826 0.049841116 0.043427066 
         33          34          35          36          37          38          39          40 
0.040653646 0.034595128 0.033469125 0.031042842 0.027697957 0.026113592 0.026366868 0.008306731 
         41          42          43          44          45          46          47          48 
0.022230726 0.022112826 0.008257269 0.008308995 0.008365377 0.008592205 0.008493217 0.008734029 
         49          50 
0.008672329 0.008695159 

$`NAIVE BAYES`$`Micro Ave Precisions`
         1          2          3          4          5          6          7          8 
       NaN 0.78082192 0.66279070 0.57142857 0.50390625 0.44912281 0.40125392 0.38304094 
         9         10         11         12         13         14         15         16 
0.36871508 0.35294118 0.34473684 0.32994924 0.31414868 0.29629630 0.27447217 0.24252492 
        17         18         19         20         21         22         23         24 
0.22205882 0.19318182 0.06304079 0.06128905 0.07605496 0.05934150 0.07375479 0.05040650 
        25         26         27         28         29         30         31         32 
0.04945756 0.06921348 0.05632267 0.05636896 0.04787069 0.04193723 0.03696637 0.03331900 
        33         34         35         36         37         38         39         40 
0.03347732 0.03326134 0.03338359 0.03054789 0.03284594 0.02991700 0.02990798 0.02756671 
        41         42         43         44         45         46         47         48 
0.02734923 0.02724891 0.02547355 0.02559055 0.02582354 0.02596538 0.02606952 0.02616133 
        49         50 
0.02625379 0.02629361 

$`NAIVE BAYES`$`Recalls per Fold`
   1         2         3         4         5         6         7         8         9        10
1  0 0.6000000 0.6500000 0.8500000 0.8000000 0.8000000 0.8000000 0.8000000 0.8000000 0.8000000
2  0 0.6250000 0.6250000 0.8750000 0.8125000 0.8750000 0.8125000 0.8125000 0.8125000 0.8125000
3  0 0.7826087 0.8260870 0.7391304 0.7826087 0.7826087 0.7826087 0.7826087 0.7826087 0.7826087
4  0 0.8333333 0.8333333 0.8333333 0.8333333 0.8888889 0.8888889 0.8888889 0.8888889 0.8888889
5  0 0.6000000 0.7000000 0.9000000 0.9000000 0.8000000 0.8000000 0.9000000 0.9000000 0.9000000
6  0 0.6000000 0.6500000 0.8500000 0.8000000 0.7500000 0.8000000 0.8500000 0.8500000 0.8500000
7  0 0.7500000 0.6500000 0.7500000 0.7500000 0.7500000 0.7500000 0.7500000 0.7500000 0.7500000
8  0 0.7142857 0.5714286 0.7857143 0.7857143 0.7142857 0.7142857 0.7857143 0.8571429 0.8571429
9  0 0.8571429 1.0000000 1.0000000 0.8571429 0.8571429 0.8571429 0.8571429 0.8571429 0.8571429
10 0 0.9090909 0.8181818 0.9090909 0.9090909 0.9090909 0.9090909 0.9090909 0.9090909 0.9090909
          11        12        13        14        15        16        17        18        19
1  0.8000000 0.7500000 0.8000000 0.8000000 0.9000000 0.9000000 0.9000000 0.9000000 0.9000000
2  0.8125000 0.8125000 0.8125000 0.8750000 0.8750000 1.0000000 1.0000000 1.0000000 1.0000000
3  0.7826087 0.7826087 0.7826087 0.7826087 0.8260870 0.8695652 0.9565217 0.9565217 0.9565217
4  0.8888889 0.8888889 0.8888889 0.8888889 0.8888889 0.8888889 0.9444444 0.9444444 0.9444444
5  0.8000000 0.8000000 0.8000000 0.8000000 0.9000000 0.9000000 0.9000000 0.9000000 0.9000000
6  0.8500000 0.8500000 0.8500000 0.9000000 0.9500000 0.9500000 0.9500000 1.0000000 1.0000000
7  0.7500000 0.7500000 0.7500000 0.9000000 1.0000000 1.0000000 1.0000000 1.0000000 1.0000000
8  0.8571429 0.8571429 0.8571429 0.8571429 0.8571429 0.8571429 0.9285714 1.0000000 1.0000000
9  0.8571429 0.8571429 0.8571429 0.8571429 0.8571429 0.8571429 0.8571429 0.8571429 0.8571429
10 0.9090909 0.9090909 0.9090909 0.9090909 0.9090909 0.9090909 1.0000000 1.0000000 1.0000000
          20        21  22        23  24  25        26  27   28   29  30  31  32  33  34  35
1  0.9000000 0.9000000 0.9 0.9000000 0.9 0.9 0.9000000 0.9 0.85 0.85 0.9 0.9 0.9 0.9 0.9 0.9
2  1.0000000 1.0000000 1.0 1.0000000 1.0 1.0 1.0000000 1.0 1.00 1.00 1.0 1.0 1.0 1.0 1.0 1.0
3  0.9565217 0.9565217 1.0 0.9565217 1.0 1.0 0.9565217 1.0 1.00 1.00 1.0 1.0 1.0 1.0 1.0 1.0
4  1.0000000 1.0000000 1.0 1.0000000 1.0 1.0 1.0000000 1.0 1.00 1.00 1.0 1.0 1.0 1.0 1.0 1.0
5  0.9000000 0.9000000 0.8 0.8000000 0.8 0.8 0.8000000 0.8 0.80 0.80 0.8 0.8 0.8 0.8 0.7 0.8
6  1.0000000 1.0000000 1.0 1.0000000 1.0 1.0 1.0000000 1.0 1.00 1.00 1.0 1.0 1.0 1.0 1.0 1.0
7  1.0000000 1.0000000 1.0 1.0000000 1.0 1.0 1.0000000 1.0 1.00 1.00 1.0 1.0 1.0 1.0 1.0 1.0
8  1.0000000 1.0000000 1.0 1.0000000 1.0 1.0 1.0000000 1.0 1.00 1.00 1.0 1.0 1.0 1.0 1.0 1.0
9  1.0000000 1.0000000 1.0 1.0000000 1.0 1.0 1.0000000 1.0 1.00 1.00 1.0 1.0 1.0 1.0 1.0 1.0
10 1.0000000 1.0000000 1.0 1.0000000 1.0 1.0 1.0000000 1.0 1.00 1.00 1.0 1.0 1.0 1.0 1.0 1.0
          36        37        38  39  40  41  42  43  44  45  46  47        48        49
1  0.9000000 0.9000000 0.9000000 0.9 0.9 0.9 0.9 0.9 0.9 0.9 0.9 0.9 0.9500000 0.9500000
2  1.0000000 1.0000000 1.0000000 1.0 1.0 1.0 1.0 1.0 1.0 1.0 1.0 1.0 1.0000000 1.0000000
3  1.0000000 1.0000000 1.0000000 1.0 1.0 1.0 1.0 1.0 1.0 1.0 1.0 1.0 1.0000000 1.0000000
4  0.9444444 0.9444444 0.9444444 1.0 1.0 1.0 1.0 1.0 1.0 1.0 1.0 1.0 1.0000000 1.0000000
5  0.9000000 0.9000000 0.9000000 0.9 0.9 0.9 0.9 0.9 0.9 0.9 0.9 0.9 0.9000000 0.9000000
6  1.0000000 1.0000000 1.0000000 1.0 1.0 1.0 1.0 1.0 1.0 1.0 1.0 1.0 1.0000000 1.0000000
7  1.0000000 1.0000000 1.0000000 1.0 1.0 1.0 1.0 1.0 1.0 1.0 1.0 1.0 1.0000000 1.0000000
8  1.0000000 1.0000000 1.0000000 1.0 1.0 1.0 1.0 1.0 1.0 1.0 1.0 1.0 0.9285714 0.9285714
9  1.0000000 1.0000000 1.0000000 1.0 1.0 1.0 1.0 1.0 1.0 1.0 1.0 1.0 1.0000000 1.0000000
10 1.0000000 1.0000000 1.0000000 1.0 1.0 1.0 1.0 1.0 1.0 1.0 1.0 1.0 1.0000000 1.0000000
          50
1  0.9500000
2  1.0000000
3  1.0000000
4  1.0000000
5  0.9000000
6  1.0000000
7  1.0000000
8  0.9285714
9  1.0000000
10 1.0000000

$`NAIVE BAYES`$`Mean Recalls`
        1         2         3         4         5         6         7         8         9 
0.0000000 0.7271462 0.7324031 0.8492269 0.8230390 0.8127017 0.8114517 0.8335946 0.8407374 
       10        11        12        13        14        15        16        17        18 
0.8407374 0.8307374 0.8257374 0.8307374 0.8569874 0.8963352 0.9131831 0.9436680 0.9558109 
       19        20        21        22        23        24        25        26        27 
0.9558109 0.9756522 0.9756522 0.9700000 0.9656522 0.9700000 0.9700000 0.9656522 0.9700000 
       28        29        30        31        32        33        34        35        36 
0.9650000 0.9650000 0.9700000 0.9700000 0.9700000 0.9700000 0.9600000 0.9700000 0.9744444 
       37        38        39        40        41        42        43        44        45 
0.9744444 0.9744444 0.9800000 0.9800000 0.9800000 0.9800000 0.9800000 0.9800000 0.9800000 
       46        47        48        49        50 
0.9800000 0.9800000 0.9778571 0.9778571 0.9778571 

$`NAIVE BAYES`$`St Dev Recalls`
         1          2          3          4          5          6          7          8 
0.00000000 0.11736685 0.13199270 0.07874943 0.05178167 0.06643997 0.05968584 0.05522098 
         9         10         11         12         13         14         15         16 
0.05291083 0.05291083 0.04982580 0.05544490 0.04982580 0.04688576 0.04981455 0.05329990 
        17         18         19         20         21         22         23         24 
0.04859595 0.05360160 0.05360160 0.04211386 0.04211386 0.06749486 0.06674381 0.06749486 
        25         26         27         28         29         30         31         32 
0.06749486 0.06674381 0.06749486 0.07472171 0.07472171 0.06749486 0.06749486 0.06749486 
        33         34         35         36         37         38         39         40 
0.06749486 0.09660918 0.06749486 0.04288946 0.04288946 0.04288946 0.04216370 0.04216370 
        41         42         43         44         45         46         47         48 
0.04216370 0.04216370 0.04216370 0.04216370 0.04216370 0.04216370 0.04216370 0.03756325 
        49         50 
0.03756325 0.03756325 

$`NAIVE BAYES`$`Micro Ave Recalls`
        1         2         3         4         5         6         7         8         9 
      NaN 0.7169811 0.7169811 0.8301887 0.8113208 0.8050314 0.8050314 0.8238994 0.8301887 
       10        11        12        13        14        15        16        17        18 
0.8301887 0.8238994 0.8176101 0.8238994 0.8553459 0.8993711 0.9182390 0.9496855 0.9622642 
       19        20        21        22        23        24        25        26        27 
0.9622642 0.9748428 0.9748428 0.9748428 0.9685535 0.9748428 0.9748428 0.9685535 0.9748428 
       28        29        30        31        32        33        34        35        36 
0.9685535 0.9685535 0.9748428 0.9748428 0.9748428 0.9748428 0.9685535 0.9748428 0.9748428 
       37        38        39        40        41        42        43        44        45 
0.9748428 0.9748428 0.9811321 0.9811321 0.9811321 0.9811321 0.9811321 0.9811321 0.9811321 
       46        47        48        49        50 
0.9811321 0.9811321 0.9811321 0.9811321 0.9811321 

$`NAIVE BAYES`$`F1 Measure`
   1         2         3         4         5         6         7         8         9        10
1  0 0.6486486 0.6842105 0.6938776 0.6153846 0.6400000 0.5818182 0.5714286 0.5614035 0.5517241
2  0 0.6060606 0.5555556 0.6363636 0.6341463 0.5714286 0.4905660 0.4905660 0.4905660 0.4642857
3  0 0.8000000 0.6909091 0.6666667 0.6315789 0.6101695 0.5373134 0.5294118 0.4931507 0.4864865
4  0 0.8823529 0.8823529 0.6976744 0.7142857 0.6956522 0.6153846 0.5714286 0.5714286 0.5714286
5  0 0.7500000 0.8235294 0.6206897 0.6206897 0.5333333 0.4705882 0.5000000 0.5000000 0.4736842
6  0 0.6486486 0.7027027 0.7727273 0.6808511 0.6250000 0.6274510 0.5862069 0.5862069 0.5483871
7  0 0.8108108 0.7428571 0.7317073 0.6818182 0.5882353 0.5660377 0.5660377 0.5454545 0.5263158
8  0 0.7692308 0.6956522 0.7586207 0.6470588 0.6060606 0.5405405 0.5000000 0.5000000 0.4897959
9  0 0.8571429 0.5600000 0.4666667 0.4444444 0.3870968 0.3529412 0.3750000 0.3529412 0.3428571
10 0 0.7692308 0.5806452 0.6666667 0.4761905 0.4255319 0.4761905 0.4444444 0.4255319 0.4166667
          11        12        13        14        15        16        17        18         19
1  0.5517241 0.5000000 0.5000000 0.4705882 0.4556962 0.4000000 0.3956044 0.3243243 0.05564142
2  0.4561404 0.4561404 0.4727273 0.4444444 0.4179104 0.3855422 0.3809524 0.3137255 0.24806202
3  0.4615385 0.4615385 0.4444444 0.4444444 0.4130435 0.4166667 0.4230769 0.3636364 0.35200000
4  0.5517241 0.5079365 0.5000000 0.4776119 0.4776119 0.4444444 0.4146341 0.3863636 0.37362637
5  0.4324324 0.4324324 0.3636364 0.3636364 0.3461538 0.2727273 0.2727273 0.2195122 0.02960526
6  0.5483871 0.5396825 0.5396825 0.5142857 0.5205479 0.4523810 0.4130435 0.4210526 0.42105263
7  0.5263158 0.4838710 0.4347826 0.4444444 0.4166667 0.4040404 0.3389831 0.3149606 0.06134969
8  0.5000000 0.5000000 0.4897959 0.4528302 0.4137931 0.3636364 0.3058824 0.2745098 0.26415094
9  0.3333333 0.3333333 0.3243243 0.3243243 0.3243243 0.3243243 0.3076923 0.2727273 0.23529412
10 0.4166667 0.4081633 0.4000000 0.3703704 0.3389831 0.2941176 0.2820513 0.2784810 0.26829268
           20         21         22         23         24         25         26         27
1  0.05564142 0.05598756 0.05642633 0.05642633 0.05651491 0.05633803 0.05625000 0.05633803
2  0.05039370 0.23703704 0.22857143 0.22222222 0.22535211 0.05079365 0.20382166 0.17977528
3  0.30344828 0.27329193 0.06938160 0.26347305 0.07044410 0.07044410 0.24444444 0.07033639
4  0.35294118 0.32142857 0.29032258 0.31578947 0.34951456 0.33027523 0.32432432 0.33644860
5  0.02917342 0.02960526 0.02627258 0.02631579 0.02627258 0.02605863 0.02622951 0.02622951
6  0.37383178 0.33333333 0.26490066 0.32000000 0.29411765 0.27972028 0.28985507 0.23391813
7  0.29411765 0.27972028 0.26666667 0.27397260 0.06211180 0.21739130 0.20000000 0.20000000
8  0.19580420 0.25000000 0.23140496 0.22222222 0.22580645 0.23140496 0.18181818 0.19310345
9  0.22580645 0.22222222 0.21212121 0.18421053 0.17283951 0.15217391 0.16470588 0.16091954
10 0.23404255 0.22000000 0.20183486 0.21359223 0.20952381 0.20370370 0.20183486 0.18333333
           28         29         30         31         32         33         34         35
1  0.05388273 0.05448718 0.05714286 0.05714286 0.05815832 0.05834684 0.05911330 0.05921053
2  0.17679558 0.17679558 0.05071315 0.05071315 0.05144695 0.05136437 0.05228758 0.05254516
3  0.07153966 0.07153966 0.07142857 0.07033639 0.07098765 0.07131783 0.07142857 0.07244094
4  0.32142857 0.28346457 0.28571429 0.27692308 0.27692308 0.26277372 0.23076923 0.23076923
5  0.02640264 0.02644628 0.02618658 0.02618658 0.02653400 0.02653400 0.02345059 0.02675585
6  0.25477707 0.22857143 0.22727273 0.22222222 0.06144393 0.06201550 0.06250000 0.06259781
7  0.20100503 0.06211180 0.06211180 0.06279435 0.06299213 0.06389776 0.06410256 0.06339144
8  0.18421053 0.18300654 0.17834395 0.04375000 0.04430380 0.04508857 0.04494382 0.04620462
9  0.15555556 0.14583333 0.13207547 0.13333333 0.12727273 0.12612613 0.12068966 0.10144928
10 0.18333333 0.17187500 0.16923077 0.16417910 0.13664596 0.13664596 0.13095238 0.12087912
           36         37         38         39         40         41         42         43
1  0.05882353 0.05863192 0.05872757 0.05872757 0.05853659 0.05825243 0.05834684 0.05844156
2  0.05144695 0.05063291 0.05079365 0.05079365 0.05015674 0.04968944 0.04984424 0.04976672
3  0.07266983 0.07142857 0.07022901 0.07044410 0.07087827 0.07022901 0.06980273 0.06980273
4  0.21656051 0.19767442 0.19209040 0.19459459 0.05891980 0.16589862 0.16513761 0.05834684
5  0.02965404 0.02945990 0.02945990 0.02917342 0.02898551 0.02907916 0.02898551 0.02907916
6  0.06319115 0.06349206 0.06269592 0.06299213 0.06309148 0.06250000 0.06182380 0.06230530
7  0.06319115 0.06319115 0.06319115 0.06250000 0.06211180 0.06240250 0.06240250 0.06250000
8  0.04628099 0.04560261 0.04575163 0.04575163 0.04501608 0.04487179 0.04508857 0.04516129
9  0.10144928 0.09655172 0.08284024 0.07909605 0.08092486 0.02356902 0.02314050 0.02310231
10 0.03709949 0.12021858 0.03654485 0.03588907 0.03600655 0.03600655 0.03588907 0.03542673
           44         45         46         47         48         49         50
1  0.05844156 0.05990017 0.05970149 0.05970149 0.06301824 0.06301824 0.06312292
2  0.04976672 0.05136437 0.05128205 0.05128205 0.05177994 0.05186386 0.05186386
3  0.06990881 0.07001522 0.07153966 0.07142857 0.07153966 0.07153966 0.07176287
4  0.05787781 0.05825243 0.05853659 0.05872757 0.06010017 0.05960265 0.05960265
5  0.02990033 0.02970297 0.02970297 0.02975207 0.02975207 0.02980132 0.02985075
6  0.06230530 0.06259781 0.06462036 0.06400000 0.06400000 0.06441224 0.06462036
7  0.06441224 0.06389776 0.06410256 0.06441224 0.06441224 0.06451613 0.06451613
8  0.04523425 0.04690117 0.04658902 0.04658902 0.04311774 0.04318937 0.04340568
9  0.02283850 0.02265372 0.02269044 0.02276423 0.02291326 0.02360877 0.02356902
10 0.03554120 0.03577236 0.03577236 0.03716216 0.03703704 0.03703704 0.03709949

$`NAIVE BAYES`$`Mean F1 Measure`
         1          2          3          4          5          6          7          8 
0.00000000 0.75421261 0.69184147 0.67116605 0.61464483 0.56825082 0.52588314 0.51345240 
         9         10         11         12         13         14         15         16 
0.50266833 0.48716317 0.47782624 0.46230979 0.44693935 0.43069805 0.41247310 0.37578802 
        17         18         19         20         21         22         23         24 
0.35346476 0.31692934 0.23090751 0.21152006 0.22226262 0.18479029 0.20982245 0.16924975 
        25         26         27         28         29         30         31         32 
0.16183038 0.18932839 0.16404023 0.16289307 0.14041314 0.12602202 0.11075811 0.09167085 
        33         34         35         36         37         38         39         40 
0.09041107 0.08602377 0.08362440 0.07403669 0.07968839 0.06923243 0.06899622 0.05546277 
        41         42         43         44         45         46         47         48 
0.06024985 0.06004614 0.04939326 0.04962267 0.05010580 0.05045375 0.05058194 0.05076703 
        49         50 
0.05085893 0.05094137 

$`NAIVE BAYES`$`St Dev F1 Measure`
         1          2          3          4          5          6          7          8 
0.00000000 0.09250812 0.10788428 0.08722022 0.08737940 0.09580098 0.08171513 0.06654363 
         9         10         11         12         13         14         15         16 
0.07118574 0.06916687 0.07161502 0.05950949 0.06754835 0.05896122 0.06272509 0.06129940 
        17         18         19         20         21         22         23         24 
0.05855277 0.06021698 0.13904203 0.12740429 0.10210723 0.09678730 0.09918809 0.11078564 
        25         26         27         28         29         30         31         32 
0.10660893 0.09238892 0.09234408 0.09129098 0.08408929 0.08682191 0.08528081 0.07378653 
        33         34         35         36         37         38         39         40 
0.06966834 0.06044626 0.05824282 0.05390104 0.04878845 0.04596072 0.04668611 0.01572909 
        41         42         43         44         45         46         47         48 
0.04017707 0.03998496 0.01575536 0.01584984 0.01595878 0.01638093 0.01619209 0.01665172 
        49         50 
0.01652969 0.01657182 

$`NAIVE BAYES`$`Micro Ave F1 Measure`
         1          2          3          4          5          6          7          8 
       NaN 0.74754098 0.68882175 0.67692308 0.62168675 0.57657658 0.53556485 0.52295409 
         9         10         11         12         13         14         15         16 
0.51063830 0.49530957 0.48608534 0.47016275 0.45486111 0.44012945 0.42058824 0.38370565 
        17         18         19         20         21         22         23         24 
0.35995232 0.32176656 0.11832947 0.11532738 0.14110150 0.11187297 0.13707165 0.09585652 
        25         26         27         28         29         30         31         32 
0.09413908 0.12919463 0.10649261 0.10653753 0.09123223 0.08041505 0.07123162 0.06443567 
        33         34         35         36         37         38         39         40 
0.06473168 0.06431405 0.06455643 0.05923944 0.06355064 0.05805243 0.05804651 0.05362668 
        41         42         43         44         45         46         47         48 
0.05321508 0.05302515 0.04965781 0.04988010 0.05032258 0.05059186 0.05078952 0.05096374 
        49         50 
0.05113916 0.05121471 


$SVM
$SVM$`Accuracy per Fold`
   1         2         3         4         5         6         7         8         9        10
1  0 0.9914408 0.9928673 0.9928673 0.9928673 0.9942939 0.9914408 0.9914408 0.9914408 0.9914408
2  0 0.9844633 0.9887006 0.9872881 0.9887006 0.9872881 0.9901130 0.9901130 0.9872881 0.9887006
3  0 0.9900990 0.9900990 0.9900990 0.9886846 0.9900990 0.9900990 0.9858557 0.9872702 0.9844413
4  0 0.9957627 0.9957627 0.9943503 0.9943503 0.9971751 0.9971751 0.9957627 0.9957627 0.9957627
5  0 1.0000000 1.0000000 1.0000000 1.0000000 0.9985876 0.9971751 0.9971751 0.9971751 0.9971751
6  0 0.9872702 0.9900990 0.9900990 0.9929279 0.9929279 0.9915134 0.9900990 0.9900990 0.9929279
7  0 0.9957627 0.9957627 0.9929379 0.9929379 0.9901130 0.9915254 0.9915254 0.9901130 0.9901130
8  0 0.9957567 0.9957567 0.9943423 0.9929279 0.9915134 0.9915134 0.9915134 0.9915134 0.9900990
9  0 0.9985876 0.9971751 0.9971751 0.9971751 0.9957627 0.9957627 0.9957627 0.9957627 0.9957627
10 0 0.9914408 0.9928673 0.9928673 0.9914408 0.9928673 0.9914408 0.9914408 0.9871612 0.9857347
          11        12        13        14        15        16        17        18        19
1  0.9914408 0.9914408 0.9857347 0.9843081 0.9843081 0.9843081 0.9843081 0.9843081 0.9843081
2  0.9858757 0.9858757 0.9858757 0.9858757 0.9858757 0.9858757 0.9858757 0.9858757 0.9858757
3  0.9844413 0.9830269 0.9816124 0.9830269 0.9830269 0.9830269 0.9830269 0.9830269 0.9830269
4  0.9929379 0.9943503 0.9943503 0.9943503 0.9943503 0.9943503 0.9943503 0.9943503 0.9943503
5  0.9971751 0.9957627 0.9957627 0.9957627 0.9957627 0.9943503 0.9943503 0.9943503 0.9943503
6  0.9929279 0.9929279 0.9929279 0.9929279 0.9929279 0.9943423 0.9943423 0.9929279 0.9929279
7  0.9929379 0.9901130 0.9887006 0.9887006 0.9887006 0.9887006 0.9887006 0.9887006 0.9887006
8  0.9900990 0.9900990 0.9915134 0.9915134 0.9915134 0.9929279 0.9915134 0.9915134 0.9915134
9  0.9957627 0.9957627 0.9957627 0.9915254 0.9915254 0.9915254 0.9915254 0.9915254 0.9915254
10 0.9871612 0.9914408 0.9900143 0.9914408 0.9900143 0.9900143 0.9900143 0.9900143 0.9900143
          20        21        22        23        24        25        26        27        28
1  0.9843081 0.9843081 0.9843081 0.9828816 0.9800285 0.9800285 0.9800285 0.9814551 0.9800285
2  0.9858757 0.9816384 0.9816384 0.9816384 0.9816384 0.9816384 0.9816384 0.9816384 0.9816384
3  0.9830269 0.9830269 0.9830269 0.9858557 0.9858557 0.9872702 0.9872702 0.9858557 0.9844413
4  0.9929379 0.9929379 0.9929379 0.9901130 0.9901130 0.9901130 0.9901130 0.9901130 0.9901130
5  0.9943503 0.9929379 0.9915254 0.9915254 0.9915254 0.9915254 0.9915254 0.9915254 0.9915254
6  0.9929279 0.9929279 0.9929279 0.9929279 0.9929279 0.9929279 0.9929279 0.9929279 0.9929279
7  0.9872881 0.9872881 0.9872881 0.9872881 0.9872881 0.9872881 0.9858757 0.9872881 0.9887006
8  0.9915134 0.9915134 0.9915134 0.9915134 0.9915134 0.9915134 0.9915134 0.9915134 0.9915134
9  0.9915254 0.9915254 0.9915254 0.9915254 0.9915254 0.9929379 0.9915254 0.9915254 0.9915254
10 0.9900143 0.9900143 0.9900143 0.9900143 0.9900143 0.9900143 0.9900143 0.9900143 0.9900143
          29        30        31        32        33        34        35        36        37
1  0.9800285 0.9800285 0.9800285 0.9800285 0.9800285 0.9800285 0.9800285 0.9800285 0.9800285
2  0.9802260 0.9802260 0.9802260 0.9802260 0.9802260 0.9802260 0.9788136 0.9788136 0.9788136
3  0.9844413 0.9844413 0.9844413 0.9844413 0.9844413 0.9844413 0.9844413 0.9844413 0.9844413
4  0.9901130 0.9901130 0.9901130 0.9901130 0.9901130 0.9901130 0.9901130 0.9901130 0.9901130
5  0.9915254 0.9915254 0.9929379 0.9929379 0.9929379 0.9915254 0.9929379 0.9929379 0.9929379
6  0.9915134 0.9915134 0.9915134 0.9915134 0.9915134 0.9915134 0.9915134 0.9915134 0.9915134
7  0.9887006 0.9887006 0.9887006 0.9887006 0.9887006 0.9872881 0.9872881 0.9872881 0.9872881
8  0.9915134 0.9915134 0.9915134 0.9915134 0.9915134 0.9915134 0.9915134 0.9915134 0.9915134
9  0.9915254 0.9915254 0.9915254 0.9915254 0.9915254 0.9915254 0.9915254 0.9915254 0.9915254
10 0.9914408 0.9914408 0.9914408 0.9914408 0.9914408 0.9914408 0.9914408 0.9914408 0.9914408
          38        39        40        41        42        43        44        45        46
1  0.9800285 0.9800285 0.9800285 0.9800285 0.9800285 0.9814551 0.9814551 0.9814551 0.9814551
2  0.9788136 0.9788136 0.9788136 0.9788136 0.9788136 0.9788136 0.9788136 0.9788136 0.9788136
3  0.9844413 0.9844413 0.9844413 0.9844413 0.9844413 0.9844413 0.9844413 0.9844413 0.9844413
4  0.9915254 0.9915254 0.9915254 0.9901130 0.9901130 0.9887006 0.9887006 0.9872881 0.9858757
5  0.9915254 0.9915254 0.9915254 0.9915254 0.9915254 0.9915254 0.9915254 0.9915254 0.9929379
6  0.9929279 0.9943423 0.9929279 0.9929279 0.9929279 0.9929279 0.9915134 0.9900990 0.9900990
7  0.9858757 0.9858757 0.9858757 0.9858757 0.9858757 0.9858757 0.9858757 0.9858757 0.9844633
8  0.9915134 0.9915134 0.9915134 0.9915134 0.9915134 0.9915134 0.9915134 0.9915134 0.9915134
9  0.9915254 0.9915254 0.9915254 0.9915254 0.9915254 0.9915254 0.9915254 0.9915254 0.9915254
10 0.9914408 0.9914408 0.9914408 0.9914408 0.9914408 0.9914408 0.9914408 0.9914408 0.9900143
          47        48        49        50
1  0.9814551 0.9814551 0.9814551 0.9814551
2  0.9816384 0.9816384 0.9816384 0.9816384
3  0.9858557 0.9858557 0.9858557 0.9872702
4  0.9844633 0.9858757 0.9872881 0.9858757
5  0.9943503 0.9929379 0.9943503 0.9943503
6  0.9900990 0.9900990 0.9900990 0.9900990
7  0.9844633 0.9844633 0.9844633 0.9844633
8  0.9915134 0.9915134 0.9915134 0.9900990
9  0.9915254 0.9915254 0.9915254 0.9915254
10 0.9900143 0.9900143 0.9900143 0.9900143

$SVM$`Mean Accuracy`
        1         2         3         4         5         6         7         8         9 
0.0000000 0.9930584 0.9939091 0.9932026 0.9932012 0.9930628 0.9927759 0.9920689 0.9913586 
       10        11        12        13        14        15        16        17        18 
0.9912158 0.9910759 0.9910800 0.9902255 0.9899432 0.9898005 0.9899422 0.9898007 0.9896593 
       19        20        21        22        23        24        25        26        27 
0.9896593 0.9893768 0.9888118 0.9886706 0.9885283 0.9882430 0.9885257 0.9882432 0.9883857 
       28        29        30        31        32        33        34        35        36 
0.9882428 0.9881028 0.9881028 0.9882440 0.9882440 0.9882440 0.9879615 0.9879615 0.9879615 
       37        38        39        40        41        42        43        44        45 
0.9879615 0.9879617 0.9881032 0.9879617 0.9878205 0.9878205 0.9878219 0.9876805 0.9873978 
       46        47        48        49        50 
0.9871139 0.9875378 0.9875378 0.9878203 0.9876791 

$SVM$`St Dev Accuracy`
          1           2           3           4           5           6           7           8 
0.000000000 0.004966960 0.003596055 0.003638408 0.003454805 0.003488530 0.002792864 0.003351031 
          9          10          11          12          13          14          15          16 
0.003751972 0.004276172 0.004176691 0.004110424 0.004748565 0.004308743 0.004277150 0.004311376 
         17          18          19          20          21          22          23          24 
0.004224875 0.004077025 0.004077025 0.003975592 0.004404877 0.004278714 0.003929778 0.004453905 
         25          26          27          28          29          30          31          32 
0.004524635 0.004453152 0.004175729 0.004553227 0.004747849 0.004747849 0.004880147 0.004880147 
         33          34          35          36          37          38          39          40 
0.004880147 0.004749098 0.005152072 0.005152072 0.005152072 0.005279419 0.005443644 0.005279419 
         41          42          43          44          45          46          47          48 
0.005191649 0.005191649 0.004920500 0.004775615 0.004651528 0.004792108 0.004525809 0.004221731 
         49          50 
0.004398966 0.004287621 

$SVM$`Precisions per Fold`
   1         2         3         4         5         6         7         8         9        10
1  0 0.7916667 0.8000000 0.8000000 0.8571429 0.8636364 0.7916667 0.7916667 0.8181818 0.8500000
2  0 0.6190476 0.7000000 0.6842105 0.7222222 0.6842105 0.7647059 0.7647059 0.6842105 0.7222222
3  0 0.8333333 0.8333333 0.8333333 0.8571429 0.8636364 0.9444444 0.8421053 0.8888889 0.8750000
4  0 0.9411765 0.9411765 0.9375000 0.8888889 0.9444444 0.9444444 0.9411765 0.9411765 0.9411765
5  0 1.0000000 1.0000000 1.0000000 1.0000000 1.0000000 0.9000000 0.9000000 0.9000000 0.9000000
6  0 0.7200000 0.7407407 0.7826087 0.8260870 0.8571429 0.8181818 0.7826087 0.7826087 0.8571429
7  0 0.9047619 0.9047619 0.8947368 0.8947368 0.8823529 0.8500000 0.8500000 0.8095238 0.8095238
8  0 0.8666667 0.8666667 0.8571429 0.8461538 0.8333333 0.8333333 0.8333333 0.8333333 0.7692308
9  0 0.8750000 0.8571429 0.7777778 0.7777778 0.7500000 0.7500000 0.7500000 0.7500000 0.7500000
10 0 0.6666667 0.7142857 0.7142857 0.6666667 0.6875000 0.6666667 0.6666667 0.5714286 0.5333333
          11        12        13        14        15        16        17        18        19
1  0.8500000 0.8500000 0.8125000 0.8000000 0.8000000 0.8000000 0.8000000 0.8000000 0.8000000
2  0.7142857 0.7142857 0.7142857 0.7142857 0.7142857 0.7142857 0.7142857 0.7142857 0.7142857
3  0.8750000 0.8235294 0.8125000 0.8235294 0.8235294 0.8235294 0.8235294 0.8235294 0.8235294
4  0.8823529 0.9375000 0.9375000 0.9375000 0.9375000 0.9375000 0.9375000 0.9375000 0.9375000
5  0.9000000 1.0000000 1.0000000 1.0000000 1.0000000 1.0000000 1.0000000 1.0000000 1.0000000
6  0.9411765 0.9411765 0.9411765 0.9411765 0.9411765 1.0000000 1.0000000 1.0000000 1.0000000
7  0.8947368 0.8823529 0.8750000 0.8750000 0.8750000 0.8750000 0.8750000 0.8750000 0.8750000
8  0.7692308 0.7692308 0.8333333 0.8333333 0.8333333 0.9090909 0.9000000 0.9000000 0.9000000
9  0.7500000 0.7500000 0.7500000 0.6666667 0.6666667 0.6666667 0.6666667 0.6666667 0.6666667
10 0.5714286 0.7272727 0.6666667 0.7272727 0.7500000 0.7500000 0.7500000 0.7500000 0.7500000
          20        21        22        23        24        25        26        27        28
1  0.8000000 0.8461538 0.8461538 0.8333333 0.8000000 0.8000000 0.8000000 0.8181818 0.8000000
2  0.7142857 0.6363636 0.6363636 0.6363636 0.6363636 0.6363636 0.6666667 0.6666667 0.6666667
3  0.8235294 0.8235294 0.8235294 0.8823529 0.8823529 0.9375000 0.9375000 0.8823529 0.8750000
4  0.9333333 0.9333333 0.9333333 0.9230769 0.9230769 0.9230769 0.9230769 0.9230769 0.9230769
5  1.0000000 1.0000000 1.0000000 1.0000000 1.0000000 1.0000000 1.0000000 1.0000000 1.0000000
6  1.0000000 1.0000000 1.0000000 1.0000000 1.0000000 1.0000000 1.0000000 1.0000000 1.0000000
7  0.8666667 0.8666667 0.8666667 0.8666667 0.8666667 0.8666667 0.8571429 0.8666667 0.8750000
8  0.9000000 0.9000000 0.9000000 0.9000000 0.9000000 0.9000000 0.9000000 0.9000000 0.9000000
9  0.6666667 0.6666667 0.6666667 0.6666667 0.6666667 1.0000000 1.0000000 1.0000000 1.0000000
10 0.7500000 0.7500000 0.7500000 0.7500000 0.7500000 0.7500000 0.7500000 0.7500000 0.7500000
          29        30        31        32        33        34        35        36        37
1  0.8000000 0.8000000 0.8000000 0.8000000 0.8000000 0.8000000 0.8000000 0.8000000 0.8000000
2  0.6250000 0.6250000 0.6250000 0.6250000 0.6250000 0.6250000 0.5714286 0.5714286 0.5714286
3  0.8750000 0.8750000 0.8750000 0.8750000 0.8750000 0.8750000 0.8750000 0.8750000 0.8750000
4  0.9230769 0.9230769 0.9230769 0.9230769 0.9230769 0.9230769 0.9230769 0.9230769 0.9230769
5  1.0000000 1.0000000 1.0000000 1.0000000 1.0000000 1.0000000 1.0000000 1.0000000 1.0000000
6  1.0000000 1.0000000 1.0000000 1.0000000 1.0000000 1.0000000 1.0000000 1.0000000 1.0000000
7  0.8750000 0.8750000 0.8750000 0.8750000 0.8750000 0.8666667 0.8666667 0.8666667 0.8666667
8  0.9000000 0.9000000 0.9000000 0.9000000 0.9000000 0.9000000 0.9000000 0.9000000 0.9000000
9  1.0000000 1.0000000 1.0000000 1.0000000 1.0000000 1.0000000 1.0000000 1.0000000 1.0000000
10 0.8571429 0.8571429 0.8571429 0.8571429 0.8571429 0.8571429 0.8571429 0.8571429 0.8571429
          38        39        40        41        42        43        44        45        46
1  0.8000000 0.8000000 0.8000000 0.8000000 0.8000000 0.8181818 0.8181818 0.8181818 0.8181818
2  0.5714286 0.5714286 0.5714286 0.5714286 0.5714286 0.6000000 0.6000000 0.6000000 0.6000000
3  0.8750000 0.8750000 0.8750000 0.8750000 0.8750000 0.8750000 0.8750000 0.8750000 0.8750000
4  0.9285714 1.0000000 1.0000000 1.0000000 1.0000000 0.9166667 0.9166667 0.9090909 0.9000000
5  1.0000000 1.0000000 1.0000000 1.0000000 1.0000000 1.0000000 1.0000000 1.0000000 1.0000000
6  1.0000000 1.0000000 0.9411765 0.9411765 0.9411765 0.9411765 0.9375000 0.9333333 0.9333333
7  0.8571429 0.8571429 0.8571429 0.8571429 0.8571429 0.8571429 0.8571429 0.8571429 0.8461538
8  0.9000000 0.9000000 0.9000000 0.9000000 0.9000000 0.9000000 0.9000000 0.9000000 0.9000000
9  1.0000000 1.0000000 1.0000000 1.0000000 1.0000000 1.0000000 1.0000000 1.0000000 1.0000000
10 0.8571429 0.8571429 0.8571429 0.8571429 0.8571429 0.8571429 0.8571429 0.8571429 0.8333333
          47        48        49        50
1  0.8181818 0.8181818 0.8181818 0.8888889
2  0.7142857 0.7142857 0.7142857 0.7142857
3  0.9333333 0.9333333 0.9333333 1.0000000
4  0.8888889 0.9000000 0.9090909 0.9000000
5  1.0000000 1.0000000 1.0000000 1.0000000
6  0.9333333 0.9333333 0.9333333 0.9333333
7  0.8461538 0.8461538 0.8461538 0.8461538
8  0.9000000 0.9000000 0.9000000 0.8888889
9  1.0000000 1.0000000 1.0000000 1.0000000
10 0.8333333 0.8333333 0.8333333 0.8333333

$SVM$`Mean Precisions`
        1         2         3         4         5         6         7         8         9 
0.0000000 0.8218319 0.8358108 0.8281596 0.8336819 0.8366257 0.8263443 0.8122263 0.7979352 
       10        11        12        13        14        15        16        17        18 
0.8007629 0.8148211 0.8395348 0.8342962 0.8318764 0.8341492 0.8476073 0.8466982 0.8466982 
       19        20        21        22        23        24        25        26        27 
0.8466982 0.8454482 0.8422714 0.8422714 0.8458460 0.8425127 0.8813607 0.8834386 0.8806945 
       28        29        30        31        32        33        34        35        36 
0.8789744 0.8855220 0.8855220 0.8855220 0.8855220 0.8855220 0.8846886 0.8793315 0.8793315 
       37        38        39        40        41        42        43        44        45 
0.8793315 0.8789286 0.8860714 0.8801891 0.8801891 0.8801891 0.8765311 0.8761634 0.8749892 
       46        47        48        49        50 
0.8706002 0.8867510 0.8878621 0.8887712 0.9004884 

$SVM$`St Dev Precisions`
         1          2          3          4          5          6          7          8 
0.00000000 0.12216158 0.09874839 0.09768347 0.09380471 0.10288658 0.08839479 0.07868029 
         9         10         11         12         13         14         15         16 
0.10943103 0.11643464 0.11286905 0.09951305 0.10632658 0.10871967 0.10650501 0.11640251 
        17         18         19         20         21         22         23         24 
0.11590341 0.11590341 0.11590341 0.11534740 0.12653150 0.12653150 0.12628080 0.12708516 
        25         26         27         28         29         30         31         32 
0.12091311 0.11449269 0.11148827 0.11269734 0.11408971 0.11408971 0.11408971 0.11408971 
        33         34         35         36         37         38         39         40 
0.11408971 0.11420547 0.12814606 0.12814606 0.12814606 0.12851024 0.13346560 0.12911168 
        41         42         43         44         45         46         47         48 
0.12911168 0.12911168 0.11424051 0.11401505 0.11349549 0.11408122 0.08763446 0.08773496 
        49         50 
0.08792160 0.09017840 

$SVM$`Micro Ave Precisions`
        1         2         3         4         5         6         7         8         9 
      NaN 0.8055556 0.8222222 0.8208092 0.8323353 0.8353659 0.8292683 0.8121212 0.7987805 
       10        11        12        13        14        15        16        17        18 
0.8050314 0.8243243 0.8428571 0.8358209 0.8437500 0.8480000 0.8606557 0.8595041 0.8583333 
       19        20        21        22        23        24        25        26        27 
0.8583333 0.8559322 0.8571429 0.8558559 0.8611111 0.8584906 0.8750000 0.8800000 0.8737864 
       28        29        30        31        32        33        34        35        36 
0.8725490 0.8787879 0.8787879 0.8800000 0.8800000 0.8800000 0.8775510 0.8775510 0.8775510 
       37        38        39        40        41        42        43        44        45 
0.8775510 0.8775510 0.8865979 0.8775510 0.8762887 0.8762887 0.8762887 0.8750000 0.8723404 
       46        47        48        49        50 
0.8695652 0.8817204 0.8817204 0.8842105 0.9000000 

$SVM$`Recalls per Fold`
   1         2         3         4         5         6         7         8         9        10
1  0 0.9500000 1.0000000 1.0000000 0.9000000 0.9500000 0.9500000 0.9500000 0.9000000 0.8500000
2  0 0.8125000 0.8750000 0.8125000 0.8125000 0.8125000 0.8125000 0.8125000 0.8125000 0.8125000
3  0 0.8695652 0.8695652 0.8695652 0.7826087 0.8260870 0.7391304 0.6956522 0.6956522 0.6086957
4  0 0.8888889 0.8888889 0.8333333 0.8888889 0.9444444 0.9444444 0.8888889 0.8888889 0.8888889
5  0 1.0000000 1.0000000 1.0000000 1.0000000 0.9000000 0.9000000 0.9000000 0.9000000 0.9000000
6  0 0.9000000 1.0000000 0.9000000 0.9500000 0.9000000 0.9000000 0.9000000 0.9000000 0.9000000
7  0 0.9500000 0.9500000 0.8500000 0.8500000 0.7500000 0.8500000 0.8500000 0.8500000 0.8500000
8  0 0.9285714 0.9285714 0.8571429 0.7857143 0.7142857 0.7142857 0.7142857 0.7142857 0.7142857
9  0 1.0000000 0.8571429 1.0000000 1.0000000 0.8571429 0.8571429 0.8571429 0.8571429 0.8571429
10 0 0.9090909 0.9090909 0.9090909 0.9090909 1.0000000 0.9090909 0.9090909 0.7272727 0.7272727
          11        12        13        14        15        16        17        18        19
1  0.8500000 0.8500000 0.6500000 0.6000000 0.6000000 0.6000000 0.6000000 0.6000000 0.6000000
2  0.6250000 0.6250000 0.6250000 0.6250000 0.6250000 0.6250000 0.6250000 0.6250000 0.6250000
3  0.6086957 0.6086957 0.5652174 0.6086957 0.6086957 0.6086957 0.6086957 0.6086957 0.6086957
4  0.8333333 0.8333333 0.8333333 0.8333333 0.8333333 0.8333333 0.8333333 0.8333333 0.8333333
5  0.9000000 0.7000000 0.7000000 0.7000000 0.7000000 0.6000000 0.6000000 0.6000000 0.6000000
6  0.8000000 0.8000000 0.8000000 0.8000000 0.8000000 0.8000000 0.8000000 0.7500000 0.7500000
7  0.8500000 0.7500000 0.7000000 0.7000000 0.7000000 0.7000000 0.7000000 0.7000000 0.7000000
8  0.7142857 0.7142857 0.7142857 0.7142857 0.7142857 0.7142857 0.6428571 0.6428571 0.6428571
9  0.8571429 0.8571429 0.8571429 0.2857143 0.2857143 0.2857143 0.2857143 0.2857143 0.2857143
10 0.7272727 0.7272727 0.7272727 0.7272727 0.5454545 0.5454545 0.5454545 0.5454545 0.5454545
          20        21        22        23        24        25        26        27        28
1  0.6000000 0.5500000 0.5500000 0.5000000 0.4000000 0.4000000 0.4000000 0.4500000 0.4000000
2  0.6250000 0.4375000 0.4375000 0.4375000 0.4375000 0.4375000 0.3750000 0.3750000 0.3750000
3  0.6086957 0.6086957 0.6086957 0.6521739 0.6521739 0.6521739 0.6521739 0.6521739 0.6086957
4  0.7777778 0.7777778 0.7777778 0.6666667 0.6666667 0.6666667 0.6666667 0.6666667 0.6666667
5  0.6000000 0.5000000 0.4000000 0.4000000 0.4000000 0.4000000 0.4000000 0.4000000 0.4000000
6  0.7500000 0.7500000 0.7500000 0.7500000 0.7500000 0.7500000 0.7500000 0.7500000 0.7500000
7  0.6500000 0.6500000 0.6500000 0.6500000 0.6500000 0.6500000 0.6000000 0.6500000 0.7000000
8  0.6428571 0.6428571 0.6428571 0.6428571 0.6428571 0.6428571 0.6428571 0.6428571 0.6428571
9  0.2857143 0.2857143 0.2857143 0.2857143 0.2857143 0.2857143 0.1428571 0.1428571 0.1428571
10 0.5454545 0.5454545 0.5454545 0.5454545 0.5454545 0.5454545 0.5454545 0.5454545 0.5454545
          29        30        31        32        33        34        35        36        37
1  0.4000000 0.4000000 0.4000000 0.4000000 0.4000000 0.4000000 0.4000000 0.4000000 0.4000000
2  0.3125000 0.3125000 0.3125000 0.3125000 0.3125000 0.3125000 0.2500000 0.2500000 0.2500000
3  0.6086957 0.6086957 0.6086957 0.6086957 0.6086957 0.6086957 0.6086957 0.6086957 0.6086957
4  0.6666667 0.6666667 0.6666667 0.6666667 0.6666667 0.6666667 0.6666667 0.6666667 0.6666667
5  0.4000000 0.4000000 0.5000000 0.5000000 0.5000000 0.4000000 0.5000000 0.5000000 0.5000000
6  0.7000000 0.7000000 0.7000000 0.7000000 0.7000000 0.7000000 0.7000000 0.7000000 0.7000000
7  0.7000000 0.7000000 0.7000000 0.7000000 0.7000000 0.6500000 0.6500000 0.6500000 0.6500000
8  0.6428571 0.6428571 0.6428571 0.6428571 0.6428571 0.6428571 0.6428571 0.6428571 0.6428571
9  0.1428571 0.1428571 0.1428571 0.1428571 0.1428571 0.1428571 0.1428571 0.1428571 0.1428571
10 0.5454545 0.5454545 0.5454545 0.5454545 0.5454545 0.5454545 0.5454545 0.5454545 0.5454545
          38        39        40        41        42        43        44        45        46
1  0.4000000 0.4000000 0.4000000 0.4000000 0.4000000 0.4500000 0.4500000 0.4500000 0.4500000
2  0.2500000 0.2500000 0.2500000 0.2500000 0.2500000 0.1875000 0.1875000 0.1875000 0.1875000
3  0.6086957 0.6086957 0.6086957 0.6086957 0.6086957 0.6086957 0.6086957 0.6086957 0.6086957
4  0.7222222 0.6666667 0.6666667 0.6111111 0.6111111 0.6111111 0.6111111 0.5555556 0.5000000
5  0.4000000 0.4000000 0.4000000 0.4000000 0.4000000 0.4000000 0.4000000 0.4000000 0.5000000
6  0.7500000 0.8000000 0.8000000 0.8000000 0.8000000 0.8000000 0.7500000 0.7000000 0.7000000
7  0.6000000 0.6000000 0.6000000 0.6000000 0.6000000 0.6000000 0.6000000 0.6000000 0.5500000
8  0.6428571 0.6428571 0.6428571 0.6428571 0.6428571 0.6428571 0.6428571 0.6428571 0.6428571
9  0.1428571 0.1428571 0.1428571 0.1428571 0.1428571 0.1428571 0.1428571 0.1428571 0.1428571
10 0.5454545 0.5454545 0.5454545 0.5454545 0.5454545 0.5454545 0.5454545 0.5454545 0.4545455
          47        48        49        50
1  0.4500000 0.4500000 0.4500000 0.4000000
2  0.3125000 0.3125000 0.3125000 0.3125000
3  0.6086957 0.6086957 0.6086957 0.6086957
4  0.4444444 0.5000000 0.5555556 0.5000000
5  0.6000000 0.5000000 0.6000000 0.6000000
6  0.7000000 0.7000000 0.7000000 0.7000000
7  0.5500000 0.5500000 0.5500000 0.5500000
8  0.6428571 0.6428571 0.6428571 0.5714286
9  0.1428571 0.1428571 0.1428571 0.1428571
10 0.4545455 0.4545455 0.4545455 0.4545455

$SVM$`Mean Recalls`
        1         2         3         4         5         6         7         8         9 
0.0000000 0.9208616 0.9278259 0.9031632 0.8878803 0.8654460 0.8576594 0.8477561 0.8245742 
       10        11        12        13        14        15        16        17        18 
0.8108786 0.7765730 0.7465730 0.7172252 0.6594302 0.6412484 0.6312484 0.6241055 0.6191055 
       19        20        21        22        23        24        25        26        27 
0.6191055 0.6085499 0.5747999 0.5647999 0.5530367 0.5430367 0.5430367 0.5175009 0.5275009 
       28        29        30        31        32        33        34        35        36 
0.5231531 0.5119031 0.5119031 0.5219031 0.5219031 0.5219031 0.5069031 0.5106531 0.5106531 
       37        38        39        40        41        42        43        44        45 
0.5106531 0.5062087 0.5056531 0.5056531 0.5000976 0.5000976 0.4988476 0.4938476 0.4832920 
       46        47        48        49        50 
0.4736455 0.4905900 0.4861455 0.5017011 0.4840027 

$SVM$`St Dev Recalls`
         1          2          3          4          5          6          7          8 
0.00000000 0.05797784 0.05692843 0.07253068 0.08044005 0.09097096 0.08096125 0.08409823 
         9         10         11         12         13         14         15         16 
0.08253519 0.09682338 0.10206030 0.08862565 0.09234225 0.15197247 0.15381906 0.15282248 
        17         18         19         20         21         22         23         24 
0.15015613 0.14436925 0.14436925 0.13340081 0.14637237 0.15520016 0.14533666 0.15264776 
        25         26         27         28         29         30         31         32 
0.15264776 0.18439756 0.18454808 0.18926236 0.18954836 0.18954836 0.18558514 0.18558514 
        33         34         35         36         37         38         39         40 
0.18558514 0.18463103 0.18958520 0.18958520 0.18958520 0.20161495 0.20325087 0.20325087 
        41         42         43         44         45         46         47         48 
0.19907721 0.19907721 0.20664750 0.19901520 0.18923564 0.18182737 0.16805992 0.16332545 
        49         50 
0.16834283 0.16385326 

$SVM$`Micro Ave Recalls`
        1         2         3         4         5         6         7         8         9 
      NaN 0.9119497 0.9308176 0.8930818 0.8742138 0.8616352 0.8553459 0.8427673 0.8238994 
       10        11        12        13        14        15        16        17        18 
0.8050314 0.7672956 0.7421384 0.7044025 0.6792453 0.6666667 0.6603774 0.6540881 0.6477987 
       19        20        21        22        23        24        25        26        27 
0.6477987 0.6352201 0.6037736 0.5974843 0.5849057 0.5723270 0.5723270 0.5534591 0.5660377 
       28        29        30        31        32        33        34        35        36 
0.5597484 0.5471698 0.5471698 0.5534591 0.5534591 0.5534591 0.5408805 0.5408805 0.5408805 
       37        38        39        40        41        42        43        44        45 
0.5408805 0.5408805 0.5408805 0.5408805 0.5345912 0.5345912 0.5345912 0.5283019 0.5157233 
       46        47        48        49        50 
0.5031447 0.5157233 0.5157233 0.5283019 0.5094340 

$SVM$`F1 Measure`
   1         2         3         4         5         6         7         8         9        10
1  0 0.8636364 0.8888889 0.8888889 0.8780488 0.9047619 0.8636364 0.8636364 0.8571429 0.8500000
2  0 0.7027027 0.7777778 0.7428571 0.7647059 0.7428571 0.7878788 0.7878788 0.7428571 0.7647059
3  0 0.8510638 0.8510638 0.8510638 0.8181818 0.8444444 0.8292683 0.7619048 0.7804878 0.7179487
4  0 0.9142857 0.9142857 0.8823529 0.8888889 0.9444444 0.9444444 0.9142857 0.9142857 0.9142857
5  0 1.0000000 1.0000000 1.0000000 1.0000000 0.9473684 0.9000000 0.9000000 0.9000000 0.9000000
6  0 0.8000000 0.8510638 0.8372093 0.8837209 0.8780488 0.8571429 0.8372093 0.8372093 0.8780488
7  0 0.9268293 0.9268293 0.8717949 0.8717949 0.8108108 0.8500000 0.8500000 0.8292683 0.8292683
8  0 0.8965517 0.8965517 0.8571429 0.8148148 0.7692308 0.7692308 0.7692308 0.7692308 0.7407407
9  0 0.9333333 0.8571429 0.8750000 0.8750000 0.8000000 0.8000000 0.8000000 0.8000000 0.8000000
10 0 0.7692308 0.8000000 0.8000000 0.7692308 0.8148148 0.7692308 0.7692308 0.6400000 0.6153846
          11        12        13        14        15        16        17        18        19
1  0.8500000 0.8500000 0.7222222 0.6857143 0.6857143 0.6857143 0.6857143 0.6857143 0.6857143
2  0.6666667 0.6666667 0.6666667 0.6666667 0.6666667 0.6666667 0.6666667 0.6666667 0.6666667
3  0.7179487 0.7000000 0.6666667 0.7000000 0.7000000 0.7000000 0.7000000 0.7000000 0.7000000
4  0.8571429 0.8823529 0.8823529 0.8823529 0.8823529 0.8823529 0.8823529 0.8823529 0.8823529
5  0.9000000 0.8235294 0.8235294 0.8235294 0.8235294 0.7500000 0.7500000 0.7500000 0.7500000
6  0.8648649 0.8648649 0.8648649 0.8648649 0.8648649 0.8888889 0.8888889 0.8571429 0.8571429
7  0.8717949 0.8108108 0.7777778 0.7777778 0.7777778 0.7777778 0.7777778 0.7777778 0.7777778
8  0.7407407 0.7407407 0.7692308 0.7692308 0.7692308 0.8000000 0.7500000 0.7500000 0.7500000
9  0.8000000 0.8000000 0.8000000 0.4000000 0.4000000 0.4000000 0.4000000 0.4000000 0.4000000
10 0.6400000 0.7272727 0.6956522 0.7272727 0.6315789 0.6315789 0.6315789 0.6315789 0.6315789
          20        21        22        23        24        25        26        27        28
1  0.6857143 0.6666667 0.6666667 0.6250000 0.5333333 0.5333333 0.5333333 0.5806452 0.5333333
2  0.6666667 0.5185185 0.5185185 0.5185185 0.5185185 0.5185185 0.4800000 0.4800000 0.4800000
3  0.7000000 0.7000000 0.7000000 0.7500000 0.7500000 0.7692308 0.7692308 0.7500000 0.7179487
4  0.8484848 0.8484848 0.8484848 0.7741935 0.7741935 0.7741935 0.7741935 0.7741935 0.7741935
5  0.7500000 0.6666667 0.5714286 0.5714286 0.5714286 0.5714286 0.5714286 0.5714286 0.5714286
6  0.8571429 0.8571429 0.8571429 0.8571429 0.8571429 0.8571429 0.8571429 0.8571429 0.8571429
7  0.7428571 0.7428571 0.7428571 0.7428571 0.7428571 0.7428571 0.7058824 0.7428571 0.7777778
8  0.7500000 0.7500000 0.7500000 0.7500000 0.7500000 0.7500000 0.7500000 0.7500000 0.7500000
9  0.4000000 0.4000000 0.4000000 0.4000000 0.4000000 0.4444444 0.2500000 0.2500000 0.2500000
10 0.6315789 0.6315789 0.6315789 0.6315789 0.6315789 0.6315789 0.6315789 0.6315789 0.6315789
          29        30        31        32        33        34        35        36        37
1  0.5333333 0.5333333 0.5333333 0.5333333 0.5333333 0.5333333 0.5333333 0.5333333 0.5333333
2  0.4166667 0.4166667 0.4166667 0.4166667 0.4166667 0.4166667 0.3478261 0.3478261 0.3478261
3  0.7179487 0.7179487 0.7179487 0.7179487 0.7179487 0.7179487 0.7179487 0.7179487 0.7179487
4  0.7741935 0.7741935 0.7741935 0.7741935 0.7741935 0.7741935 0.7741935 0.7741935 0.7741935
5  0.5714286 0.5714286 0.6666667 0.6666667 0.6666667 0.5714286 0.6666667 0.6666667 0.6666667
6  0.8235294 0.8235294 0.8235294 0.8235294 0.8235294 0.8235294 0.8235294 0.8235294 0.8235294
7  0.7777778 0.7777778 0.7777778 0.7777778 0.7777778 0.7428571 0.7428571 0.7428571 0.7428571
8  0.7500000 0.7500000 0.7500000 0.7500000 0.7500000 0.7500000 0.7500000 0.7500000 0.7500000
9  0.2500000 0.2500000 0.2500000 0.2500000 0.2500000 0.2500000 0.2500000 0.2500000 0.2500000
10 0.6666667 0.6666667 0.6666667 0.6666667 0.6666667 0.6666667 0.6666667 0.6666667 0.6666667
          38        39        40        41        42        43        44        45        46
1  0.5333333 0.5333333 0.5333333 0.5333333 0.5333333 0.5806452 0.5806452 0.5806452 0.5806452
2  0.3478261 0.3478261 0.3478261 0.3478261 0.3478261 0.2857143 0.2857143 0.2857143 0.2857143
3  0.7179487 0.7179487 0.7179487 0.7179487 0.7179487 0.7179487 0.7179487 0.7179487 0.7179487
4  0.8125000 0.8000000 0.8000000 0.7586207 0.7586207 0.7333333 0.7333333 0.6896552 0.6428571
5  0.5714286 0.5714286 0.5714286 0.5714286 0.5714286 0.5714286 0.5714286 0.5714286 0.6666667
6  0.8571429 0.8888889 0.8648649 0.8648649 0.8648649 0.8648649 0.8333333 0.8000000 0.8000000
7  0.7058824 0.7058824 0.7058824 0.7058824 0.7058824 0.7058824 0.7058824 0.7058824 0.6666667
8  0.7500000 0.7500000 0.7500000 0.7500000 0.7500000 0.7500000 0.7500000 0.7500000 0.7500000
9  0.2500000 0.2500000 0.2500000 0.2500000 0.2500000 0.2500000 0.2500000 0.2500000 0.2500000
10 0.6666667 0.6666667 0.6666667 0.6666667 0.6666667 0.6666667 0.6666667 0.6666667 0.5882353
          47        48        49        50
1  0.5806452 0.5806452 0.5806452 0.5517241
2  0.4347826 0.4347826 0.4347826 0.4347826
3  0.7368421 0.7368421 0.7368421 0.7567568
4  0.5925926 0.6428571 0.6896552 0.6428571
5  0.7500000 0.6666667 0.7500000 0.7500000
6  0.8000000 0.8000000 0.8000000 0.8000000
7  0.6666667 0.6666667 0.6666667 0.6666667
8  0.7500000 0.7500000 0.7500000 0.6956522
9  0.2500000 0.2500000 0.2500000 0.2500000
10 0.5882353 0.5882353 0.5882353 0.5882353

$SVM$`Mean F1 Measure`
        1         2         3         4         5         6         7         8         9 
0.0000000 0.8657634 0.8763604 0.8606310 0.8564387 0.8456782 0.8370832 0.8253376 0.8070482 
       10        11        12        13        14        15        16        17        18 
0.8010383 0.7909159 0.7866238 0.7668963 0.7297409 0.7201716 0.7182980 0.7132980 0.7101233 
       19        20        21        22        23        24        25        26        27 
0.7101233 0.7032445 0.6781916 0.6686678 0.6620720 0.6529053 0.6592728 0.6322790 0.6387846 
       28        29        30        31        32        33        34        35        36 
0.6343404 0.6281545 0.6281545 0.6376783 0.6376783 0.6376783 0.6246624 0.6273022 0.6273022 
       37        38        39        40        41        42        43        44        45 
0.6273022 0.6212729 0.6231975 0.6207951 0.6166571 0.6166571 0.6126484 0.6094952 0.6017941 
       46        47        48        49        50 
0.5948734 0.6149764 0.6116696 0.6246827 0.6136675 

$SVM$`St Dev F1 Measure`
         1          2          3          4          5          6          7          8 
0.00000000 0.08823536 0.06414864 0.06601704 0.06885636 0.07095154 0.05756588 0.05584407 
         9         10         11         12         13         14         15         16 
0.08045959 0.09313746 0.09304951 0.07374840 0.07783070 0.13733518 0.14081609 0.14147221 
        17         18         19         20         21         22         23         24 
0.13912795 0.13497640 0.13497640 0.12887105 0.13990532 0.14395986 0.13841263 0.14406077 
        25         26         27         28         29         30         31         32 
0.13742681 0.17998599 0.17823820 0.18130639 0.18445572 0.18445572 0.18365836 0.18365836 
        33         34         35         36         37         38         39         40 
0.18365836 0.18161707 0.19122407 0.19122407 0.19122407 0.19725145 0.20041497 0.19699095 
        41         42         43         44         45         46         47         48 
0.19320662 0.19320662 0.20024019 0.19603132 0.18930860 0.18519156 0.16875095 0.16360501 
        49         50 
0.17010641 0.16763086 

$SVM$`Micro Ave F1 Measure`
        1         2         3         4         5         6         7         8         9 
      NaN 0.8554572 0.8731563 0.8554217 0.8527607 0.8482972 0.8421053 0.8271605 0.8111455 
       10        11        12        13        14        15        16        17        18 
0.8050314 0.7947883 0.7892977 0.7645051 0.7526132 0.7464789 0.7473310 0.7428571 0.7383513 
       19        20        21        22        23        24        25        26        27 
0.7383513 0.7292419 0.7084871 0.7037037 0.6966292 0.6867925 0.6920152 0.6795367 0.6870229 
       28        29        30        31        32        33        34        35        36 
0.6819923 0.6744186 0.6744186 0.6795367 0.6795367 0.6795367 0.6692607 0.6692607 0.6692607 
       37        38        39        40        41        42        43        44        45 
0.6692607 0.6692607 0.6718750 0.6692607 0.6640625 0.6640625 0.6640625 0.6588235 0.6482213 
       46        47        48        49        50 
0.6374502 0.6507937 0.6507937 0.6614173 0.6506024 

