> ig_2
$`NAIVE BAYES`
$`NAIVE BAYES`$`Accuracy per Fold`
   1         2         3         4         5         6         7         8         9        10
1  0 0.8245364 0.8544936 0.4850214 0.8730385 0.4992867 0.4964337 0.5149786 0.5192582 0.5192582
2  0 0.8347458 0.8700565 0.5014124 0.5014124 0.8615819 0.5155367 0.5338983 0.5367232 0.5381356
3  0 0.8260255 0.8387553 0.4738331 0.4738331 0.8458274 0.4879774 0.5021216 0.5091938 0.5134371
4  0 0.8884181 0.8997175 0.4872881 0.8912429 0.8714689 0.5014124 0.5211864 0.5211864 0.5282486
5  0 0.8220339 0.8644068 0.4971751 0.4985876 0.8813559 0.5127119 0.5310734 0.5338983 0.5353107
6  0 0.8500707 0.8656294 0.4582744 0.4710042 0.4710042 0.4681754 0.4922207 0.4922207 0.4992928
7  0 0.8545198 0.8700565 0.4689266 0.4844633 0.4844633 0.4844633 0.5000000 0.5028249 0.5042373
8  0 0.8345120 0.8500707 0.4865629 0.4851485 0.8585573 0.5091938 0.5289958 0.5289958 0.5289958
9  0 0.8446328 0.8629944 0.4985876 0.5000000 0.5000000 0.5141243 0.5282486 0.5282486 0.5324859
10 0 0.8416548 0.8716120 0.5021398 0.8701854 0.8744650 0.5206847 0.5420827 0.5406562 0.5420827
          11        12        13        14        15        16        17        18        19
1  0.5278174 0.6248217 0.6676177 0.8958631 0.9072753 0.8915835 0.9101284 0.9243937 0.9229672
2  0.5466102 0.8658192 0.8884181 0.8997175 0.9053672 0.9096045 0.9025424 0.9138418 0.9110169
3  0.5176803 0.8458274 0.8656294 0.8741160 0.8741160 0.8826025 0.8755304 0.8854314 0.8840170
4  0.5324859 0.5338983 0.8644068 0.8870056 0.8912429 0.8983051 0.9081921 0.9053672 0.8799435
5  0.5494350 0.8841808 0.8940678 0.9025424 0.9067797 0.9067797 0.9081921 0.9138418 0.8968927
6  0.5049505 0.8698727 0.8712871 0.8896747 0.8896747 0.8896747 0.8995757 0.9123055 0.9080622
7  0.5098870 0.5790960 0.6016949 0.8700565 0.8813559 0.8686441 0.8912429 0.8983051 0.8912429
8  0.5346535 0.5431400 0.8684583 0.8826025 0.8783593 0.8797737 0.8741160 0.8811881 0.8797737
9  0.5395480 0.5451977 0.8757062 0.6553672 0.9180791 0.9194915 0.9138418 0.9209040 0.9223164
10 0.5492154 0.5563481 0.8844508 0.8915835 0.8958631 0.8901569 0.9058488 0.8987161 0.8915835
          20        21        22        23        24        25        26        27        28
1  0.8972896 0.8958631 0.9201141 0.8987161 0.8544936 0.8773181 0.8987161 0.8958631 0.9044223
2  0.8714689 0.8841808 0.9025424 0.9067797 0.9138418 0.9138418 0.8926554 0.8997175 0.8898305
3  0.8826025 0.8698727 0.8755304 0.8826025 0.8882603 0.8769448 0.8741160 0.8628006 0.8712871
4  0.8742938 0.8799435 0.8898305 0.9081921 0.8968927 0.8926554 0.8954802 0.8771186 0.8771186
5  0.8954802 0.9053672 0.9096045 0.9096045 0.9110169 0.9138418 0.9152542 0.9152542 0.9096045
6  0.8882603 0.8925035 0.9080622 0.8854314 0.8882603 0.8698727 0.6732673 0.8811881 0.8840170
7  0.8757062 0.8771186 0.8785311 0.8474576 0.8841808 0.8502825 0.8742938 0.8855932 0.8785311
8  0.8684583 0.8684583 0.8741160 0.8811881 0.8755304 0.8811881 0.8797737 0.8769448 0.8840170
9  0.9194915 0.9011299 0.9194915 0.8926554 0.9180791 0.9166667 0.9067797 0.9039548 0.9067797
10 0.8830243 0.8930100 0.8930100 0.9029957 0.8987161 0.8972896 0.9015692 0.8887304 0.8844508
          29        30        31        32        33        34        35        36        37
1  0.9072753 0.9058488 0.9129815 0.9144080 0.9072753 0.9058488 0.9101284 0.9101284 0.9101284
2  0.9025424 0.9067797 0.9025424 0.8997175 0.9011299 0.8954802 0.8954802 0.8954802 0.8954802
3  0.8755304 0.8755304 0.8854314 0.8783593 0.8797737 0.8797737 0.8769448 0.8783593 0.8939180
4  0.8898305 0.8997175 0.9053672 0.9067797 0.9067797 0.9025424 0.8926554 0.8884181 0.8912429
5  0.9039548 0.9039548 0.9025424 0.9039548 0.9039548 0.9053672 0.9053672 0.9053672 0.9053672
6  0.9024045 0.9009901 0.9066478 0.9052334 0.9123055 0.9094767 0.9094767 0.9009901 0.9052334
7  0.8799435 0.8799435 0.8827684 0.8813559 0.8912429 0.8827684 0.8813559 0.8742938 0.8686441
8  0.8811881 0.8811881 0.8811881 0.8811881 0.8811881 0.8826025 0.8755304 0.8826025 0.8826025
9  0.9110169 0.8983051 0.9025424 0.8997175 0.9011299 0.9152542 0.9152542 0.9096045 0.9138418
10 0.8844508 0.8830243 0.8858773 0.8915835 0.8901569 0.8958631 0.8944365 0.8944365 0.8958631
          38        39        40        41        42        43        44        45        46
1  0.9087019 0.9144080 0.9072753 0.9101284 0.8972896 0.9001427 0.8787447 0.8858773 0.8944365
2  0.8968927 0.9053672 0.9138418 0.9209040 0.9180791 0.9209040 0.9180791 0.9180791 0.9011299
3  0.8925035 0.8896747 0.8939180 0.8967468 0.8840170 0.8910891 0.8868458 0.8882603 0.8882603
4  0.8940678 0.8997175 0.9053672 0.9081921 0.9110169 0.9011299 0.9025424 0.8940678 0.8757062
5  0.9053672 0.9124294 0.9166667 0.9209040 0.9194915 0.9209040 0.9180791 0.9209040 0.9237288
6  0.9066478 0.9052334 0.9108911 0.9165488 0.9151344 0.9024045 0.9123055 0.9066478 0.8925035
7  0.8658192 0.8686441 0.8827684 0.8432203 0.8629944 0.8742938 0.8827684 0.8870056 0.8898305
8  0.8755304 0.8755304 0.8741160 0.8698727 0.8557284 0.8628006 0.8628006 0.8628006 0.8670438
9  0.9138418 0.9180791 0.9166667 0.9166667 0.9124294 0.9110169 0.8968927 0.8898305 0.9011299
10 0.8958631 0.8958631 0.8972896 0.8958631 0.8944365 0.9001427 0.9044223 0.8958631 0.8972896
          47        48        49        50
1  0.8930100 0.8901569 0.8944365 0.9001427
2  0.9081921 0.9138418 0.9110169 0.9067797
3  0.8826025 0.8854314 0.8783593 0.8840170
4  0.8827684 0.8870056 0.8841808 0.8855932
5  0.9124294 0.9180791 0.9223164 0.9209040
6  0.8953324 0.9123055 0.9151344 0.9179632
7  0.8983051 0.8912429 0.8954802 0.9025424
8  0.8670438 0.8783593 0.8755304 0.8783593
9  0.9039548 0.9053672 0.9081921 0.9138418
10 0.8972896 0.8987161 0.9015692 0.9001427

$`NAIVE BAYES`$`Mean Accuracy`
        1         2         3         4         5         6         7         8         9 
0.0000000 0.8421150 0.8647793 0.4859221 0.6048916 0.7148011 0.5010714 0.5194806 0.5213206 
       10        11        12        13        14        15        16        17        18 
0.5241485 0.5312283 0.6848202 0.8281737 0.8648529 0.8948113 0.8936616 0.8989211 0.9054295 
       19        20        21        22        23        24        25        26        27 
0.8987816 0.8856076 0.8867448 0.8970833 0.8915623 0.8929272 0.8889901 0.8711906 0.8887165 
       28        29        30        31        32        33        34        35        36 
0.8890059 0.8938137 0.8935282 0.8967889 0.8962298 0.8974937 0.8974977 0.8956630 0.8939681 
       37        38        39        40        41        42        43        44        45 
0.8962322 0.8955235 0.8984947 0.9018801 0.8999047 0.8970617 0.8984828 0.8963480 0.8949336 
       46        47        48        49        50 
0.8931059 0.8940928 0.8980506 0.8986216 0.9010286 

$`NAIVE BAYES`$`St Dev Accuracy`
         1          2          3          4          5          6          7          8 
0.00000000 0.01958157 0.01607792 0.01487909 0.18892531 0.19500274 0.01672269 0.01655847 
         9         10         11         12         13         14         15         16 
0.01569302 0.01454725 0.01603922 0.15857023 0.10363725 0.07433500 0.01442085 0.01523358 
        17         18         19         20         21         22         23         24 
0.01415408 0.01441956 0.01640137 0.01536533 0.01279690 0.01746448 0.01881916 0.01928259 
        25         26         27         28         29         30         31         32 
0.02183135 0.07087148 0.01534674 0.01339181 0.01299400 0.01212891 0.01164430 0.01245098 
        33         34         35         36         37         38         39         40 
0.01126578 0.01236308 0.01433341 0.01281536 0.01352157 0.01500065 0.01642569 0.01461889 
        41         42         43         44         45         46         47         48 
0.02528609 0.02296978 0.01856944 0.01829690 0.01698687 0.01528383 0.01356001 0.01368422 
        49         50 
0.01587355 0.01462293 

$`NAIVE BAYES`$`Precisions per Fold`
   1         2         3         4         5         6         7         8         9        10
1  0 0.6666667 0.7192982 0.2946955 0.7058824 0.3013972 0.3001988 0.3065844 0.3084886 0.3084886
2  0 0.7685185 0.8120301 0.3288462 0.3295019 0.6824645 0.3372093 0.3459245 0.3473054 0.3480000
3  0 0.6746988 0.6666667 0.2892720 0.2892720 0.6102564 0.2949219 0.3000000 0.3030303 0.3048780
4  0 0.7500000 0.7403846 0.2489627 0.6571429 0.5882353 0.2552743 0.2630435 0.2620087 0.2659341
5  0 0.6826923 0.7615385 0.3132296 0.3145631 0.7173913 0.3207921 0.3292683 0.3299180 0.3305955
6  0 0.7000000 0.6936937 0.2639692 0.2695312 0.2695312 0.2684825 0.2758621 0.2758621 0.2777778
7  0 0.6629213 0.7127660 0.2569721 0.2627291 0.2627291 0.2617587 0.2668067 0.2679325 0.2694737
8  0 0.6296296 0.6585366 0.2837302 0.2831683 0.6153846 0.2938776 0.3016878 0.3008475 0.3008475
9  0 0.7300000 0.7521368 0.3013972 0.3027888 0.3027888 0.3089431 0.3122363 0.3106383 0.3134328
10 0 0.7100000 0.7520000 0.3040000 0.6962025 0.6815642 0.3121150 0.3227848 0.3213531 0.3220339
          11        12        13        14        15        16        17        18        19
1  0.3131524 0.3622829 0.3914209 0.7231638 0.7485714 0.7087912 0.7633136 0.7861272 0.7848837
2  0.3516260 0.6666667 0.7264151 0.7736842 0.7812500 0.7846154 0.7598039 0.7878788 0.7828283
3  0.3067485 0.5914894 0.6461538 0.6740331 0.6702703 0.7116564 0.6882353 0.7177914 0.7160494
4  0.2676991 0.2682927 0.5690608 0.6339869 0.6410256 0.6644295 0.6818182 0.6687500 0.5957447
5  0.3368421 0.6990291 0.7431694 0.7714286 0.8062500 0.7951807 0.7964072 0.7942857 0.7219512
6  0.2800830 0.6197917 0.6270270 0.7000000 0.6948052 0.6764706 0.7005988 0.7405063 0.7295597
7  0.2717622 0.2975610 0.3106061 0.6063830 0.6379310 0.6020942 0.6751592 0.6948052 0.6729560
8  0.3034188 0.3081897 0.6300000 0.6741573 0.6594595 0.6595745 0.6414141 0.6685083 0.6648352
9  0.3175966 0.3203463 0.6700000 0.3848168 0.7951807 0.7964072 0.7683616 0.8048780 0.8023952
10 0.3247312 0.3282609 0.6836735 0.6896552 0.7061856 0.6844660 0.7430168 0.7356322 0.7175141
          20        21        22        23        24        25        26        27        28
1  0.6980198 0.7005076 0.7637363 0.7035176 0.6050420 0.6513761 0.7098446 0.7046632 0.7202073
2  0.6666667 0.6962025 0.7476636 0.7582938 0.7850000 0.7766990 0.7161572 0.7342342 0.7117904
3  0.7142857 0.6578947 0.6818182 0.7090909 0.7267081 0.6878613 0.6820809 0.6470588 0.6613757
4  0.5842105 0.5978261 0.6257310 0.6794872 0.6481481 0.6347305 0.6424242 0.5944444 0.5944444
5  0.7163462 0.7487179 0.7717391 0.7631579 0.7759563 0.7845304 0.7826087 0.7795699 0.7577320
6  0.6560847 0.6722222 0.7185629 0.6492147 0.6594595 0.6084906 0.3732970 0.6323529 0.6458333
7  0.6195652 0.6256983 0.6321839 0.5555556 0.6404494 0.5601852 0.6113990 0.6491228 0.6306818
8  0.6226415 0.6262136 0.6386139 0.6580311 0.6350711 0.6431925 0.6456311 0.6394231 0.6567164
9  0.8000000 0.7171717 0.7704918 0.6923077 0.7634409 0.7679558 0.7250000 0.7244898 0.7445652
10 0.6766169 0.7010309 0.7096774 0.7374302 0.7228261 0.7055838 0.7164948 0.6865672 0.6818182
          29        30        31        32        33        34        35        36        37
1  0.7301587 0.7311828 0.7433155 0.7473118 0.7301587 0.7311828 0.7405405 0.7405405 0.7405405
2  0.7387387 0.7488584 0.7431193 0.7385321 0.7333333 0.7205240 0.7205240 0.7205240 0.7264574
3  0.6739130 0.6616162 0.6839378 0.6683673 0.6717949 0.6735751 0.6649746 0.6683673 0.7015707
4  0.6257310 0.6453488 0.6588235 0.6646707 0.6646707 0.6529412 0.6256983 0.6153846 0.6222222
5  0.7448980 0.7424242 0.7386935 0.7424242 0.7424242 0.7389163 0.7389163 0.7461929 0.7437186
6  0.6994220 0.6954023 0.7093023 0.7076023 0.7209302 0.7102273 0.7126437 0.6910112 0.7005650
7  0.6327684 0.6327684 0.6400000 0.6363636 0.6666667 0.6449704 0.6348315 0.6187845 0.6031746
8  0.6473430 0.6473430 0.6473430 0.6445498 0.6459330 0.6476190 0.6325581 0.6435185 0.6435185
9  0.7540984 0.7142857 0.7253886 0.7202073 0.7239583 0.7608696 0.7608696 0.7446809 0.7567568
10 0.6818182 0.6766169 0.6834171 0.6954315 0.6919192 0.7000000 0.6965174 0.6965174 0.7020202
          38        39        40        41        42        43        44        45        46
1  0.7315789 0.7421053 0.7230769 0.7282051 0.6941748 0.7009804 0.6502242 0.6666667 0.6839623
2  0.7339450 0.7454545 0.7714286 0.7989950 0.7910448 0.7960199 0.7853659 0.7853659 0.7333333
3  0.7043011 0.6947368 0.7081081 0.7135135 0.6699029 0.6923077 0.6764706 0.6834171 0.6852792
4  0.6292135 0.6436782 0.6607143 0.6707317 0.6790123 0.6508876 0.6511628 0.6321839 0.5854922
5  0.7461929 0.7628866 0.7807487 0.7872340 0.7860963 0.7872340 0.7731959 0.7812500 0.7894737
6  0.7068966 0.7005650 0.7192982 0.7337278 0.7294118 0.6906077 0.7134831 0.6978022 0.6597938
7  0.5978836 0.6042781 0.6416185 0.5502392 0.5906736 0.6174863 0.6400000 0.6477273 0.6534091
8  0.6338028 0.6350711 0.6284404 0.6199095 0.5907173 0.6043478 0.6052632 0.6052632 0.6133333
9  0.7595628 0.7784091 0.7709497 0.7771429 0.7640449 0.7540984 0.7128205 0.6950000 0.7216495
10 0.7020202 0.7061856 0.7055838 0.7083333 0.7046632 0.7195767 0.7311828 0.6980198 0.6956522
          47        48        49        50
1  0.6790698 0.6728111 0.6822430 0.6952381
2  0.7500000 0.7714286 0.7568807 0.7511521
3  0.6733668 0.6802030 0.6633663 0.6732673
4  0.6010638 0.6108108 0.6042781 0.6086957
5  0.7524752 0.7676768 0.7794872 0.7755102
6  0.6666667 0.7111111 0.7191011 0.7272727
7  0.6807229 0.6571429 0.6686047 0.6886228
8  0.6143498 0.6372093 0.6313364 0.6347032
9  0.7291667 0.7329843 0.7407407 0.7540107
10 0.7014925 0.6990291 0.7019231 0.7024390

$`NAIVE BAYES`$`Mean Precisions`
        1         2         3         4         5         6         7         8         9 
0.0000000 0.6975127 0.7269051 0.2885075 0.4110782 0.5031743 0.2953573 0.3024198 0.3027384 
       10        11        12        13        14        15        16        17        18 
0.3041462 0.3073660 0.4461910 0.5997527 0.6631309 0.7140929 0.7083686 0.7218129 0.7399163 
       19        20        21        22        23        24        25        26        27 
0.7188718 0.6754437 0.6743486 0.7060218 0.6906087 0.6962101 0.6820605 0.6604938 0.6791926 
       28        29        30        31        32        33        34        35        36 
0.6805165 0.6928889 0.6895847 0.6973341 0.6965461 0.6991789 0.6980826 0.6928074 0.6885522 
       37        38        39        40        41        42        43        44        45 
0.6940544 0.6945397 0.7013370 0.7109967 0.7088032 0.6999742 0.7013547 0.6939169 0.6892696 
       46        47        48        49        50 
0.6821379 0.6848374 0.6940407 0.6947961 0.7010912 

$`NAIVE BAYES`$`St Dev Precisions`
         1          2          3          4          5          6          7          8 
0.00000000 0.04283114 0.04661607 0.02553136 0.19139555 0.19276389 0.02655707 0.02722831 
         9         10         11         12         13         14         15         16 
0.02741306 0.02670175 0.02762628 0.17427739 0.14155912 0.11124854 0.06433095 0.06523995 
        17         18         19         20         21         22         23         24 
0.05073232 0.05198170 0.06302222 0.06136667 0.04720314 0.05844188 0.06117901 0.06601433 
        25         26         27         28         29         30         31         32 
0.07628895 0.11237281 0.05652408 0.05233143 0.04792031 0.04294629 0.04013031 0.04118219 
        33         34         35         36         37         38         39         40 
0.03491124 0.04131967 0.04997985 0.05046873 0.05348338 0.05520020 0.05825298 0.05428465 
        41         42         43         44         45         46         47         48 
0.07779632 0.07146521 0.06552298 0.05924043 0.05817966 0.05897080 0.05116637 0.05312950 
        49         50 
0.05560932 0.05316665 

$`NAIVE BAYES`$`Micro Ave Precisions`
        1         2         3         4         5         6         7         8         9 
      NaN 0.6977731 0.7287554 0.2887838 0.3375622 0.4162420 0.2956644 0.3027732 0.3030996 
       10        11        12        13        14        15        16        17        18 
0.3045293 0.3076598 0.3954016 0.5592417 0.6348002 0.7139575 0.7073720 0.7221584 0.7411765 
       19        20        21        22        23        24        25        26        27 
0.7184850 0.6731161 0.6755102 0.7069059 0.6892034 0.6938559 0.6792261 0.6373574 0.6801848 
       28        29        30        31        32        33        34        35        36 
0.6818182 0.6942105 0.6908714 0.6983795 0.6973340 0.7000000 0.6989583 0.6930591 0.6891961 
       37        38        39        40        41        42        43        44        45 
0.6942872 0.6947040 0.7015159 0.7110993 0.7058513 0.6968443 0.7004680 0.6928571 0.6889564 
       46        47        48        49        50 
0.6820666 0.6851852 0.6945289 0.6949495 0.7009679 

$`NAIVE BAYES`$`Recalls per Fold`
   1         2         3         4         5         6         7         8         9        10
1  0 0.3815789 0.5394737 0.9868421 0.7105263 0.9934211 0.9934211 0.9802632 0.9802632 0.9802632
2  0 0.4742857 0.6171429 0.9771429 0.9828571 0.8228571 0.9942857 0.9942857 0.9942857 0.9942857
3  0 0.3684211 0.5000000 0.9934211 0.9934211 0.7828947 0.9934211 0.9868421 0.9868421 0.9868421
4  0 0.5206612 0.6363636 0.9917355 0.7603306 0.8264463 1.0000000 1.0000000 0.9917355 1.0000000
5  0 0.4329268 0.6036585 0.9817073 0.9878049 0.8048780 0.9878049 0.9878049 0.9817073 0.9817073
6  0 0.4057971 0.5579710 0.9927536 1.0000000 1.0000000 1.0000000 0.9855072 0.9855072 0.9782609
7  0 0.4469697 0.5075758 0.9772727 0.9772727 0.9772727 0.9696970 0.9621212 0.9621212 0.9696970
8  0 0.4689655 0.5586207 0.9862069 0.9862069 0.8275862 0.9931034 0.9862069 0.9793103 0.9793103
9  0 0.4679487 0.5641026 0.9679487 0.9743590 0.9743590 0.9743590 0.9487179 0.9358974 0.9423077
10 0 0.4640523 0.6143791 0.9934641 0.7189542 0.7973856 0.9934641 1.0000000 0.9934641 0.9934641
          11        12        13        14        15        16        17        18        19
1  0.9868421 0.9605263 0.9605263 0.8421053 0.8618421 0.8486842 0.8486842 0.8947368 0.8881579
2  0.9885714 0.9142857 0.8800000 0.8400000 0.8571429 0.8742857 0.8857143 0.8914286 0.8857143
3  0.9868421 0.9144737 0.8289474 0.8026316 0.8157895 0.7631579 0.7697368 0.7697368 0.7631579
4  1.0000000 1.0000000 0.8512397 0.8016529 0.8264463 0.8181818 0.8677686 0.8842975 0.9256198
5  0.9756098 0.8780488 0.8292683 0.8231707 0.7865854 0.8048780 0.8109756 0.8475610 0.9024390
6  0.9782609 0.8623188 0.8405797 0.7608696 0.7753623 0.8333333 0.8478261 0.8478261 0.8405797
7  0.9696970 0.9242424 0.9318182 0.8636364 0.8409091 0.8712121 0.8030303 0.8106061 0.8106061
8  0.9793103 0.9862069 0.8689655 0.8275862 0.8413793 0.8551724 0.8758621 0.8344828 0.8344828
9  0.9487179 0.9487179 0.8589744 0.9423077 0.8461538 0.8525641 0.8717949 0.8461538 0.8589744
10 0.9869281 0.9869281 0.8758170 0.9150327 0.8954248 0.9215686 0.8692810 0.8366013 0.8300654
          20        21        22        23        24        25        26        27        28
1  0.9276316 0.9078947 0.9144737 0.9210526 0.9473684 0.9342105 0.9013158 0.8947368 0.9144737
2  0.9600000 0.9428571 0.9142857 0.9142857 0.8971429 0.9142857 0.9371429 0.9314286 0.9314286
3  0.7565789 0.8223684 0.7894737 0.7697368 0.7697368 0.7828947 0.7763158 0.7960526 0.8223684
4  0.9173554 0.9090909 0.8842975 0.8760331 0.8677686 0.8760331 0.8760331 0.8842975 0.8842975
5  0.9085366 0.8902439 0.8658537 0.8841463 0.8658537 0.8658537 0.8780488 0.8841463 0.8963415
6  0.8985507 0.8768116 0.8695652 0.8985507 0.8840580 0.9347826 0.9927536 0.9347826 0.8985507
7  0.8636364 0.8484848 0.8333333 0.9090909 0.8636364 0.9166667 0.8939394 0.8409091 0.8409091
8  0.9103448 0.8896552 0.8896552 0.8758621 0.9241379 0.9448276 0.9172414 0.9172414 0.9103448
9  0.8461538 0.9102564 0.9038462 0.9230769 0.9102564 0.8910256 0.9294872 0.9102564 0.8782051
10 0.8888889 0.8888889 0.8627451 0.8627451 0.8692810 0.9084967 0.9084967 0.9019608 0.8823529
          29        30        31        32        33        34        35        36        37
1  0.9078947 0.8947368 0.9144737 0.9144737 0.9078947 0.8947368 0.9013158 0.9013158 0.9013158
2  0.9371429 0.9371429 0.9257143 0.9200000 0.9428571 0.9428571 0.9428571 0.9428571 0.9257143
3  0.8157895 0.8618421 0.8684211 0.8618421 0.8618421 0.8552632 0.8618421 0.8618421 0.8815789
4  0.8842975 0.9173554 0.9256198 0.9173554 0.9173554 0.9173554 0.9256198 0.9256198 0.9256198
5  0.8902439 0.8963415 0.8963415 0.8963415 0.8963415 0.9146341 0.9146341 0.8963415 0.9024390
6  0.8768116 0.8768116 0.8840580 0.8768116 0.8985507 0.9057971 0.8985507 0.8913043 0.8985507
7  0.8484848 0.8484848 0.8484848 0.8484848 0.8333333 0.8257576 0.8560606 0.8484848 0.8636364
8  0.9241379 0.9241379 0.9241379 0.9379310 0.9310345 0.9379310 0.9379310 0.9586207 0.9586207
9  0.8846154 0.8974359 0.8974359 0.8910256 0.8910256 0.8974359 0.8974359 0.8974359 0.8974359
10 0.8823529 0.8888889 0.8888889 0.8954248 0.8954248 0.9150327 0.9150327 0.9150327 0.9084967
          38        39        40        41        42        43        44        45        46
1  0.9144737 0.9276316 0.9276316 0.9342105 0.9407895 0.9407895 0.9539474 0.9473684 0.9539474
2  0.9142857 0.9371429 0.9257143 0.9085714 0.9085714 0.9142857 0.9200000 0.9200000 0.9428571
3  0.8618421 0.8684211 0.8618421 0.8684211 0.9078947 0.8881579 0.9078947 0.8947368 0.8881579
4  0.9256198 0.9256198 0.9173554 0.9090909 0.9090909 0.9090909 0.9256198 0.9090909 0.9338843
5  0.8963415 0.9024390 0.8902439 0.9024390 0.8963415 0.9024390 0.9146341 0.9146341 0.9146341
6  0.8913043 0.8985507 0.8913043 0.8985507 0.8985507 0.9057971 0.9202899 0.9202899 0.9275362
7  0.8560606 0.8560606 0.8409091 0.8712121 0.8636364 0.8560606 0.8484848 0.8636364 0.8712121
8  0.9310345 0.9241379 0.9448276 0.9448276 0.9655172 0.9586207 0.9517241 0.9517241 0.9517241
9  0.8910256 0.8782051 0.8846154 0.8717949 0.8717949 0.8846154 0.8910256 0.8910256 0.8974359
10 0.9084967 0.8954248 0.9084967 0.8888889 0.8888889 0.8888889 0.8888889 0.9215686 0.9411765
          47        48        49        50
1  0.9605263 0.9605263 0.9605263 0.9605263
2  0.9428571 0.9257143 0.9428571 0.9314286
3  0.8815789 0.8815789 0.8815789 0.8947368
4  0.9338843 0.9338843 0.9338843 0.9256198
5  0.9268293 0.9268293 0.9268293 0.9268293
6  0.9275362 0.9275362 0.9275362 0.9275362
7  0.8560606 0.8712121 0.8712121 0.8712121
8  0.9448276 0.9448276 0.9448276 0.9586207
9  0.8974359 0.8974359 0.8974359 0.9038462
10 0.9215686 0.9411765 0.9542484 0.9411765

$`NAIVE BAYES`$`Mean Recalls`
        1         2         3         4         5         6         7         8         9 
0.0000000 0.4431607 0.5699288 0.9848495 0.9091733 0.8807101 0.9899556 0.9831749 0.9791134 
       10        11        12        13        14        15        16        17        18 
0.9806138 0.9800780 0.9375749 0.8726136 0.8418993 0.8347035 0.8443038 0.8450674 0.8463431 
       19        20        21        22        23        24        25        26        27 
0.8539797 0.8877677 0.8886552 0.8727529 0.8834580 0.8799240 0.8969077 0.9010775 0.8895812 
       28        29        30        31        32        33        34        35        36 
0.8859272 0.8851771 0.8943178 0.8973576 0.8959691 0.8975660 0.9006801 0.9051280 0.9038855 
       37        38        39        40        41        42        43        44        45 
0.9063408 0.8990485 0.9013634 0.8992940 0.8998007 0.9051076 0.9048746 0.9122509 0.9134075 
       46        47        48        49        50 
0.9222566 0.9193105 0.9210721 0.9240936 0.9241532 

$`NAIVE BAYES`$`St Dev Recalls`
          1           2           3           4           5           6           7           8 
0.000000000 0.046649385 0.046864506 0.008664726 0.124533955 0.092137144 0.010138262 0.016255439 
          9          10          11          12          13          14          15          16 
0.017827931 0.016199300 0.013834456 0.046915146 0.043161913 0.053944061 0.035596423 0.043127886 
         17          18          19          20          21          22          23          24 
0.038066077 0.038297281 0.048238129 0.056040850 0.033901302 0.038727827 0.045083906 0.047845531 
         25          26          27          28          29          30          31          32 
0.047589333 0.055380188 0.042610349 0.033150695 0.034960550 0.027404824 0.026009634 0.027787625 
         33          34          35          36          37          38          39          40 
0.031835674 0.035890924 0.028879350 0.033684234 0.026038696 0.025060944 0.027478117 0.031898978 
         41          42          43          44          45          46          47          48 
0.026009820 0.030130530 0.029097313 0.031068373 0.026089132 0.028402840 0.031882974 0.028655372 
         49          50 
0.030638383 0.027798776 

$`NAIVE BAYES`$`Micro Ave Recalls`
        1         2         3         4         5         6         7         8         9 
      NaN 0.4422043 0.5705645 0.9845430 0.9119624 0.8783602 0.9899194 0.9831989 0.9791667 
       10        11        12        13        14        15        16        17        18 
0.9805108 0.9798387 0.9361559 0.8723118 0.8434140 0.8353495 0.8447581 0.8454301 0.8467742 
       19        20        21        22        23        24        25        26        27 
0.8541667 0.8884409 0.8897849 0.8736559 0.8837366 0.8803763 0.8965054 0.9012097 0.8904570 
       28        29        30        31        32        33        34        35        36 
0.8870968 0.8864247 0.8951613 0.8978495 0.8965054 0.8985215 0.9018817 0.9059140 0.9045699 
       37        38        39        40        41        42        43        44        45 
0.9065860 0.8991935 0.9018817 0.8998656 0.8998656 0.9052419 0.9052419 0.9126344 0.9139785 
       46        47        48        49        50 
0.9227151 0.9200269 0.9213710 0.9247312 0.9247312 

$`NAIVE BAYES`$`F1 Measure`
   1         2         3         4         5         6         7         8         9        10
1  0 0.4853556 0.6165414 0.4538578 0.7081967 0.4624809 0.4610687 0.4670846 0.4692913 0.4692913
2  0 0.5865724 0.7012987 0.4920863 0.4935438 0.7461140 0.5036179 0.5132743 0.5147929 0.5155556
3  0 0.4765957 0.5714286 0.4480712 0.4480712 0.6858790 0.4548193 0.4601227 0.4636785 0.4658385
4  0 0.6146341 0.6844444 0.3980100 0.7049808 0.6872852 0.4067227 0.4165232 0.4145078 0.4201389
5  0 0.5298507 0.6734694 0.4749263 0.4771723 0.7586207 0.4843049 0.4939024 0.4938650 0.4946237
6  0 0.5137615 0.6184739 0.4170472 0.4246154 0.4246154 0.4233129 0.4310618 0.4310618 0.4326923
7  0 0.5339367 0.5929204 0.4069401 0.4141252 0.4141252 0.4122383 0.4177632 0.4191419 0.4217463
8  0 0.5375494 0.6044776 0.4406780 0.4400000 0.7058824 0.4535433 0.4620355 0.4602917 0.4602917
9  0 0.5703125 0.6446886 0.4596651 0.4620061 0.4620061 0.4691358 0.4698413 0.4664537 0.4704000
10 0 0.5612648 0.6762590 0.4655436 0.7073955 0.7349398 0.4750000 0.4880383 0.4856230 0.4864000
          11        12        13        14        15        16        17        18        19
1  0.4754358 0.5261261 0.5561905 0.7781155 0.8012232 0.7724551 0.8037383 0.8369231 0.8333333
2  0.5187406 0.7710843 0.7958656 0.8054795 0.8174387 0.8270270 0.8179420 0.8364611 0.8310992
3  0.4680187 0.7183463 0.7262248 0.7327327 0.7359050 0.7365079 0.7267081 0.7428571 0.7388535
4  0.4223386 0.4230769 0.6821192 0.7080292 0.7220217 0.7333333 0.7636364 0.7615658 0.7249191
5  0.5007825 0.7783784 0.7838617 0.7964602 0.7962963 0.8000000 0.8036254 0.8200590 0.8021680
6  0.4354839 0.7212121 0.7182663 0.7291667 0.7328767 0.7467532 0.7672131 0.7905405 0.7811448
7  0.4245439 0.4501845 0.4659091 0.7125000 0.7254902 0.7120743 0.7335640 0.7482517 0.7353952
8  0.4632953 0.4696223 0.7304348 0.7430341 0.7393939 0.7447447 0.7405248 0.7423313 0.7400612
9  0.4758842 0.4789644 0.7528090 0.5464684 0.8198758 0.8235294 0.8168168 0.8250000 0.8297214
10 0.4886731 0.4926591 0.7679083 0.7865169 0.7896254 0.7855153 0.8012048 0.7828746 0.7696970
          20        21        22        23        24        25        26        27        28
1  0.7966102 0.7908309 0.8323353 0.7977208 0.7384615 0.7675676 0.7942029 0.7884058 0.8057971
2  0.7868852 0.8009709 0.8226221 0.8290155 0.8373333 0.8398950 0.8118812 0.8211587 0.8069307
3  0.7348243 0.7309942 0.7317073 0.7381703 0.7476038 0.7323077 0.7261538 0.7138643 0.7331378
4  0.7138264 0.7213115 0.7328767 0.7653430 0.7420495 0.7361111 0.7412587 0.7109635 0.7109635
5  0.8010753 0.8133705 0.8160920 0.8192090 0.8184438 0.8231884 0.8275862 0.8285714 0.8212291
6  0.7584098 0.7610063 0.7868852 0.7537994 0.7554180 0.7371429 0.5425743 0.7543860 0.7515152
7  0.7215190 0.7202572 0.7189542 0.6896552 0.7354839 0.6954023 0.7261538 0.7326733 0.7207792
8  0.7394958 0.7350427 0.7435159 0.7514793 0.7528090 0.7653631 0.7578348 0.7535411 0.7630058
9  0.8224299 0.8022599 0.8318584 0.7912088 0.8304094 0.8249258 0.8146067 0.8068182 0.8058824
10 0.7683616 0.7838617 0.7787611 0.7951807 0.7893175 0.7942857 0.8011527 0.7796610 0.7692308
          29        30        31        32        33        34        35        36        37
1  0.8093842 0.8047337 0.8200590 0.8224852 0.8093842 0.8047337 0.8130564 0.8130564 0.8130564
2  0.8261965 0.8324873 0.8244275 0.8193384 0.8250000 0.8168317 0.8168317 0.8168317 0.8140704
3  0.7380952 0.7485714 0.7652174 0.7528736 0.7550432 0.7536232 0.7507163 0.7528736 0.7813411
4  0.7328767 0.7576792 0.7697595 0.7708333 0.7708333 0.7628866 0.7466667 0.7392739 0.7441860
5  0.8111111 0.8121547 0.8099174 0.8121547 0.8121547 0.8174387 0.8174387 0.8144044 0.8154270
6  0.7781350 0.7756410 0.7870968 0.7831715 0.8000000 0.7961783 0.7948718 0.7784810 0.7873016
7  0.7249191 0.7249191 0.7296417 0.7272727 0.7407407 0.7242525 0.7290323 0.7156550 0.7102804
8  0.7613636 0.7613636 0.7613636 0.7640449 0.7627119 0.7661972 0.7555556 0.7700831 0.7700831
9  0.8141593 0.7954545 0.8022923 0.7965616 0.7988506 0.8235294 0.8235294 0.8139535 0.8211144
10 0.7692308 0.7683616 0.7727273 0.7828571 0.7806268 0.7932011 0.7909605 0.7909605 0.7920228
          38        39        40        41        42        43        44        45        46
1  0.8128655 0.8245614 0.8126801 0.8184438 0.7988827 0.8033708 0.7733333 0.7826087 0.7967033
2  0.8142494 0.8303797 0.8415584 0.8502674 0.8457447 0.8510638 0.8473684 0.8473684 0.8250000
3  0.7751479 0.7719298 0.7774481 0.7833828 0.7709497 0.7780980 0.7752809 0.7749288 0.7736390
4  0.7491639 0.7593220 0.7681661 0.7719298 0.7773852 0.7586207 0.7645051 0.7457627 0.7197452
5  0.8144044 0.8268156 0.8319088 0.8409091 0.8376068 0.8409091 0.8379888 0.8426966 0.8474576
6  0.7884615 0.7873016 0.7961165 0.8078176 0.8051948 0.7836991 0.8037975 0.7937500 0.7710843
7  0.7040498 0.7084639 0.7278689 0.6744868 0.7015385 0.7174603 0.7296417 0.7402597 0.7467532
8  0.7541899 0.7528090 0.7548209 0.7486339 0.7329843 0.7413333 0.7399464 0.7399464 0.7459459
9  0.8200590 0.8253012 0.8238806 0.8217523 0.8143713 0.8141593 0.7920228 0.7808989 0.8000000
10 0.7920228 0.7896254 0.7942857 0.7884058 0.7861272 0.7953216 0.8023599 0.7943662 0.8000000
          47        48        49        50
1  0.7956403 0.7913279 0.7978142 0.8066298
2  0.8354430 0.8415584 0.8396947 0.8316327
3  0.7635328 0.7679083 0.7570621 0.7683616
4  0.7313916 0.7385621 0.7337662 0.7344262
5  0.8306011 0.8397790 0.8467967 0.8444444
6  0.7757576 0.8050314 0.8101266 0.8152866
7  0.7583893 0.7491857 0.7565789 0.7692308
8  0.7445652 0.7611111 0.7569061 0.7637363
9  0.8045977 0.8069164 0.8115942 0.8221574
10 0.7966102 0.8022284 0.8088643 0.8044693

$`NAIVE BAYES`$`Mean F1 Measure`
        1         2         3         4         5         6         7         8         9 
0.0000000 0.5409834 0.6384002 0.4456826 0.5280107 0.6081948 0.4543764 0.4619647 0.4618708 
       10        11        12        13        14        15        16        17        18 
0.4636978 0.4673197 0.5829654 0.6979589 0.7338503 0.7680147 0.7681940 0.7774974 0.7886864 
       19        20        21        22        23        24        25        26        27 
0.7786393 0.7643437 0.7659906 0.7795608 0.7730782 0.7747330 0.7716190 0.7543405 0.7690043 
       28        29        30        31        32        33        34        35        36 
0.7688471 0.7765472 0.7781366 0.7842502 0.7831593 0.7855345 0.7858872 0.7838659 0.7805573 
       37        38        39        40        41        42        43        44        45 
0.7848883 0.7824614 0.7876510 0.7928734 0.7906029 0.7870785 0.7884036 0.7866245 0.7842586 
       46        47        48        49        50 
0.7826329 0.7836529 0.7903609 0.7919204 0.7960375 

$`NAIVE BAYES`$`St Dev F1 Measure`
         1          2          3          4          5          6          7          8 
0.00000000 0.04338581 0.04391684 0.03034928 0.12556104 0.14663448 0.03165918 0.03231421 
         9         10         11         12         13         14         15         16 
0.03246979 0.03139721 0.03204568 0.14501302 0.10610728 0.07462944 0.04015322 0.03976515 
        17         18         19         20         21         22         23         24 
0.03541758 0.03882859 0.04323038 0.03681574 0.03653838 0.04497534 0.04184298 0.04035406 
        25         26         27         28         29         30         31         32 
0.04776766 0.08347025 0.04264857 0.03972404 0.03725344 0.03270469 0.02999962 0.03061177 
        33         34         35         36         37         38         39         40 
0.02772648 0.03272973 0.03512121 0.03580537 0.03559259 0.03742563 0.04038398 0.03618200 
        41         42         43         44         45         46         47         48 
0.05140503 0.04447915 0.04200831 0.03818123 0.03811177 0.03887419 0.03496208 0.03564112 
        49         50 
0.03859500 0.03522971 

$`NAIVE BAYES`$`Micro Ave F1 Measure`
        1         2         3         4         5         6         7         8         9 
      NaN 0.5413410 0.6400302 0.4465783 0.4927378 0.5648228 0.4553323 0.4629747 0.4629071 
       10        11        12        13        14        15        16        17        18 
0.4647237 0.4682833 0.5559769 0.6815437 0.7243867 0.7698978 0.7699847 0.7789474 0.7904642 
       19        20        21        22        23        24        25        26        27 
0.7804728 0.7659328 0.7679814 0.7814848 0.7744405 0.7760664 0.7728853 0.7466592 0.7712456 
       28        29        30        31        32        33        34        35        36 
0.7710280 0.7786305 0.7798595 0.7856513 0.7844752 0.7869335 0.7875587 0.7853190 0.7823307 
       37        38        39        40        41        42        43        44        45 
0.7863597 0.7838313 0.7891797 0.7944230 0.7911374 0.7874890 0.7897977 0.7877030 0.7856730 
       46        47        48        49        50 
0.7843473 0.7854274 0.7920277 0.7935409 0.7974500 


$SVM
$SVM$`Accuracy per Fold`
   1         2         3         4         5         6         7         8         9        10
1  0 0.8345221 0.8559201 0.8573466 0.8701854 0.8716120 0.8730385 0.8730385 0.8844508 0.8873039
2  0 0.8446328 0.8672316 0.8686441 0.8686441 0.8827684 0.8813559 0.8841808 0.8954802 0.8968927
3  0 0.8330976 0.8528996 0.8557284 0.8514851 0.8585573 0.8628006 0.8698727 0.8755304 0.8840170
4  0 0.8841808 0.8968927 0.8997175 0.9067797 0.9081921 0.9110169 0.9138418 0.9166667 0.9124294
5  0 0.8276836 0.8672316 0.8686441 0.8615819 0.8813559 0.8799435 0.8813559 0.8968927 0.8983051
6  0 0.8514851 0.8642150 0.8684583 0.8698727 0.8727016 0.8896747 0.8925035 0.8995757 0.8981612
7  0 0.8432203 0.8714689 0.8686441 0.8700565 0.8700565 0.8926554 0.8968927 0.8954802 0.8968927
8  0 0.8373409 0.8571429 0.8571429 0.8599717 0.8755304 0.8727016 0.8811881 0.8868458 0.8953324
9  0 0.8516949 0.8700565 0.8728814 0.8912429 0.8926554 0.8968927 0.8940678 0.9067797 0.9053672
10 0 0.8445078 0.8801712 0.8716120 0.8744650 0.8758916 0.8758916 0.8801712 0.8830243 0.8815977
          11        12        13        14        15        16        17        18        19
1  0.9044223 0.9087019 0.9115549 0.9243937 0.9315264 0.9315264 0.9258203 0.9286733 0.9243937
2  0.9011299 0.9011299 0.9096045 0.9124294 0.9180791 0.9237288 0.9251412 0.9336158 0.9392655
3  0.8868458 0.8939180 0.8967468 0.8939180 0.8995757 0.9009901 0.9038190 0.9151344 0.9080622
4  0.9152542 0.9152542 0.9251412 0.9293785 0.9420904 0.9392655 0.9392655 0.9378531 0.9378531
5  0.9039548 0.9067797 0.9039548 0.9039548 0.9110169 0.9081921 0.9152542 0.9166667 0.9166667
6  0.8981612 0.9108911 0.9066478 0.9137199 0.9207921 0.9193777 0.9292786 0.9306931 0.9292786
7  0.9039548 0.9096045 0.9053672 0.9152542 0.9322034 0.9336158 0.9364407 0.9378531 0.9392655
8  0.9009901 0.8981612 0.9038190 0.9094767 0.9165488 0.9179632 0.9151344 0.9264498 0.9278642
9  0.9053672 0.9110169 0.9152542 0.9194915 0.9194915 0.9209040 0.9223164 0.9279661 0.9307910
10 0.8873039 0.8844508 0.9001427 0.9029957 0.9072753 0.9058488 0.9201141 0.9158345 0.9172611
          20        21        22        23        24        25        26        27        28
1  0.9243937 0.9229672 0.9258203 0.9272468 0.9286733 0.9272468 0.9300999 0.9272468 0.9372325
2  0.9392655 0.9350282 0.9364407 0.9350282 0.9378531 0.9392655 0.9392655 0.9420904 0.9435028
3  0.9024045 0.9024045 0.9108911 0.9123055 0.9137199 0.9165488 0.9165488 0.9165488 0.9193777
4  0.9406780 0.9378531 0.9364407 0.9392655 0.9420904 0.9435028 0.9449153 0.9463277 0.9435028
5  0.9223164 0.9194915 0.9322034 0.9307910 0.9336158 0.9307910 0.9251412 0.9307910 0.9322034
6  0.9306931 0.9250354 0.9292786 0.9292786 0.9321075 0.9292786 0.9292786 0.9306931 0.9349364
7  0.9406780 0.9336158 0.9350282 0.9336158 0.9364407 0.9392655 0.9392655 0.9392655 0.9392655
8  0.9292786 0.9292786 0.9278642 0.9321075 0.9321075 0.9306931 0.9391796 0.9391796 0.9476662
9  0.9336158 0.9336158 0.9364407 0.9364407 0.9406780 0.9477401 0.9477401 0.9477401 0.9505650
10 0.9158345 0.9158345 0.9158345 0.9215407 0.9229672 0.9229672 0.9229672 0.9215407 0.9243937
          29        30        31        32        33        34        35        36        37
1  0.9415121 0.9457917 0.9472183 0.9472183 0.9486448 0.9500713 0.9500713 0.9486448 0.9500713
2  0.9505650 0.9548023 0.9533898 0.9562147 0.9548023 0.9576271 0.9590395 0.9548023 0.9505650
3  0.9207921 0.9207921 0.9207921 0.9250354 0.9250354 0.9250354 0.9264498 0.9264498 0.9349364
4  0.9491525 0.9533898 0.9505650 0.9505650 0.9548023 0.9562147 0.9562147 0.9562147 0.9548023
5  0.9293785 0.9251412 0.9209040 0.9265537 0.9293785 0.9322034 0.9307910 0.9350282 0.9336158
6  0.9405941 0.9363508 0.9391796 0.9391796 0.9391796 0.9391796 0.9405941 0.9434229 0.9405941
7  0.9420904 0.9392655 0.9350282 0.9378531 0.9392655 0.9435028 0.9449153 0.9435028 0.9463277
8  0.9448373 0.9476662 0.9434229 0.9504950 0.9504950 0.9533239 0.9519095 0.9519095 0.9533239
9  0.9505650 0.9519774 0.9519774 0.9519774 0.9533898 0.9519774 0.9548023 0.9548023 0.9548023
10 0.9258203 0.9258203 0.9315264 0.9286733 0.9300999 0.9300999 0.9315264 0.9300999 0.9315264
          38        39        40        41        42        43        44        45        46
1  0.9529244 0.9543509 0.9529244 0.9572040 0.9572040 0.9557775 0.9557775 0.9557775 0.9600571
2  0.9477401 0.9477401 0.9491525 0.9519774 0.9505650 0.9576271 0.9562147 0.9576271 0.9576271
3  0.9335219 0.9321075 0.9363508 0.9349364 0.9363508 0.9377652 0.9391796 0.9391796 0.9377652
4  0.9548023 0.9533898 0.9548023 0.9590395 0.9562147 0.9604520 0.9590395 0.9576271 0.9590395
5  0.9364407 0.9392655 0.9378531 0.9392655 0.9378531 0.9420904 0.9420904 0.9420904 0.9420904
6  0.9434229 0.9448373 0.9462518 0.9462518 0.9490806 0.9476662 0.9490806 0.9504950 0.9462518
7  0.9420904 0.9435028 0.9449153 0.9449153 0.9491525 0.9505650 0.9491525 0.9562147 0.9576271
8  0.9504950 0.9476662 0.9476662 0.9462518 0.9448373 0.9490806 0.9476662 0.9476662 0.9490806
9  0.9576271 0.9590395 0.9576271 0.9604520 0.9618644 0.9618644 0.9618644 0.9618644 0.9618644
10 0.9315264 0.9300999 0.9315264 0.9358060 0.9286733 0.9329529 0.9329529 0.9329529 0.9358060
          47        48        49        50
1  0.9586305 0.9572040 0.9586305 0.9614836
2  0.9576271 0.9576271 0.9576271 0.9533898
3  0.9321075 0.9335219 0.9321075 0.9335219
4  0.9604520 0.9590395 0.9618644 0.9618644
5  0.9420904 0.9449153 0.9477401 0.9463277
6  0.9476662 0.9476662 0.9519095 0.9575672
7  0.9576271 0.9548023 0.9562147 0.9505650
8  0.9504950 0.9476662 0.9476662 0.9490806
9  0.9632768 0.9632768 0.9661017 0.9661017
10 0.9343795 0.9343795 0.9358060 0.9343795

$SVM$`Mean Accuracy`
        1         2         3         4         5         6         7         8         9 
0.0000000 0.8452366 0.8683230 0.8688819 0.8724285 0.8789321 0.8835971 0.8867113 0.8940726 
       10        11        12        13        14        15        16        17        18 
0.8956299 0.9007384 0.9039908 0.9078233 0.9125012 0.9198600 0.9201412 0.9232584 0.9270740 
       19        20        21        22        23        24        25        26        27 
0.9270702 0.9279158 0.9255125 0.9286242 0.9297620 0.9320253 0.9327299 0.9334402 0.9341424 
       28        29        30        31        32        33        34        35        36 
0.9372646 0.9395307 0.9400997 0.9394004 0.9413765 0.9425093 0.9439236 0.9446314 0.9444877 
       37        38        39        40        41        42        43        44        45 
0.9450565 0.9450591 0.9452000 0.9459070 0.9476100 0.9471796 0.9495841 0.9493018 0.9501495 
       46        47        48        49        50 
0.9507209 0.9504352 0.9500099 0.9515668 0.9514281 

$SVM$`St Dev Accuracy`
          1           2           3           4           5           6           7           8 
0.000000000 0.015758492 0.012933478 0.012554389 0.015920247 0.013630833 0.014095106 0.012936761 
          9          10          11          12          13          14          15          16 
0.012132807 0.009398377 0.008477067 0.009491364 0.008112560 0.010551937 0.012674657 0.012514554 
         17          18          19          20          21          22          23          24 
0.010514988 0.008623018 0.010572472 0.012189084 0.010847179 0.008969216 0.007908832 0.008567044 
         25          26          27          28          29          30          31          32 
0.009625279 0.010161622 0.010473183 0.009908289 0.010635570 0.012643470 0.012135279 0.011545145 
         33          34          35          36          37          38          39          40 
0.011428010 0.011727405 0.011728539 0.010783877 0.009139056 0.009149940 0.009384017 0.008455438 
         41          42          43          44          45          46          47          48 
0.009352404 0.010375973 0.009714230 0.009230745 0.009456477 0.009794483 0.011089798 0.010238247 
         49          50 
0.010967496 0.011107744 

$SVM$`Precisions per Fold`
   1         2         3         4         5         6         7         8         9        10
1  0 0.6730769 0.7217391 0.7280702 0.7747748 0.7818182 0.7837838 0.7837838 0.7983193 0.8119658
2  0 0.7372263 0.8091603 0.8153846 0.8203125 0.8150685 0.8137931 0.8163265 0.8300654 0.8445946
3  0 0.6517857 0.6967213 0.7083333 0.7008547 0.7131148 0.7272727 0.7542373 0.7580645 0.7822581
4  0 0.6725664 0.7105263 0.7232143 0.7350427 0.7456140 0.7589286 0.7631579 0.7818182 0.7706422
5  0 0.6615385 0.7734375 0.7795276 0.7750000 0.8278689 0.8211382 0.8278689 0.8527132 0.8593750
6  0 0.6571429 0.6810345 0.6991150 0.7129630 0.7142857 0.7631579 0.7719298 0.7863248 0.7704918
7  0 0.6000000 0.7113402 0.7010309 0.7127660 0.7127660 0.7545455 0.7757009 0.7685185 0.7809524
8  0 0.6171875 0.6746032 0.6746032 0.6854839 0.7080292 0.6978417 0.7226277 0.7338129 0.7482517
9  0 0.7256637 0.7807018 0.7946429 0.8160000 0.8174603 0.8373984 0.8240000 0.8515625 0.8503937
10 0 0.6896552 0.7804878 0.7603306 0.7685950 0.7704918 0.7750000 0.7948718 0.7751938 0.7573529
          11        12        13        14        15        16        17        18        19
1  0.8244275 0.8283582 0.8515625 0.8666667 0.8714286 0.8714286 0.8731343 0.8805970 0.8666667
2  0.8571429 0.8671329 0.8627451 0.8692810 0.8774194 0.8954248 0.8961039 0.8950617 0.9230769
3  0.8000000 0.8080000 0.8160000 0.8235294 0.8292683 0.8360656 0.8500000 0.8770492 0.8536585
4  0.7699115 0.7699115 0.8035714 0.8141593 0.8448276 0.8421053 0.8545455 0.8532110 0.8532110
5  0.8582090 0.8656716 0.8636364 0.8582090 0.8796992 0.8778626 0.8768116 0.8723404 0.8723404
6  0.7750000 0.8205128 0.8050847 0.8290598 0.8360656 0.8292683 0.8283582 0.8345865 0.8333333
7  0.7962963 0.8090909 0.8037383 0.8396226 0.8750000 0.8761062 0.8849558 0.8728814 0.8938053
8  0.7697842 0.7625899 0.7810219 0.7913669 0.7905405 0.8041958 0.7972028 0.8163265 0.8175676
9  0.8345865 0.8444444 0.8582090 0.8837209 0.8897638 0.8968254 0.8914729 0.9133858 0.9280000
10 0.7720588 0.7608696 0.8074074 0.8057554 0.8235294 0.8222222 0.8540146 0.8455882 0.8571429
          20        21        22        23        24        25        26        27        28
1  0.8666667 0.8602941 0.8623188 0.8633094 0.8695652 0.8686131 0.8705036 0.8686131 0.8913043
2  0.9230769 0.9056604 0.9166667 0.9161290 0.9281046 0.9285714 0.9285714 0.9350649 0.9299363
3  0.8487395 0.8487395 0.8739496 0.8750000 0.8640000 0.8780488 0.8780488 0.8780488 0.8861789
4  0.8495575 0.8407080 0.8392857 0.8421053 0.8448276 0.8461538 0.8534483 0.8608696 0.8461538
5  0.8758621 0.8689655 0.8918919 0.8859060 0.8979592 0.8911565 0.8881119 0.8911565 0.8918919
6  0.8345865 0.8195489 0.8333333 0.8333333 0.8308824 0.8235294 0.8188406 0.8296296 0.8484848
7  0.8947368 0.8761062 0.8771930 0.8695652 0.8782609 0.8869565 0.9009009 0.9009009 0.9082569
8  0.8231293 0.8187919 0.8092105 0.8299320 0.8299320 0.8287671 0.8541667 0.8541667 0.8802817
9  0.9291339 0.9291339 0.9302326 0.9302326 0.9318182 0.9473684 0.9473684 0.9541985 0.9416058
10 0.8507463 0.8507463 0.8507463 0.8656716 0.8666667 0.8666667 0.8613139 0.8602941 0.8676471
          29        30        31        32        33        34        35        36        37
1  0.8992806 0.9014085 0.9020979 0.9020979 0.9027778 0.8979592 0.8926174 0.8918919 0.8926174
2  0.9487179 0.9440994 0.9437500 0.9500000 0.9440994 0.9503106 0.9562500 0.9554140 0.9545455
3  0.8809524 0.8809524 0.8809524 0.8897638 0.8897638 0.8897638 0.8968254 0.8968254 0.8955224
4  0.8695652 0.8859649 0.8644068 0.8583333 0.8803419 0.8879310 0.8879310 0.8879310 0.8803419
5  0.8904110 0.8827586 0.8750000 0.8783784 0.8851351 0.8918919 0.8911565 0.8933333 0.8874172
6  0.8582090 0.8496241 0.8518519 0.8467153 0.8467153 0.8467153 0.8529412 0.8602941 0.8478261
7  0.9026549 0.9009009 0.8771930 0.8859649 0.8869565 0.9035088 0.9043478 0.9035088 0.9122807
8  0.8732394 0.8750000 0.8620690 0.8767123 0.8767123 0.8783784 0.8775510 0.8881119 0.8783784
9  0.9416058 0.9420290 0.9420290 0.9420290 0.9424460 0.9357143 0.9428571 0.9428571 0.9492754
10 0.8796992 0.8796992 0.8776978 0.8652482 0.8714286 0.8714286 0.8723404 0.8714286 0.8776978
          38        39        40        41        42        43        44        45        46
1  0.8940397 0.9000000 0.8940397 0.8961039 0.8961039 0.8903226 0.8903226 0.8853503 0.9025974
2  0.9480519 0.9480519 0.9483871 0.9490446 0.9487179 0.9503106 0.9500000 0.9503106 0.9503106
3  0.8947368 0.8939394 0.9022556 0.8897059 0.8962963 0.9029851 0.9097744 0.9037037 0.8970588
4  0.8803419 0.8728814 0.8803419 0.8833333 0.8688525 0.8842975 0.8833333 0.8760331 0.8833333
5  0.8940397 0.8954248 0.8896104 0.8853503 0.8750000 0.8819876 0.8819876 0.8819876 0.8819876
6  0.8602941 0.8510638 0.8571429 0.8571429 0.8695652 0.8686131 0.8642857 0.8652482 0.8424658
7  0.8956522 0.9035088 0.9043478 0.9043478 0.9210526 0.9145299 0.9067797 0.8914729 0.8984375
8  0.8767123 0.8648649 0.8698630 0.8639456 0.8581081 0.8562092 0.8552632 0.8552632 0.8609272
9  0.9500000 0.9568345 0.9500000 0.9444444 0.9448276 0.9448276 0.9448276 0.9448276 0.9448276
10 0.8776978 0.8714286 0.8620690 0.8600000 0.8551724 0.8630137 0.8630137 0.8630137 0.8648649
          47        48        49        50
1  0.8967742 0.8961039 0.8967742 0.9032258
2  0.9503106 0.9503106 0.9503106 0.9437500
3  0.8823529 0.8832117 0.8823529 0.8776978
4  0.8780488 0.8770492 0.8916667 0.8916667
5  0.8819876 0.8834356 0.8848485 0.8795181
6  0.8482759 0.8482759 0.8561644 0.8698630
7  0.8984375 0.8846154 0.8914729 0.8702290
8  0.8666667 0.8600000 0.8600000 0.8609272
9  0.9513889 0.9452055 0.9520548 0.9520548
10 0.8639456 0.8639456 0.8648649 0.8639456

$SVM$`Mean Precisions`
        1         2         3         4         5         6         7         8         9 
0.0000000 0.6685843 0.7339752 0.7384253 0.7501793 0.7606517 0.7732860 0.7834505 0.7936393 
       10        11        12        13        14        15        16        17        18 
0.7976278 0.8057417 0.8136582 0.8252977 0.8381371 0.8517542 0.8551505 0.8606599 0.8661028 
       19        20        21        22        23        24        25        26        27 
0.8698803 0.8696235 0.8618695 0.8684828 0.8711184 0.8742017 0.8765832 0.8801274 0.8832943 
       28        29        30        31        32        33        34        35        36 
0.8891742 0.8944335 0.8942437 0.8877048 0.8895243 0.8926377 0.8953602 0.8974818 0.8991596 
       37        38        39        40        41        42        43        44        45 
0.8975903 0.8971567 0.8957998 0.8958057 0.8933419 0.8933697 0.8957097 0.8949588 0.8917211 
       46        47        48        49        50 
0.8926811 0.8918189 0.8892153 0.8930510 0.8912878 

$SVM$`St Dev Precisions`
         1          2          3          4          5          6          7          8 
0.00000000 0.04250227 0.04770790 0.04656348 0.04766028 0.04824621 0.04297697 0.03331005 
         9         10         11         12         13         14         15         16 
0.03972526 0.04088922 0.03551930 0.03963313 0.03047296 0.03050245 0.03189441 0.03242723 
        17         18         19         20         21         22         23         24 
0.03069179 0.02895795 0.03585793 0.03599620 0.03510033 0.03762711 0.03302026 0.03603646 
        25         26         27         28         29         30         31         32 
0.03975528 0.03794172 0.03812647 0.03134847 0.02992207 0.02946665 0.03197641 0.03377715 
        33         34         35         36         37         38         39         40 
0.03035405 0.02990191 0.03114175 0.02927424 0.03300224 0.02953058 0.03434092 0.03232308 
        41         42         43         44         45         46         47         48 
0.03215669 0.03448242 0.03250992 0.03289315 0.03271463 0.03447449 0.03451191 0.03386532 
        49         50 
0.03367748 0.03245962 

$SVM$`Micro Ave Precisions`
        1         2         3         4         5         6         7         8         9 
      NaN 0.6698194 0.7352445 0.7397611 0.7519313 0.7626556 0.7733990 0.7838284 0.7945860 
       10        11        12        13        14        15        16        17        18 
0.7982526 0.8071819 0.8144410 0.8266979 0.8387850 0.8513720 0.8553846 0.8605183 0.8660647 
       19        20        21        22        23        24        25        26        27 
0.8699620 0.8699924 0.8621988 0.8688156 0.8718141 0.8750000 0.8771407 0.8804185 0.8837209 
       28        29        30        31        32        33        34        35        36 
0.8902166 0.8956003 0.8953229 0.8891336 0.8908297 0.8937409 0.8962264 0.8983297 0.9000000 
       37        38        39        40        41        42        43        44        45 
0.8979740 0.8979740 0.8963283 0.8961318 0.8936620 0.8934368 0.8958042 0.8951049 0.8922652 
       46        47        48        49        50 
0.8931034 0.8924138 0.8900344 0.8935440 0.8918549 

$SVM$`Recalls per Fold`
   1         2         3         4         5         6         7         8         9        10
1  0 0.4605263 0.5460526 0.5460526 0.5657895 0.5657895 0.5723684 0.5723684 0.6250000 0.6250000
2  0 0.5771429 0.6057143 0.6057143 0.6000000 0.6800000 0.6742857 0.6857143 0.7257143 0.7142857
3  0 0.4802632 0.5592105 0.5592105 0.5394737 0.5723684 0.5789474 0.5855263 0.6184211 0.6381579
4  0 0.6280992 0.6694215 0.6694215 0.7107438 0.7024793 0.7024793 0.7190083 0.7107438 0.6942149
5  0 0.5243902 0.6036585 0.6036585 0.5670732 0.6158537 0.6158537 0.6158537 0.6707317 0.6707317
6  0 0.5000000 0.5724638 0.5724638 0.5579710 0.5797101 0.6304348 0.6376812 0.6666667 0.6811594
7  0 0.4772727 0.5227273 0.5151515 0.5075758 0.5075758 0.6287879 0.6287879 0.6287879 0.6212121
8  0 0.5448276 0.5862069 0.5862069 0.5862069 0.6689655 0.6689655 0.6827586 0.7034483 0.7379310
9  0 0.5256410 0.5705128 0.5705128 0.6538462 0.6602564 0.6602564 0.6602564 0.6987179 0.6923077
10 0 0.5228758 0.6274510 0.6013072 0.6078431 0.6143791 0.6078431 0.6078431 0.6535948 0.6732026
          11        12        13        14        15        16        17        18        19
1  0.7105263 0.7302632 0.7171053 0.7697368 0.8026316 0.8026316 0.7697368 0.7763158 0.7697368
2  0.7200000 0.7085714 0.7542857 0.7600000 0.7771429 0.7828571 0.7885714 0.8285714 0.8228571
3  0.6315789 0.6644737 0.6710526 0.6447368 0.6710526 0.6710526 0.6710526 0.7039474 0.6907895
4  0.7190083 0.7190083 0.7438017 0.7603306 0.8099174 0.7933884 0.7768595 0.7685950 0.7685950
5  0.7012195 0.7073171 0.6951220 0.7012195 0.7134146 0.7012195 0.7378049 0.7500000 0.7500000
6  0.6739130 0.6956522 0.6884058 0.7028986 0.7391304 0.7391304 0.8043478 0.8043478 0.7971014
7  0.6515152 0.6742424 0.6515152 0.6742424 0.7424242 0.7500000 0.7575758 0.7803030 0.7651515
8  0.7379310 0.7310345 0.7379310 0.7586207 0.8068966 0.7931034 0.7862069 0.8275862 0.8344828
9  0.7115385 0.7307692 0.7371795 0.7307692 0.7243590 0.7243590 0.7371795 0.7435897 0.7435897
10 0.6862745 0.6862745 0.7124183 0.7320261 0.7320261 0.7254902 0.7647059 0.7516340 0.7450980
          20        21        22        23        24        25        26        27        28
1  0.7697368 0.7697368 0.7828947 0.7894737 0.7894737 0.7828947 0.7960526 0.7828947 0.8092105
2  0.8228571 0.8228571 0.8171429 0.8114286 0.8114286 0.8171429 0.8171429 0.8228571 0.8342857
3  0.6644737 0.6644737 0.6842105 0.6907895 0.7105263 0.7105263 0.7105263 0.7105263 0.7171053
4  0.7933884 0.7851240 0.7768595 0.7933884 0.8099174 0.8181818 0.8181818 0.8181818 0.8181818
5  0.7743902 0.7682927 0.8048780 0.8048780 0.8048780 0.7987805 0.7743902 0.7987805 0.8048780
6  0.8043478 0.7898551 0.7971014 0.7971014 0.8188406 0.8115942 0.8188406 0.8115942 0.8115942
7  0.7727273 0.7500000 0.7575758 0.7575758 0.7651515 0.7727273 0.7575758 0.7575758 0.7500000
8  0.8344828 0.8413793 0.8482759 0.8413793 0.8413793 0.8344828 0.8482759 0.8482759 0.8620690
9  0.7564103 0.7564103 0.7692308 0.7692308 0.7884615 0.8076923 0.8076923 0.8012821 0.8269231
10 0.7450980 0.7450980 0.7450980 0.7581699 0.7647059 0.7647059 0.7712418 0.7647059 0.7712418
          29        30        31        32        33        34        35        36        37
1  0.8223684 0.8421053 0.8486842 0.8486842 0.8552632 0.8684211 0.8750000 0.8684211 0.8750000
2  0.8457143 0.8685714 0.8628571 0.8685714 0.8685714 0.8742857 0.8742857 0.8571429 0.8400000
3  0.7302632 0.7302632 0.7302632 0.7434211 0.7434211 0.7434211 0.7434211 0.7434211 0.7894737
4  0.8264463 0.8347107 0.8429752 0.8512397 0.8512397 0.8512397 0.8512397 0.8512397 0.8512397
5  0.7926829 0.7804878 0.7682927 0.7926829 0.7987805 0.8048780 0.7987805 0.8170732 0.8170732
6  0.8333333 0.8188406 0.8333333 0.8405797 0.8405797 0.8405797 0.8405797 0.8478261 0.8478261
7  0.7727273 0.7575758 0.7575758 0.7651515 0.7727273 0.7803030 0.7878788 0.7803030 0.7878788
8  0.8551724 0.8689655 0.8620690 0.8827586 0.8827586 0.8965517 0.8896552 0.8758621 0.8965517
9  0.8269231 0.8333333 0.8333333 0.8333333 0.8397436 0.8397436 0.8461538 0.8461538 0.8397436
10 0.7647059 0.7647059 0.7973856 0.7973856 0.7973856 0.7973856 0.8039216 0.7973856 0.7973856
          38        39        40        41        42        43        44        45        46
1  0.8881579 0.8881579 0.8881579 0.9078947 0.9078947 0.9078947 0.9078947 0.9144737 0.9144737
2  0.8342857 0.8342857 0.8400000 0.8514286 0.8457143 0.8742857 0.8685714 0.8742857 0.8742857
3  0.7828947 0.7763158 0.7894737 0.7960526 0.7960526 0.7960526 0.7960526 0.8026316 0.8026316
4  0.8512397 0.8512397 0.8512397 0.8760331 0.8760331 0.8842975 0.8760331 0.8760331 0.8760331
5  0.8231707 0.8353659 0.8353659 0.8475610 0.8536585 0.8658537 0.8658537 0.8658537 0.8658537
6  0.8478261 0.8695652 0.8695652 0.8695652 0.8695652 0.8623188 0.8768116 0.8840580 0.8913043
7  0.7803030 0.7803030 0.7878788 0.7878788 0.7954545 0.8106061 0.8106061 0.8712121 0.8712121
8  0.8827586 0.8827586 0.8758621 0.8758621 0.8758621 0.9034483 0.8965517 0.8965517 0.8965517
9  0.8525641 0.8525641 0.8525641 0.8717949 0.8782051 0.8782051 0.8782051 0.8782051 0.8782051
10 0.7973856 0.7973856 0.8169935 0.8431373 0.8104575 0.8235294 0.8235294 0.8235294 0.8366013
          47        48        49        50
1  0.9144737 0.9078947 0.9144737 0.9210526
2  0.8742857 0.8742857 0.8742857 0.8628571
3  0.7894737 0.7960526 0.7894737 0.8026316
4  0.8925620 0.8842975 0.8842975 0.8842975
5  0.8658537 0.8780488 0.8902439 0.8902439
6  0.8913043 0.8913043 0.9057971 0.9202899
7  0.8712121 0.8712121 0.8712121 0.8636364
8  0.8965517 0.8896552 0.8896552 0.8965517
9  0.8782051 0.8846154 0.8910256 0.8910256
10 0.8300654 0.8300654 0.8366013 0.8300654

$SVM$`Mean Recalls`
        1         2         3         4         5         6         7         8         9 
0.0000000 0.5241039 0.5863419 0.5829700 0.5896523 0.6167378 0.6340222 0.6395798 0.6701826 
       10        11        12        13        14        15        16        17        18 
0.6748203 0.6943505 0.7047606 0.7108817 0.7234581 0.7518995 0.7483232 0.7594041 0.7734890 
       19        20        21        22        23        24        25        26        27 
0.7687402 0.7737912 0.7693227 0.7783268 0.7813415 0.7904763 0.7918729 0.7919920 0.7916674 
       28        29        30        31        32        33        34        35        36 
0.8005489 0.8070337 0.8099559 0.8136769 0.8223808 0.8250471 0.8296809 0.8310916 0.8284828 
       37        38        39        40        41        42        43        44        45 
0.8342172 0.8340586 0.8367942 0.8407101 0.8527208 0.8508898 0.8606492 0.8600109 0.8686834 
       46        47        48        49        50 
0.8707152 0.8703987 0.8707432 0.8747066 0.8762652 

$SVM$`St Dev Recalls`
         1          2          3          4          5          6          7          8 
0.00000000 0.05033206 0.04231715 0.04157753 0.05828213 0.06131289 0.04230436 0.04697348 
         9         10         11         12         13         14         15         16 
0.03854567 0.03797951 0.03337910 0.02408387 0.03382347 0.04181487 0.04597739 0.04415954 
        17         18         19         20         21         22         23         24 
0.03771002 0.03908765 0.04175057 0.04772879 0.04813272 0.04466592 0.04078596 0.03670079 
        25         26         27         28         29         30         31         32 
0.03595631 0.03948517 0.03939888 0.04284612 0.04025063 0.04853439 0.04719636 0.04566967 
        33         34         35         36         37         38         39         40 
0.04489069 0.04735683 0.04628643 0.04284282 0.03634326 0.03814667 0.04040423 0.03428447 
        41         42         43         44         45         46         47         48 
0.03697838 0.03851358 0.03830012 0.03721994 0.03283285 0.03149319 0.03625197 0.03305942 
        49         50 
0.03666706 0.03760765 

$SVM$`Micro Ave Recalls`
        1         2         3         4         5         6         7         8         9 
      NaN 0.5235215 0.5860215 0.5826613 0.5887097 0.6176075 0.6330645 0.6384409 0.6706989 
       10        11        12        13        14        15        16        17        18 
0.6754032 0.6948925 0.7049731 0.7116935 0.7237903 0.7506720 0.7473118 0.7587366 0.7735215 
       19        20        21        22        23        24        25        26        27 
0.7688172 0.7735215 0.7694892 0.7788978 0.7815860 0.7903226 0.7916667 0.7916667 0.7916667 
       28        29        30        31        32        33        34        35        36 
0.8010753 0.8071237 0.8104839 0.8138441 0.8225806 0.8252688 0.8299731 0.8313172 0.8286290 
       37        38        39        40        41        42        43        44        45 
0.8340054 0.8340054 0.8366935 0.8407258 0.8528226 0.8508065 0.8608871 0.8602151 0.8682796 
       46        47        48        49        50 
0.8702957 0.8696237 0.8702957 0.8743280 0.8756720 

$SVM$`F1 Measure`
   1         2         3         4         5         6         7         8         9        10
1  0 0.5468750 0.6217228 0.6240602 0.6539924 0.6564885 0.6615970 0.6615970 0.7011070 0.7063197
2  0 0.6474359 0.6928105 0.6950820 0.6930693 0.7414330 0.7375000 0.7453416 0.7743902 0.7739938
3  0 0.5530303 0.6204380 0.6250000 0.6096654 0.6350365 0.6446886 0.6592593 0.6811594 0.7028986
4  0 0.6495726 0.6893617 0.6952790 0.7226891 0.7234043 0.7296137 0.7404255 0.7445887 0.7304348
5  0 0.5850340 0.6780822 0.6804124 0.6549296 0.7062937 0.7038328 0.7062937 0.7508532 0.7534247
6  0 0.5679012 0.6220472 0.6294821 0.6260163 0.6400000 0.6904762 0.6984127 0.7215686 0.7230769
7  0 0.5316456 0.6026201 0.5938865 0.5929204 0.5929204 0.6859504 0.6945607 0.6916667 0.6919831
8  0 0.5787546 0.6273063 0.6273063 0.6319703 0.6879433 0.6830986 0.7021277 0.7183099 0.7430556
9  0 0.6096654 0.6592593 0.6641791 0.7259786 0.7304965 0.7383513 0.7330961 0.7676056 0.7632509
10 0 0.5947955 0.6956522 0.6715328 0.6788321 0.6836364 0.6813187 0.6888889 0.7092199 0.7128028
          11        12        13        14        15        16        17        18        19
1  0.7632509 0.7762238 0.7785714 0.8153310 0.8356164 0.8356164 0.8181818 0.8251748 0.8153310
2  0.7826087 0.7798742 0.8048780 0.8109756 0.8242424 0.8353659 0.8389058 0.8605341 0.8700906
3  0.7058824 0.7292419 0.7364621 0.7232472 0.7418182 0.7445255 0.7500000 0.7810219 0.7636364
4  0.7435897 0.7435897 0.7725322 0.7863248 0.8270042 0.8170213 0.8138528 0.8086957 0.8086957
5  0.7718121 0.7785235 0.7702703 0.7718121 0.7878788 0.7796610 0.8013245 0.8065574 0.8065574
6  0.7209302 0.7529412 0.7421875 0.7607843 0.7846154 0.7816092 0.8161765 0.8191882 0.8148148
7  0.7166667 0.7355372 0.7196653 0.7478992 0.8032787 0.8081633 0.8163265 0.8240000 0.8244898
8  0.7535211 0.7464789 0.7588652 0.7746479 0.7986348 0.7986111 0.7916667 0.8219178 0.8259386
9  0.7681661 0.7835052 0.7931034 0.8000000 0.7985866 0.8014184 0.8070175 0.8197880 0.8256228
10 0.7266436 0.7216495 0.7569444 0.7671233 0.7750865 0.7708333 0.8068966 0.7958478 0.7972028
          20        21        22        23        24        25        26        27        28
1  0.8153310 0.8125000 0.8206897 0.8247423 0.8275862 0.8235294 0.8316151 0.8235294 0.8482759
2  0.8700906 0.8622754 0.8640483 0.8606061 0.8658537 0.8693009 0.8693009 0.8753799 0.8795181
3  0.7453875 0.7453875 0.7675277 0.7720588 0.7797834 0.7854545 0.7854545 0.7854545 0.7927273
4  0.8205128 0.8119658 0.8068670 0.8170213 0.8270042 0.8319328 0.8354430 0.8389831 0.8319328
5  0.8220065 0.8155340 0.8461538 0.8434505 0.8488746 0.8424437 0.8273616 0.8424437 0.8461538
6  0.8191882 0.8044280 0.8148148 0.8148148 0.8248175 0.8175182 0.8188406 0.8205128 0.8296296
7  0.8292683 0.8081633 0.8130081 0.8097166 0.8178138 0.8259109 0.8230453 0.8230453 0.8215768
8  0.8287671 0.8299320 0.8282828 0.8356164 0.8356164 0.8316151 0.8512111 0.8512111 0.8710801
9  0.8339223 0.8339223 0.8421053 0.8421053 0.8541667 0.8719723 0.8719723 0.8710801 0.8805461
10 0.7944251 0.7944251 0.7944251 0.8083624 0.8125000 0.8125000 0.8137931 0.8096886 0.8166090
          29        30        31        32        33        34        35        36        37
1  0.8591065 0.8707483 0.8745763 0.8745763 0.8783784 0.8829431 0.8837209 0.8800000 0.8837209
2  0.8942598 0.9047619 0.9014925 0.9074627 0.9047619 0.9107143 0.9134328 0.9036145 0.8936170
3  0.7985612 0.7985612 0.7985612 0.8100358 0.8100358 0.8100358 0.8129496 0.8129496 0.8391608
4  0.8474576 0.8595745 0.8535565 0.8547718 0.8655462 0.8691983 0.8691983 0.8691983 0.8655462
5  0.8387097 0.8284790 0.8181818 0.8333333 0.8397436 0.8461538 0.8424437 0.8535032 0.8507937
6  0.8455882 0.8339483 0.8424908 0.8436364 0.8436364 0.8436364 0.8467153 0.8540146 0.8478261
7  0.8326531 0.8230453 0.8130081 0.8211382 0.8259109 0.8373984 0.8421053 0.8373984 0.8455285
8  0.8641115 0.8719723 0.8620690 0.8797251 0.8797251 0.8873720 0.8835616 0.8819444 0.8873720
9  0.8805461 0.8843537 0.8843537 0.8843537 0.8881356 0.8851351 0.8918919 0.8918919 0.8911565
10 0.8181818 0.8181818 0.8356164 0.8299320 0.8327645 0.8327645 0.8367347 0.8327645 0.8356164
          38        39        40        41        42        43        44        45        46
1  0.8910891 0.8940397 0.8910891 0.9019608 0.9019608 0.8990228 0.8990228 0.8996764 0.9084967
2  0.8875380 0.8875380 0.8909091 0.8975904 0.8942598 0.9107143 0.9074627 0.9107143 0.9107143
3  0.8350877 0.8309859 0.8421053 0.8402778 0.8432056 0.8461538 0.8491228 0.8501742 0.8472222
4  0.8655462 0.8619247 0.8655462 0.8796680 0.8724280 0.8842975 0.8796680 0.8760331 0.8796680
5  0.8571429 0.8643533 0.8616352 0.8660436 0.8641975 0.8738462 0.8738462 0.8738462 0.8738462
6  0.8540146 0.8602151 0.8633094 0.8633094 0.8695652 0.8654545 0.8705036 0.8745520 0.8661972
7  0.8340081 0.8373984 0.8421053 0.8421053 0.8536585 0.8594378 0.8560000 0.8812261 0.8846154
8  0.8797251 0.8737201 0.8728522 0.8698630 0.8668942 0.8791946 0.8754209 0.8754209 0.8783784
9  0.8986486 0.9016949 0.8986486 0.9066667 0.9102990 0.9102990 0.9102990 0.9102990 0.9102990
10 0.8356164 0.8327645 0.8389262 0.8514851 0.8322148 0.8428094 0.8428094 0.8428094 0.8504983
          47        48        49        50
1  0.9055375 0.9019608 0.9055375 0.9120521
2  0.9107143 0.9107143 0.9107143 0.9014925
3  0.8333333 0.8373702 0.8333333 0.8384880
4  0.8852459 0.8806584 0.8879668 0.8879668
5  0.8738462 0.8807339 0.8875380 0.8848485
6  0.8692580 0.8692580 0.8802817 0.8943662
7  0.8846154 0.8778626 0.8812261 0.8669202
8  0.8813559 0.8745763 0.8745763 0.8783784
9  0.9133333 0.9139073 0.9205298 0.9205298
10 0.8466667 0.8466667 0.8504983 0.8466667

$SVM$`Mean F1 Measure`
        1         2         3         4         5         6         7         8         9 
0.0000000 0.5864710 0.6509300 0.6506220 0.6590063 0.6797652 0.6956427 0.7030003 0.7260469 
       10        11        12        13        14        15        16        17        18 
0.7301241 0.7453071 0.7547565 0.7633480 0.7758145 0.7976762 0.7972825 0.8060349 0.8162726 
       19        20        21        22        23        24        25        26        27 
0.8152380 0.8178899 0.8118533 0.8197923 0.8228494 0.8294016 0.8312178 0.8328038 0.8341329 
       28        29        30        31        32        33        34        35        36 
0.8418049 0.8479175 0.8493626 0.8483906 0.8538965 0.8568638 0.8605352 0.8622754 0.8617279 
       37        38        39        40        41        42        43        44        45 
0.8640338 0.8638417 0.8644635 0.8667127 0.8718970 0.8708683 0.8771230 0.8764155 0.8794751 
       46        47        48        49        50 
0.8809936 0.8803906 0.8793708 0.8832202 0.8831709 

$SVM$`St Dev F1 Measure`
         1          2          3          4          5          6          7          8 
0.00000000 0.04000585 0.03581841 0.03504112 0.04565215 0.04799576 0.03168553 0.02986957 
         9         10         11         12         13         14         15         16 
0.03198144 0.02757711 0.02651205 0.02308453 0.02606413 0.02858646 0.02775985 0.02884005 
        17         18         19         20         21         22         23         24 
0.02325746 0.02098241 0.02671474 0.03174376 0.03011174 0.02756254 0.02460327 0.02420250 
        25         26         27         28         29         30         31         32 
0.02572834 0.02611214 0.02756539 0.02894306 0.02836931 0.03380606 0.03309597 0.03160835 
        33         34         35         36         37         38         39         40 
0.03079111 0.03121535 0.03088107 0.02867442 0.02297825 0.02455288 0.02530185 0.02175403 
        41         42         43         44         45         46         47         48 
0.02415094 0.02514095 0.02440528 0.02349299 0.02266736 0.02323969 0.02624230 0.02505582 
        49         50 
0.02652863 0.02652634 

$SVM$`Micro Ave F1 Measure`
        1         2         3         4         5         6         7         8         9 
      NaN 0.5877028 0.6522064 0.6518797 0.6603845 0.6825102 0.6962306 0.7037037 0.7274052 
       10        11        12        13        14        15        16        17        18 
0.7317073 0.7468400 0.7557637 0.7648971 0.7770563 0.7978571 0.7977044 0.8064286 0.8171814 
       19        20        21        22        23        24        25        26        27 
0.8162683 0.8189256 0.8132102 0.8214033 0.8242381 0.8305085 0.8322148 0.8336872 0.8351648 
       28        29        30        31        32        33        34        35        36 
0.8432968 0.8490633 0.8507937 0.8498246 0.8553459 0.8581412 0.8618283 0.8635253 0.8628411 
       37        38        39        40        41        42        43        44        45 
0.8648084 0.8648084 0.8654849 0.8675451 0.8727648 0.8716007 0.8779986 0.8773132 0.8801090 
       46        47        48        49        50 
0.8815521 0.8808713 0.8800544 0.8838315 0.8836894 
