> ig_3
$`NAIVE BAYES`
$`NAIVE BAYES`$`Accuracy per Fold`
   1         2         3         4         5         6         7         8         9        10
1  0 0.9315264 0.9258203 0.9300999 0.9443652 0.9386591 0.9343795 0.9429387 0.9500713 0.9457917
2  0 0.9463277 0.9449153 0.9406780 0.9449153 0.9491525 0.9477401 0.9491525 0.9533898 0.9491525
3  0 0.9462518 0.9349364 0.9363508 0.9349364 0.9335219 0.9405941 0.9448373 0.9434229 0.9476662
4  0 0.9435028 0.9420904 0.9505650 0.9477401 0.9491525 0.9505650 0.9533898 0.9449153 0.9435028
5  0 0.9463277 0.9406780 0.9463277 0.9505650 0.9449153 0.9449153 0.9477401 0.9505650 0.9477401
6  0 0.9589816 0.9547383 0.9589816 0.9462518 0.9434229 0.9420085 0.9504950 0.9490806 0.9462518
7  0 0.9519774 0.9519774 0.9590395 0.9491525 0.9548023 0.9604520 0.9632768 0.9604520 0.9576271
8  0 0.9589816 0.9589816 0.9589816 0.9533239 0.9519095 0.9504950 0.9504950 0.9533239 0.9476662
9  0 0.9350282 0.9322034 0.9378531 0.9477401 0.9463277 0.9477401 0.9533898 0.9590395 0.9533898
10 0 0.9129815 0.9229672 0.9215407 0.9258203 0.9315264 0.9358060 0.9315264 0.9329529 0.9286733
          11        12        13        14        15        16        17        18        19
1  0.9429387 0.9443652 0.9457917 0.9472183 0.9443652 0.9429387 0.9372325 0.9372325 0.9329529
2  0.9491525 0.9477401 0.9449153 0.9435028 0.9406780 0.9406780 0.9420904 0.9406780 0.9449153
3  0.9490806 0.9490806 0.9476662 0.9490806 0.9420085 0.9434229 0.9391796 0.9363508 0.9363508
4  0.9463277 0.9463277 0.9477401 0.9463277 0.9505650 0.9435028 0.9477401 0.9477401 0.9463277
5  0.9420904 0.9406780 0.9392655 0.9392655 0.9420904 0.9364407 0.9364407 0.9322034 0.9293785
6  0.9476662 0.9462518 0.9476662 0.9490806 0.9448373 0.9391796 0.9434229 0.9363508 0.9335219
7  0.9590395 0.9576271 0.9576271 0.9590395 0.9533898 0.9491525 0.9505650 0.9491525 0.9505650
8  0.9462518 0.9391796 0.9363508 0.9335219 0.9349364 0.9335219 0.9335219 0.9349364 0.9420085
9  0.9519774 0.9420904 0.9449153 0.9449153 0.9378531 0.9350282 0.9322034 0.9307910 0.9336158
10 0.9272468 0.9272468 0.9215407 0.9243937 0.9229672 0.9201141 0.9158345 0.9215407 0.9215407
          20        21        22        23        24        25        26        27        28
1  0.9315264 0.9300999 0.9343795 0.9329529 0.9315264 0.9300999 0.9372325 0.9386591 0.9358060
2  0.9435028 0.9420904 0.9406780 0.9392655 0.9435028 0.9477401 0.9435028 0.9420904 0.9378531
3  0.9363508 0.9363508 0.9335219 0.9349364 0.9349364 0.9405941 0.9391796 0.9391796 0.9377652
4  0.9420904 0.9406780 0.9406780 0.9392655 0.9378531 0.9420904 0.9420904 0.9392655 0.9392655
5  0.9251412 0.9223164 0.9237288 0.9265537 0.9237288 0.9307910 0.9293785 0.9293785 0.9293785
6  0.9321075 0.9306931 0.9278642 0.9264498 0.9306931 0.9335219 0.9306931 0.9292786 0.9292786
7  0.9533898 0.9548023 0.9505650 0.9533898 0.9505650 0.9505650 0.9519774 0.9505650 0.9449153
8  0.9420085 0.9420085 0.9405941 0.9434229 0.9434229 0.9420085 0.9434229 0.9420085 0.9448373
9  0.9322034 0.9293785 0.9251412 0.9279661 0.9307910 0.9336158 0.9364407 0.9322034 0.9336158
10 0.9272468 0.9315264 0.9358060 0.9358060 0.9343795 0.9315264 0.9315264 0.9286733 0.9272468
          29        30        31        32        33        34        35        36        37
1  0.9358060 0.9372325 0.9358060 0.9329529 0.9315264 0.9329529 0.9315264 0.9272468 0.9258203
2  0.9336158 0.9350282 0.9350282 0.9350282 0.9307910 0.9307910 0.9307910 0.9307910 0.9265537
3  0.9321075 0.9292786 0.9278642 0.9264498 0.9292786 0.9292786 0.9306931 0.9306931 0.9250354
4  0.9378531 0.9378531 0.9364407 0.9336158 0.9336158 0.9336158 0.9336158 0.9350282 0.9378531
5  0.9336158 0.9322034 0.9307910 0.9307910 0.9336158 0.9322034 0.9336158 0.9336158 0.9322034
6  0.9306931 0.9377652 0.9391796 0.9434229 0.9420085 0.9391796 0.9391796 0.9405941 0.9405941
7  0.9435028 0.9406780 0.9364407 0.9364407 0.9364407 0.9392655 0.9406780 0.9392655 0.9435028
8  0.9391796 0.9405941 0.9405941 0.9405941 0.9391796 0.9405941 0.9391796 0.9391796 0.9391796
9  0.9336158 0.9322034 0.9279661 0.9279661 0.9322034 0.9307910 0.9307910 0.9293785 0.9307910
10 0.9272468 0.9286733 0.9272468 0.9286733 0.9300999 0.9258203 0.9243937 0.9243937 0.9229672
          38        39        40        41        42        43        44        45        46
1  0.9286733 0.9272468 0.9286733 0.9258203 0.9229672 0.9229672 0.9229672 0.9215407 0.9201141
2  0.9265537 0.9265537 0.9251412 0.9265537 0.9251412 0.9265537 0.9265537 0.9293785 0.9293785
3  0.9264498 0.9278642 0.9292786 0.9264498 0.9292786 0.9292786 0.9306931 0.9236209 0.9236209
4  0.9364407 0.9364407 0.9364407 0.9350282 0.9364407 0.9350282 0.9336158 0.9350282 0.9322034
5  0.9322034 0.9307910 0.9364407 0.9364407 0.9364407 0.9364407 0.9378531 0.9378531 0.9350282
6  0.9405941 0.9420085 0.9448373 0.9434229 0.9420085 0.9377652 0.9391796 0.9405941 0.9405941
7  0.9449153 0.9463277 0.9463277 0.9435028 0.9449153 0.9435028 0.9435028 0.9378531 0.9420904
8  0.9363508 0.9363508 0.9420085 0.9420085 0.9420085 0.9420085 0.9420085 0.9391796 0.9391796
9  0.9279661 0.9237288 0.9307910 0.9307910 0.9307910 0.9237288 0.9322034 0.9293785 0.9293785
10 0.9215407 0.9215407 0.9201141 0.9201141 0.9215407 0.9215407 0.9186876 0.9172611 0.9158345
          47        48        49        50
1  0.9201141 0.9201141 0.9215407 0.9201141
2  0.9322034 0.9307910 0.9265537 0.9279661
3  0.9207921 0.9207921 0.9179632 0.9179632
4  0.9307910 0.9293785 0.9279661 0.9279661
5  0.9336158 0.9350282 0.9322034 0.9336158
6  0.9377652 0.9377652 0.9377652 0.9391796
7  0.9392655 0.9406780 0.9420904 0.9449153
8  0.9321075 0.9377652 0.9377652 0.9377652
9  0.9279661 0.9279661 0.9265537 0.9265537
10 0.9186876 0.9172611 0.9186876 0.9201141

$`NAIVE BAYES`$`Mean Accuracy`
        1         2         3         4         5         6         7         8         9 
0.0000000 0.9431887 0.9409308 0.9440418 0.9444810 0.9443390 0.9454695 0.9487242 0.9497213 
       10        11        12        13        14        15        16        17        18 
0.9467462 0.9461772 0.9440587 0.9433479 0.9436346 0.9413691 0.9383980 0.9378231 0.9366976 
       19        20        21        22        23        24        25        26        27 
0.9371177 0.9365568 0.9359944 0.9352957 0.9360009 0.9361399 0.9382553 0.9385444 0.9371302 
       28        29        30        31        32        33        34        35        36 
0.9359962 0.9347236 0.9351510 0.9337357 0.9335935 0.9338760 0.9334492 0.9334464 0.9330186 
       37        38        39        40        41        42        43        44        45 
0.9324500 0.9321688 0.9318853 0.9340053 0.9330132 0.9331532 0.9318814 0.9327265 0.9311688 
       46        47        48        49        50 
0.9307422 0.9293308 0.9297539 0.9289089 0.9296153 

$`NAIVE BAYES`$`St Dev Accuracy`
          1           2           3           4           5           6           7           8 
0.000000000 0.013825665 0.012105612 0.013032233 0.008171358 0.007686151 0.007734728 0.008213025 
          9          10          11          12          13          14          15          16 
0.007983351 0.007522612 0.008193227 0.007850516 0.009501753 0.009486539 0.008458045 0.007934864 
         17          18          19          20          21          22          23          24 
0.009706521 0.008037094 0.008794189 0.008647587 0.009206275 0.008270025 0.008394907 0.007862846 
         25          26          27          28          29          30          31          32 
0.007357455 0.007014783 0.007129899 0.006201747 0.004601567 0.004377711 0.004896758 0.005486990 
         33          34          35          36          37          38          39          40 
0.004139371 0.004822051 0.005004596 0.005478122 0.007374175 0.007274548 0.008114472 0.008677730 
         41          42          43          44          45          46          47          48 
0.008319885 0.008433946 0.008103100 0.008204659 0.008210908 0.008864177 0.007297570 0.008227591 
         49          50 
0.008380075 0.009062248 

$`NAIVE BAYES`$`Precisions per Fold`
   1         2         3         4         5         6         7         8         9        10
1  0 0.4285714 0.4000000 0.4354839 0.5161290 0.4861111 0.4666667 0.5076923 0.5454545 0.5217391
2  0 0.6730769 0.6440678 0.6029412 0.6197183 0.6428571 0.6461538 0.6470588 0.6619718 0.6315789
3  0 0.6181818 0.5396825 0.5483871 0.5362319 0.5277778 0.5652174 0.5909091 0.5774648 0.6029412
4  0 0.5344828 0.5238095 0.5692308 0.5522388 0.5588235 0.5671642 0.5846154 0.5342466 0.5270270
5  0 0.6046512 0.5471698 0.5789474 0.6111111 0.5666667 0.5740741 0.5862069 0.6071429 0.5806452
6  0 0.6315789 0.6000000 0.6190476 0.5405405 0.5263158 0.5200000 0.5652174 0.5555556 0.5405405
7  0 0.5652174 0.5576923 0.6122449 0.5344828 0.5645161 0.6034483 0.6296296 0.6071429 0.5833333
8  0 0.6739130 0.6538462 0.6481481 0.6000000 0.5873016 0.5806452 0.5781250 0.5967742 0.5606061
9  0 0.4255319 0.4181818 0.4545455 0.5208333 0.5090909 0.5178571 0.5535714 0.5961538 0.5535714
10 0 0.4411765 0.4929577 0.4871795 0.5061728 0.5301205 0.5500000 0.5294118 0.5348837 0.5164835
          11        12        13        14        15        16        17        18        19
1  0.5070423 0.5142857 0.5223881 0.5303030 0.5147059 0.5072464 0.4788732 0.4782609 0.4583333
2  0.6315789 0.6202532 0.6075949 0.6025641 0.5833333 0.5853659 0.5925926 0.5853659 0.6049383
3  0.6119403 0.6086957 0.6000000 0.6027397 0.5641026 0.5714286 0.5512821 0.5365854 0.5375000
4  0.5416667 0.5384615 0.5443038 0.5384615 0.5600000 0.5250000 0.5454545 0.5454545 0.5384615
5  0.5441176 0.5362319 0.5303030 0.5294118 0.5441176 0.5142857 0.5147059 0.4931507 0.4794521
6  0.5492958 0.5416667 0.5492958 0.5555556 0.5333333 0.5064935 0.5270270 0.4936709 0.4810127
7  0.5873016 0.5757576 0.5757576 0.5846154 0.5507246 0.5285714 0.5352113 0.5277778 0.5352113
8  0.5466667 0.5119048 0.5000000 0.4883721 0.4941176 0.4886364 0.4886364 0.4942529 0.5243902
9  0.5438596 0.4838710 0.5000000 0.5000000 0.4626866 0.4492754 0.4383562 0.4324324 0.4444444
10 0.5108696 0.5111111 0.4895833 0.5000000 0.4949495 0.4848485 0.4693878 0.4895833 0.4895833
          20        21        22        23        24        25        26        27        28
1  0.4533333 0.4473684 0.4647887 0.4583333 0.4507042 0.4459459 0.4782609 0.4857143 0.4722222
2  0.6000000 0.5925926 0.5853659 0.5783133 0.6000000 0.6233766 0.6000000 0.5925926 0.5714286
3  0.5375000 0.5365854 0.5238095 0.5301205 0.5301205 0.5569620 0.5487805 0.5487805 0.5421687
4  0.5185185 0.5121951 0.5121951 0.5060241 0.5000000 0.5189873 0.5189873 0.5063291 0.5061728
5  0.4605263 0.4487179 0.4545455 0.4666667 0.4545455 0.4861111 0.4794521 0.4788732 0.4788732
6  0.4750000 0.4698795 0.4588235 0.4534884 0.4698795 0.4819277 0.4705882 0.4651163 0.4651163
7  0.5492958 0.5588235 0.5352113 0.5492958 0.5362319 0.5362319 0.5454545 0.5373134 0.5070423
8  0.5243902 0.5243902 0.5180723 0.5308642 0.5308642 0.5243902 0.5316456 0.5250000 0.5384615
9  0.4383562 0.4266667 0.4102564 0.4210526 0.4358974 0.4473684 0.4605263 0.4430380 0.4487179
10 0.5108696 0.5280899 0.5454545 0.5454545 0.5393258 0.5280899 0.5294118 0.5176471 0.5116279
          29        30        31        32        33        34        35        36        37
1  0.4714286 0.4788732 0.4729730 0.4594595 0.4533333 0.4594595 0.4533333 0.4358974 0.4303797
2  0.5529412 0.5581395 0.5568182 0.5568182 0.5384615 0.5384615 0.5376344 0.5384615 0.5212766
3  0.5172414 0.5056180 0.5000000 0.4945055 0.5056180 0.5056180 0.5113636 0.5113636 0.4891304
4  0.5000000 0.5000000 0.4939759 0.4819277 0.4814815 0.4819277 0.4819277 0.4878049 0.5000000
5  0.5000000 0.4931507 0.4861111 0.4861111 0.5000000 0.4929577 0.5000000 0.5000000 0.4925373
6  0.4705882 0.5000000 0.5061728 0.5256410 0.5189873 0.5061728 0.5061728 0.5125000 0.5125000
7  0.5000000 0.4868421 0.4675325 0.4683544 0.4675325 0.4800000 0.4868421 0.4805195 0.5000000
8  0.5121951 0.5185185 0.5185185 0.5185185 0.5121951 0.5185185 0.5121951 0.5121951 0.5121951
9  0.4487179 0.4430380 0.4230769 0.4230769 0.4400000 0.4358974 0.4342105 0.4285714 0.4342105
10 0.5116279 0.5172414 0.5113636 0.5168539 0.5227273 0.5054945 0.5000000 0.5000000 0.4947368
          38        39        40        41        42        43        44        45        46
1  0.4415584 0.4358974 0.4415584 0.4285714 0.4177215 0.4177215 0.4177215 0.4125000 0.4096386
2  0.5208333 0.5212766 0.5157895 0.5212766 0.5157895 0.5208333 0.5208333 0.5319149 0.5319149
3  0.4945055 0.5000000 0.5052632 0.4947368 0.5053763 0.5053763 0.5111111 0.4848485 0.4848485
4  0.4938272 0.4939759 0.4939759 0.4880952 0.4939759 0.4878049 0.4819277 0.4878049 0.4761905
5  0.4925373 0.4857143 0.5142857 0.5142857 0.5142857 0.5147059 0.5217391 0.5217391 0.5070423
6  0.5125000 0.5185185 0.5316456 0.5250000 0.5185185 0.5000000 0.5060241 0.5121951 0.5121951
7  0.5066667 0.5135135 0.5135135 0.5000000 0.5066667 0.5000000 0.5000000 0.4750000 0.4935065
8  0.5000000 0.5000000 0.5250000 0.5250000 0.5250000 0.5256410 0.5256410 0.5121951 0.5121951
9  0.4230769 0.4096386 0.4390244 0.4390244 0.4390244 0.4157303 0.4470588 0.4352941 0.4367816
10 0.4895833 0.4895833 0.4845361 0.4845361 0.4895833 0.4893617 0.4791667 0.4742268 0.4693878
          47        48        49        50
1  0.4096386 0.4096386 0.4146341 0.4096386
2  0.5434783 0.5376344 0.5208333 0.5263158
3  0.4752475 0.4757282 0.4660194 0.4660194
4  0.4705882 0.4651163 0.4597701 0.4597701
5  0.5000000 0.5074627 0.4927536 0.5000000
6  0.5000000 0.5000000 0.5000000 0.5060241
7  0.4810127 0.4871795 0.4935065 0.5066667
8  0.4827586 0.5060241 0.5058824 0.5058824
9  0.4302326 0.4285714 0.4235294 0.4235294
10 0.4791667 0.4742268 0.4791667 0.4842105

$`NAIVE BAYES`$`Mean Precisions`
        1         2         3         4         5         6         7         8         9 
0.0000000 0.5596382 0.5377408 0.5556156 0.5537459 0.5499581 0.5591227 0.5772438 0.5816791 
       10        11        12        13        14        15        16        17        18 
0.5618466 0.5574339 0.5442239 0.5419227 0.5432023 0.5302071 0.5161152 0.5141527 0.5076535 
       19        20        21        22        23        24        25        26        27 
0.5093327 0.5067790 0.5045309 0.5008523 0.5039613 0.5047569 0.5149391 0.5163107 0.5100404 
       28        29        30        31        32        33        34        35        36 
0.5041831 0.4984740 0.5001421 0.4936543 0.4931267 0.4940337 0.4924508 0.4923680 0.4907314 
       37        38        39        40        41        42        43        44        45 
0.4886967 0.4875089 0.4868118 0.4964592 0.4920526 0.4925942 0.4877175 0.4911223 0.4847719 
       46        47        48        49        50 
0.4833701 0.4772123 0.4791582 0.4756096 0.4788057 

$`NAIVE BAYES`$`St Dev Precisions`
         1          2          3          4          5          6          7          8 
0.00000000 0.09798876 0.08473443 0.07313973 0.04136355 0.04445409 0.04965718 0.04186080 
         9         10         11         12         13         14         15         16 
0.04032256 0.03766699 0.04063444 0.04436565 0.04171557 0.04223538 0.03775362 0.04008901 
        17         18         19         20         21         22         23         24 
0.04566237 0.04235335 0.04781338 0.05010395 0.05414424 0.05237005 0.05122023 0.05164559 
        25         26         27         28         29         30         31         32 
0.05323253 0.04388153 0.04400196 0.03868981 0.02919647 0.02974488 0.03538164 0.03822764 
        33         34         35         36         37         38         39         40 
0.03224128 0.02959175 0.03010278 0.03463092 0.03137016 0.03098298 0.03630453 0.03261499 
        41         42         43         44         45         46         47         48 
0.03416267 0.03586825 0.03938567 0.03538495 0.03797701 0.03732373 0.03696816 0.03810274 
        49         50 
0.03489126 0.03851586 

$`NAIVE BAYES`$`Micro Ave Precisions`
        1         2         3         4         5         6         7         8         9 
      NaN 0.5566219 0.5368782 0.5530179 0.5527950 0.5491924 0.5567322 0.5753846 0.5789474 
       10        11        12        13        14        15        16        17        18 
0.5603448 0.5561798 0.5439783 0.5405405 0.5415550 0.5299479 0.5160051 0.5134788 0.5082174 
       19        20        21        22        23        24        25        26        27 
0.5102041 0.5075949 0.5050251 0.5018727 0.5050125 0.5056747 0.5153846 0.5167959 0.5102564 
       28        29        30        31        32        33        34        35        36 
0.5050633 0.4993726 0.5012376 0.4950617 0.4944649 0.4956629 0.4938575 0.4938875 0.4920245 
       37        38        39        40        41        42        43        44        45 
0.4896468 0.4884848 0.4874851 0.4963942 0.4922156 0.4928058 0.4874851 0.4910180 0.4847059 
       46        47        48        49        50 
0.4830805 0.4774044 0.4790210 0.4756944 0.4785134 

$`NAIVE BAYES`$`Recalls per Fold`
   1         2         3         4         5         6         7         8         9        10
1  0 0.5121951 0.5365854 0.6585366 0.7804878 0.8536585 0.8536585 0.8048780 0.8780488 0.8780488
2  0 0.6250000 0.6785714 0.7321429 0.7857143 0.8035714 0.7500000 0.7857143 0.8392857 0.8571429
3  0 0.6666667 0.6666667 0.6666667 0.7254902 0.7450980 0.7647059 0.7647059 0.8039216 0.8039216
4  0 0.7045455 0.7500000 0.8409091 0.8409091 0.8636364 0.8636364 0.8636364 0.8863636 0.8863636
5  0 0.5531915 0.6170213 0.7021277 0.7021277 0.7234043 0.6595745 0.7234043 0.7234043 0.7659574
6  0 0.8181818 0.8181818 0.8863636 0.9090909 0.9090909 0.8863636 0.8863636 0.9090909 0.9090909
7  0 0.6500000 0.7250000 0.7500000 0.7750000 0.8750000 0.8750000 0.8500000 0.8500000 0.8750000
8  0 0.6888889 0.7555556 0.7777778 0.8000000 0.8222222 0.8000000 0.8222222 0.8222222 0.8222222
9  0 0.5128205 0.5897436 0.6410256 0.6410256 0.7179487 0.7435897 0.7948718 0.7948718 0.7948718
10 0 0.5660377 0.6603774 0.7169811 0.7735849 0.8301887 0.8301887 0.8490566 0.8679245 0.8867925
          11        12        13        14        15        16        17        18        19
1  0.8780488 0.8780488 0.8536585 0.8536585 0.8536585 0.8536585 0.8292683 0.8048780 0.8048780
2  0.8571429 0.8750000 0.8571429 0.8392857 0.8750000 0.8571429 0.8571429 0.8571429 0.8750000
3  0.8039216 0.8235294 0.8235294 0.8627451 0.8627451 0.8627451 0.8431373 0.8627451 0.8431373
4  0.8863636 0.9545455 0.9772727 0.9545455 0.9545455 0.9545455 0.9545455 0.9545455 0.9545455
5  0.7872340 0.7872340 0.7446809 0.7659574 0.7872340 0.7659574 0.7446809 0.7659574 0.7446809
6  0.8863636 0.8863636 0.8863636 0.9090909 0.9090909 0.8863636 0.8863636 0.8863636 0.8636364
7  0.9250000 0.9500000 0.9500000 0.9500000 0.9500000 0.9250000 0.9500000 0.9500000 0.9500000
8  0.9111111 0.9555556 0.9333333 0.9333333 0.9333333 0.9555556 0.9555556 0.9555556 0.9555556
9  0.7948718 0.7692308 0.7948718 0.7948718 0.7948718 0.7948718 0.8205128 0.8205128 0.8205128
10 0.8867925 0.8679245 0.8867925 0.9245283 0.9245283 0.9056604 0.8679245 0.8867925 0.8867925
          20        21        22        23        24        25        26        27        28
1  0.8292683 0.8292683 0.8048780 0.8048780 0.7804878 0.8048780 0.8048780 0.8292683 0.8292683
2  0.8571429 0.8571429 0.8571429 0.8571429 0.8571429 0.8571429 0.8571429 0.8571429 0.8571429
3  0.8431373 0.8627451 0.8627451 0.8627451 0.8627451 0.8627451 0.8823529 0.8823529 0.8823529
4  0.9545455 0.9545455 0.9545455 0.9545455 0.9318182 0.9318182 0.9318182 0.9090909 0.9318182
5  0.7446809 0.7446809 0.7446809 0.7446809 0.7446809 0.7446809 0.7446809 0.7234043 0.7234043
6  0.8636364 0.8863636 0.8863636 0.8863636 0.8863636 0.9090909 0.9090909 0.9090909 0.9090909
7  0.9750000 0.9500000 0.9500000 0.9750000 0.9250000 0.9250000 0.9000000 0.9000000 0.9000000
8  0.9555556 0.9555556 0.9555556 0.9555556 0.9555556 0.9555556 0.9333333 0.9333333 0.9333333
9  0.8205128 0.8205128 0.8205128 0.8205128 0.8717949 0.8717949 0.8974359 0.8974359 0.8974359
10 0.8867925 0.8867925 0.9056604 0.9056604 0.9056604 0.8867925 0.8490566 0.8301887 0.8301887
          29        30        31        32        33        34        35        36        37
1  0.8048780 0.8292683 0.8536585 0.8292683 0.8292683 0.8292683 0.8292683 0.8292683 0.8292683
2  0.8392857 0.8571429 0.8750000 0.8750000 0.8750000 0.8750000 0.8928571 0.8750000 0.8750000
3  0.8823529 0.8823529 0.8627451 0.8823529 0.8823529 0.8823529 0.8823529 0.8823529 0.8823529
4  0.9318182 0.9545455 0.9318182 0.9090909 0.8863636 0.9090909 0.9090909 0.9090909 0.9318182
5  0.7446809 0.7659574 0.7446809 0.7446809 0.7446809 0.7446809 0.7446809 0.7021277 0.7021277
6  0.9090909 0.9318182 0.9318182 0.9318182 0.9318182 0.9318182 0.9318182 0.9318182 0.9318182
7  0.9000000 0.9250000 0.9000000 0.9250000 0.9000000 0.9000000 0.9250000 0.9250000 0.9250000
8  0.9333333 0.9333333 0.9333333 0.9333333 0.9333333 0.9333333 0.9333333 0.9333333 0.9333333
9  0.8974359 0.8974359 0.8461538 0.8461538 0.8461538 0.8717949 0.8461538 0.8461538 0.8461538
10 0.8301887 0.8490566 0.8490566 0.8679245 0.8679245 0.8679245 0.8867925 0.8867925 0.8867925
          38        39        40        41        42        43        44        45        46
1  0.8292683 0.8292683 0.8292683 0.8048780 0.8048780 0.8048780 0.8048780 0.8048780 0.8292683
2  0.8928571 0.8750000 0.8750000 0.8750000 0.8750000 0.8928571 0.8928571 0.8928571 0.8928571
3  0.8823529 0.9411765 0.9411765 0.9215686 0.9215686 0.9215686 0.9019608 0.9411765 0.9411765
4  0.9090909 0.9318182 0.9318182 0.9318182 0.9318182 0.9090909 0.9090909 0.9090909 0.9090909
5  0.7021277 0.7234043 0.7659574 0.7659574 0.7659574 0.7446809 0.7659574 0.7659574 0.7659574
6  0.9318182 0.9545455 0.9545455 0.9545455 0.9545455 0.9545455 0.9545455 0.9545455 0.9545455
7  0.9500000 0.9500000 0.9500000 0.9500000 0.9500000 0.9500000 0.9500000 0.9500000 0.9500000
8  0.9333333 0.9333333 0.9333333 0.9333333 0.9333333 0.9111111 0.9111111 0.9333333 0.9333333
9  0.8461538 0.8717949 0.9230769 0.9230769 0.9230769 0.9487179 0.9743590 0.9487179 0.9743590
10 0.8867925 0.8867925 0.8867925 0.8867925 0.8867925 0.8679245 0.8679245 0.8679245 0.8679245
          47        48        49        50
1  0.8292683 0.8292683 0.8292683 0.8292683
2  0.8928571 0.8928571 0.8928571 0.8928571
3  0.9411765 0.9607843 0.9411765 0.9411765
4  0.9090909 0.9090909 0.9090909 0.9090909
5  0.7446809 0.7234043 0.7234043 0.7446809
6  0.9545455 0.9545455 0.9545455 0.9545455
7  0.9500000 0.9500000 0.9500000 0.9500000
8  0.9333333 0.9333333 0.9555556 0.9555556
9  0.9487179 0.9230769 0.9230769 0.9230769
10 0.8679245 0.8679245 0.8679245 0.8679245

$`NAIVE BAYES`$`Mean Recalls`
        1         2         3         4         5         6         7         8         9 
0.0000000 0.6297528 0.6797703 0.7372531 0.7733430 0.8143819 0.8026717 0.8144853 0.8375133 
       10        11        12        13        14        15        16        17        18 
0.8479412 0.8616850 0.8747432 0.8707646 0.8788017 0.8845007 0.8761501 0.8709131 0.8744493 
       19        20        21        22        23        24        25        26        27 
0.8698739 0.8730272 0.8747607 0.8742085 0.8767085 0.8721249 0.8749499 0.8709790 0.8671308 
       28        29        30        31        32        33        34        35        36 
0.8694035 0.8673065 0.8825911 0.8728265 0.8744623 0.8696896 0.8745264 0.8781348 0.8720938 
       37        38        39        40        41        42        43        44        45 
0.8743665 0.8763795 0.8897133 0.8990969 0.8946970 0.8946970 0.8905375 0.8932684 0.8968481 
       46        47        48        49        50 
0.9018513 0.8971595 0.8944285 0.8946900 0.8968176 

$`NAIVE BAYES`$`St Dev Recalls`
         1          2          3          4          5          6          7          8 
0.00000000 0.09649749 0.08496567 0.07950721 0.07362032 0.06617967 0.07264801 0.04963999 
         9         10         11         12         13         14         15         16 
0.05419935 0.04782514 0.04936503 0.06680712 0.07180487 0.06584319 0.06036637 0.06290024 
        17         18         19         20         21         22         23         24 
0.06817566 0.06578764 0.07018338 0.07182029 0.06767708 0.07058697 0.07393297 0.06633166 
        25         26         27         28         29         30         31         32 
0.06315610 0.05935405 0.06118273 0.06330008 0.06107148 0.05813142 0.05728198 0.05802402 
        33         34         35         36         37         38         39         40 
0.05488767 0.05538241 0.05832246 0.06929027 0.07099048 0.07204905 0.07150762 0.06109048 
        41         42         43         44         45         46         47         48 
0.06335989 0.06335989 0.06821261 0.06570703 0.06560319 0.06490137 0.06738289 0.07291907 
        49         50 
0.07292252 0.06747667 

$`NAIVE BAYES`$`Micro Ave Recalls`
        1         2         3         4         5         6         7         8         9 
      NaN 0.6304348 0.6804348 0.7369565 0.7739130 0.8130435 0.8000000 0.8130435 0.8369565 
       10        11        12        13        14        15        16        17        18 
0.8478261 0.8608696 0.8739130 0.8695652 0.8782609 0.8847826 0.8760870 0.8695652 0.8739130 
       19        20        21        22        23        24        25        26        27 
0.8695652 0.8717391 0.8739130 0.8739130 0.8760870 0.8717391 0.8739130 0.8695652 0.8652174 
       28        29        30        31        32        33        34        35        36 
0.8673913 0.8652174 0.8804348 0.8717391 0.8739130 0.8695652 0.8739130 0.8782609 0.8717391 
       37        38        39        40        41        42        43        44        45 
0.8739130 0.8760870 0.8891304 0.8978261 0.8934783 0.8934783 0.8891304 0.8913043 0.8956522 
       46        47        48        49        50 
0.9000000 0.8956522 0.8934783 0.8934783 0.8956522 

$`NAIVE BAYES`$`F1 Measure`
   1         2         3         4         5         6         7         8         9        10
1  0 0.4666667 0.4583333 0.5242718 0.6213592 0.6194690 0.6034483 0.6226415 0.6728972 0.6545455
2  0 0.6481481 0.6608696 0.6612903 0.6929134 0.7142857 0.6942149 0.7096774 0.7401575 0.7272727
3  0 0.6415094 0.5964912 0.6017699 0.6166667 0.6178862 0.6500000 0.6666667 0.6721311 0.6890756
4  0 0.6078431 0.6168224 0.6788991 0.6666667 0.6785714 0.6846847 0.6972477 0.6666667 0.6610169
5  0 0.5777778 0.5800000 0.6346154 0.6534653 0.6355140 0.6138614 0.6476190 0.6601942 0.6605505
6  0 0.7128713 0.6923077 0.7289720 0.6779661 0.6666667 0.6554622 0.6902655 0.6896552 0.6779661
7  0 0.6046512 0.6304348 0.6741573 0.6326531 0.6862745 0.7142857 0.7234043 0.7083333 0.7000000
8  0 0.6813187 0.7010309 0.7070707 0.6857143 0.6851852 0.6728972 0.6788991 0.6915888 0.6666667
9  0 0.4651163 0.4893617 0.5319149 0.5747126 0.5957447 0.6105263 0.6526316 0.6813187 0.6526316
10 0 0.4958678 0.5645161 0.5801527 0.6119403 0.6470588 0.6616541 0.6521739 0.6618705 0.6527778
          11        12        13        14        15        16        17        18        19
1  0.6428571 0.6486486 0.6481481 0.6542056 0.6422018 0.6363636 0.6071429 0.6000000 0.5840708
2  0.7272727 0.7259259 0.7111111 0.7014925 0.7000000 0.6956522 0.7007299 0.6956522 0.7153285
3  0.6949153 0.7000000 0.6942149 0.7096774 0.6821705 0.6875000 0.6666667 0.6616541 0.6564885
4  0.6724138 0.6885246 0.6991870 0.6885246 0.7058824 0.6774194 0.6942149 0.6942149 0.6885246
5  0.6434783 0.6379310 0.6194690 0.6260870 0.6434783 0.6153846 0.6086957 0.6000000 0.5833333
6  0.6782609 0.6724138 0.6782609 0.6896552 0.6722689 0.6446281 0.6610169 0.6341463 0.6178862
7  0.7184466 0.7169811 0.7169811 0.7238095 0.6972477 0.6727273 0.6846847 0.6785714 0.6846847
8  0.6833333 0.6666667 0.6511628 0.6412214 0.6461538 0.6466165 0.6466165 0.6515152 0.6771654
9  0.6458333 0.5940594 0.6138614 0.6138614 0.5849057 0.5740741 0.5714286 0.5663717 0.5765766
10 0.6482759 0.6433566 0.6308725 0.6490066 0.6447368 0.6315789 0.6092715 0.6308725 0.6308725
          20        21        22        23        24        25        26        27        28
1  0.5862069 0.5811966 0.5892857 0.5840708 0.5714286 0.5739130 0.6000000 0.6126126 0.6017699
2  0.7058824 0.7007299 0.6956522 0.6906475 0.7058824 0.7218045 0.7058824 0.7007299 0.6857143
3  0.6564885 0.6616541 0.6518519 0.6567164 0.6567164 0.6769231 0.6766917 0.6766917 0.6716418
4  0.6720000 0.6666667 0.6666667 0.6614173 0.6507937 0.6666667 0.6666667 0.6504065 0.6560000
5  0.5691057 0.5600000 0.5645161 0.5737705 0.5645161 0.5882353 0.5833333 0.5762712 0.5762712
6  0.6129032 0.6141732 0.6046512 0.6000000 0.6141732 0.6299213 0.6201550 0.6153846 0.6153846
7  0.7027027 0.7037037 0.6846847 0.7027027 0.6788991 0.6788991 0.6792453 0.6728972 0.6486486
8  0.6771654 0.6771654 0.6718750 0.6825397 0.6825397 0.6771654 0.6774194 0.6720000 0.6829268
9  0.5714286 0.5614035 0.5470085 0.5565217 0.5811966 0.5913043 0.6086957 0.5932203 0.5982906
10 0.6482759 0.6619718 0.6808511 0.6808511 0.6760563 0.6619718 0.6521739 0.6376812 0.6330935
          29        30        31        32        33        34        35        36        37
1  0.5945946 0.6071429 0.6086957 0.5913043 0.5862069 0.5913043 0.5862069 0.5714286 0.5666667
2  0.6666667 0.6760563 0.6805556 0.6805556 0.6666667 0.6666667 0.6711409 0.6666667 0.6533333
3  0.6521739 0.6428571 0.6330935 0.6338028 0.6428571 0.6428571 0.6474820 0.6474820 0.6293706
4  0.6507937 0.6562500 0.6456693 0.6299213 0.6240000 0.6299213 0.6299213 0.6349206 0.6507937
5  0.5982906 0.6000000 0.5882353 0.5882353 0.5982906 0.5932203 0.5982906 0.5840708 0.5789474
6  0.6201550 0.6507937 0.6560000 0.6721311 0.6666667 0.6560000 0.6560000 0.6612903 0.6612903
7  0.6428571 0.6379310 0.6153846 0.6218487 0.6153846 0.6260870 0.6379310 0.6324786 0.6491228
8  0.6614173 0.6666667 0.6666667 0.6666667 0.6614173 0.6666667 0.6614173 0.6614173 0.6614173
9  0.5982906 0.5932203 0.5641026 0.5641026 0.5789474 0.5811966 0.5739130 0.5689655 0.5739130
10 0.6330935 0.6428571 0.6382979 0.6478873 0.6524823 0.6388889 0.6394558 0.6394558 0.6351351
          38        39        40        41        42        43        44        45        46
1  0.5762712 0.5714286 0.5762712 0.5593220 0.5500000 0.5500000 0.5500000 0.5454545 0.5483871
2  0.6578947 0.6533333 0.6490066 0.6533333 0.6490066 0.6578947 0.6578947 0.6666667 0.6666667
3  0.6338028 0.6530612 0.6575342 0.6438356 0.6527778 0.6527778 0.6524823 0.6400000 0.6400000
4  0.6400000 0.6456693 0.6456693 0.6406250 0.6456693 0.6349206 0.6299213 0.6349206 0.6250000
5  0.5789474 0.5811966 0.6153846 0.6153846 0.6153846 0.6086957 0.6206897 0.6206897 0.6101695
6  0.6612903 0.6720000 0.6829268 0.6774194 0.6720000 0.6562500 0.6614173 0.6666667 0.6666667
7  0.6608696 0.6666667 0.6666667 0.6551724 0.6608696 0.6551724 0.6551724 0.6333333 0.6495726
8  0.6511628 0.6511628 0.6720000 0.6720000 0.6720000 0.6666667 0.6666667 0.6614173 0.6614173
9  0.5641026 0.5573770 0.5950413 0.5950413 0.5950413 0.5781250 0.6129032 0.5967742 0.6031746
10 0.6308725 0.6308725 0.6266667 0.6266667 0.6308725 0.6258503 0.6174497 0.6133333 0.6092715
          47        48        49        50
1  0.5483871 0.5483871 0.5528455 0.5483871
2  0.6756757 0.6711409 0.6578947 0.6622517
3  0.6315789 0.6363636 0.6233766 0.6233766
4  0.6201550 0.6153846 0.6106870 0.6106870
5  0.5982906 0.5964912 0.5862069 0.5982906
6  0.6562500 0.6562500 0.6562500 0.6614173
7  0.6386555 0.6440678 0.6495726 0.6608696
8  0.6363636 0.6562500 0.6615385 0.6615385
9  0.5920000 0.5853659 0.5806452 0.5806452
10 0.6174497 0.6133333 0.6174497 0.6216216

$`NAIVE BAYES`$`Mean F1 Measure`
        1         2         3         4         5         6         7         8         9 
0.0000000 0.5901770 0.5990168 0.6323114 0.6434058 0.6546656 0.6561035 0.6741227 0.6844813 
       10        11        12        13        14        15        16        17        18 
0.6742503 0.6755087 0.6694508 0.6663269 0.6697541 0.6619046 0.6481945 0.6450468 0.6412998 
       19        20        21        22        23        24        25        26        27 
0.6414931 0.6402159 0.6388665 0.6357043 0.6389238 0.6382202 0.6466804 0.6470263 0.6407895 
       28        29        30        31        32        33        34        35        36 
0.6369741 0.6318333 0.6373775 0.6296701 0.6296456 0.6292920 0.6292809 0.6301759 0.6268176 
       37        38        39        40        41        42        43        44        45 
0.6259990 0.6255214 0.6282768 0.6387167 0.6338800 0.6343622 0.6286353 0.6324597 0.6279256 
       46        47        48        49        50 
0.6280326 0.6214806 0.6223034 0.6196467 0.6229085 

$`NAIVE BAYES`$`St Dev F1 Measure`
         1          2          3          4          5          6          7          8 
0.00000000 0.08807883 0.08000997 0.07079243 0.03815636 0.03754773 0.03747485 0.03138107 
         9         10         11         12         13         14         15         16 
0.02463339 0.02459688 0.03107786 0.04021216 0.03849552 0.03769574 0.03704644 0.03690029 
        17         18         19         20         21         22         23         24 
0.04380744 0.04326595 0.05010060 0.05203978 0.05525672 0.05437775 0.05455357 0.05148062 
        25         26         27         28         29         30         31         32 
0.04855375 0.04106592 0.04062533 0.03813593 0.02740287 0.02830685 0.03598367 0.03895734 
        33         34         35         36         37         38         39         40 
0.03353437 0.03136032 0.03313663 0.03785939 0.03791592 0.03787152 0.04207882 0.03471856 
        41         42         43         44         45         46         47         48 
0.03618880 0.03837350 0.03877542 0.03515791 0.03709534 0.03704128 0.03579575 0.03798220 
        49         50 
0.03749659 0.03952642 

$`NAIVE BAYES`$`Micro Ave F1 Measure`
        1         2         3         4         5         6         7         8         9 
      NaN 0.5912334 0.6001918 0.6318733 0.6449275 0.6555653 0.6565566 0.6738739 0.6844444 
       10        11        12        13        14        15        16        17        18 
0.6747405 0.6757679 0.6705588 0.6666667 0.6699834 0.6628664 0.6494762 0.6456820 0.6426859 
       19        20        21        22        23        24        25        26        27 
0.6430868 0.6416000 0.6401274 0.6375892 0.6406995 0.6400638 0.6483871 0.6482982 0.6419355 
       28        29        30        31        32        33        34        35        36 
0.6384000 0.6332538 0.6388013 0.6314961 0.6315789 0.6314128 0.6310832 0.6322379 0.6290196 
       37        38        39        40        41        42        43        44        45 
0.6276347 0.6272374 0.6297152 0.6393189 0.6347490 0.6352396 0.6297152 0.6332046 0.6290076 
       46        47        48        49        50 
0.6287016 0.6228269 0.6236722 0.6208459 0.6237699 


$SVM
$SVM$`Accuracy per Fold`
   1         2         3         4         5         6         7         8         9        10
1  0 0.9500713 0.9486448 0.9657632 0.9629101 0.9657632 0.9629101 0.9671897 0.9657632 0.9671897
2  0 0.9477401 0.9548023 0.9618644 0.9646893 0.9675141 0.9675141 0.9717514 0.9759887 0.9759887
3  0 0.9434229 0.9420085 0.9533239 0.9561528 0.9660537 0.9702970 0.9702970 0.9717115 0.9745403
4  0 0.9562147 0.9590395 0.9632768 0.9675141 0.9717514 0.9731638 0.9717514 0.9689266 0.9759887
5  0 0.9392655 0.9449153 0.9604520 0.9618644 0.9618644 0.9675141 0.9703390 0.9675141 0.9689266
6  0 0.9561528 0.9688826 0.9717115 0.9773692 0.9816124 0.9830269 0.9816124 0.9844413 0.9830269
7  0 0.9590395 0.9646893 0.9731638 0.9788136 0.9816384 0.9872881 0.9872881 0.9872881 0.9858757
8  0 0.9632249 0.9674682 0.9717115 0.9717115 0.9787836 0.9773692 0.9844413 0.9858557 0.9858557
9  0 0.9533898 0.9632768 0.9646893 0.9675141 0.9675141 0.9717514 0.9717514 0.9717514 0.9717514
10 0 0.9400856 0.9400856 0.9586305 0.9586305 0.9586305 0.9529244 0.9486448 0.9557775 0.9586305
          11        12        13        14        15        16        17        18        19
1  0.9700428 0.9728959 0.9714693 0.9728959 0.9714693 0.9671897 0.9629101 0.9643367 0.9643367
2  0.9745763 0.9703390 0.9745763 0.9731638 0.9717514 0.9717514 0.9731638 0.9745763 0.9774011
3  0.9702970 0.9745403 0.9745403 0.9717115 0.9759547 0.9745403 0.9745403 0.9745403 0.9731259
4  0.9745763 0.9745763 0.9788136 0.9816384 0.9830508 0.9816384 0.9802260 0.9802260 0.9816384
5  0.9717514 0.9717514 0.9717514 0.9675141 0.9661017 0.9646893 0.9646893 0.9646893 0.9661017
6  0.9844413 0.9844413 0.9858557 0.9844413 0.9858557 0.9816124 0.9844413 0.9830269 0.9830269
7  0.9887006 0.9858757 0.9844633 0.9830508 0.9830508 0.9816384 0.9830508 0.9830508 0.9830508
8  0.9872702 0.9900990 0.9886846 0.9900990 0.9900990 0.9886846 0.9886846 0.9886846 0.9886846
9  0.9717514 0.9717514 0.9745763 0.9745763 0.9745763 0.9745763 0.9745763 0.9731638 0.9731638
10 0.9586305 0.9572040 0.9529244 0.9586305 0.9600571 0.9614836 0.9614836 0.9643367 0.9643367
          20        21        22        23        24        25        26        27        28
1  0.9671897 0.9657632 0.9686163 0.9714693 0.9714693 0.9686163 0.9686163 0.9714693 0.9700428
2  0.9774011 0.9774011 0.9774011 0.9759887 0.9759887 0.9759887 0.9774011 0.9745763 0.9731638
3  0.9717115 0.9731259 0.9731259 0.9731259 0.9759547 0.9759547 0.9731259 0.9759547 0.9773692
4  0.9830508 0.9830508 0.9830508 0.9830508 0.9830508 0.9830508 0.9830508 0.9802260 0.9802260
5  0.9646893 0.9661017 0.9675141 0.9675141 0.9675141 0.9675141 0.9675141 0.9675141 0.9689266
6  0.9844413 0.9830269 0.9844413 0.9844413 0.9858557 0.9844413 0.9858557 0.9872702 0.9858557
7  0.9830508 0.9816384 0.9830508 0.9816384 0.9816384 0.9844633 0.9858757 0.9858757 0.9858757
8  0.9900990 0.9915134 0.9886846 0.9886846 0.9886846 0.9886846 0.9886846 0.9900990 0.9886846
9  0.9731638 0.9745763 0.9759887 0.9745763 0.9745763 0.9731638 0.9745763 0.9759887 0.9759887
10 0.9629101 0.9614836 0.9614836 0.9657632 0.9671897 0.9671897 0.9686163 0.9671897 0.9657632
          29        30        31        32        33        34        35        36        37
1  0.9714693 0.9700428 0.9671897 0.9686163 0.9686163 0.9686163 0.9686163 0.9686163 0.9700428
2  0.9745763 0.9774011 0.9774011 0.9731638 0.9759887 0.9774011 0.9788136 0.9788136 0.9802260
3  0.9787836 0.9745403 0.9759547 0.9731259 0.9745403 0.9773692 0.9773692 0.9801980 0.9801980
4  0.9802260 0.9802260 0.9802260 0.9788136 0.9816384 0.9844633 0.9844633 0.9830508 0.9830508
5  0.9689266 0.9703390 0.9689266 0.9689266 0.9689266 0.9703390 0.9703390 0.9689266 0.9689266
6  0.9858557 0.9858557 0.9844413 0.9886846 0.9886846 0.9886846 0.9900990 0.9886846 0.9886846
7  0.9844633 0.9844633 0.9830508 0.9816384 0.9844633 0.9844633 0.9830508 0.9830508 0.9830508
8  0.9886846 0.9872702 0.9872702 0.9872702 0.9872702 0.9872702 0.9872702 0.9872702 0.9872702
9  0.9745763 0.9731638 0.9745763 0.9774011 0.9788136 0.9802260 0.9774011 0.9745763 0.9759887
10 0.9643367 0.9671897 0.9686163 0.9686163 0.9686163 0.9714693 0.9700428 0.9686163 0.9671897
          38        39        40        41        42        43        44        45        46
1  0.9700428 0.9686163 0.9686163 0.9686163 0.9671897 0.9671897 0.9671897 0.9671897 0.9671897
2  0.9802260 0.9802260 0.9802260 0.9788136 0.9802260 0.9816384 0.9816384 0.9830508 0.9830508
3  0.9801980 0.9773692 0.9773692 0.9773692 0.9787836 0.9787836 0.9787836 0.9787836 0.9773692
4  0.9830508 0.9830508 0.9844633 0.9844633 0.9830508 0.9830508 0.9816384 0.9844633 0.9816384
5  0.9661017 0.9675141 0.9675141 0.9646893 0.9632768 0.9632768 0.9646893 0.9661017 0.9661017
6  0.9886846 0.9900990 0.9915134 0.9900990 0.9886846 0.9886846 0.9886846 0.9900990 0.9900990
7  0.9844633 0.9858757 0.9844633 0.9844633 0.9844633 0.9830508 0.9830508 0.9830508 0.9830508
8  0.9872702 0.9858557 0.9858557 0.9858557 0.9858557 0.9858557 0.9858557 0.9844413 0.9844413
9  0.9759887 0.9759887 0.9759887 0.9774011 0.9759887 0.9759887 0.9759887 0.9759887 0.9759887
10 0.9686163 0.9700428 0.9686163 0.9671897 0.9671897 0.9671897 0.9671897 0.9671897 0.9643367
          47        48        49        50
1  0.9686163 0.9714693 0.9714693 0.9714693
2  0.9830508 0.9830508 0.9830508 0.9830508
3  0.9773692 0.9773692 0.9773692 0.9773692
4  0.9802260 0.9816384 0.9816384 0.9816384
5  0.9646893 0.9646893 0.9632768 0.9632768
6  0.9900990 0.9900990 0.9900990 0.9900990
7  0.9844633 0.9844633 0.9844633 0.9844633
8  0.9858557 0.9858557 0.9858557 0.9872702
9  0.9759887 0.9759887 0.9774011 0.9774011
10 0.9686163 0.9686163 0.9686163 0.9700428

$SVM$`Mean Accuracy`
        1         2         3         4         5         6         7         8         9 
0.0000000 0.9508607 0.9553813 0.9644587 0.9667170 0.9701126 0.9713759 0.9725067 0.9735018 
       10        11        12        13        14        15        16        17        18 
0.9747774 0.9752038 0.9753474 0.9757655 0.9757722 0.9761967 0.9747804 0.9747766 0.9750631 
       19        20        21        22        23        24        25        26        27 
0.9754867 0.9757708 0.9757681 0.9763357 0.9766253 0.9771922 0.9769067 0.9773317 0.9776164 
       28        29        30        31        32        33        34        35        36 
0.9771896 0.9771898 0.9770492 0.9767653 0.9766257 0.9777558 0.9790302 0.9787465 0.9781803 
       37        38        39        40        41        42        43        44        45 
0.9784628 0.9784642 0.9784638 0.9784626 0.9778960 0.9774709 0.9774709 0.9774709 0.9780359 
       46        47        48        49        50 
0.9773266 0.9778975 0.9783240 0.9783240 0.9786081 

$SVM$`St Dev Accuracy`
          1           2           3           4           5           6           7           8 
0.000000000 0.008158615 0.010846315 0.006367204 0.007491897 0.008108495 0.009839373 0.010815596 
          9          10          11          12          13          14          15          16 
0.010031243 0.008683506 0.009208102 0.009419483 0.010078983 0.009206468 0.009355448 0.008689690 
         17          18          19          20          21          22          23          24 
0.009469048 0.008700402 0.008676004 0.009275044 0.009408965 0.008679065 0.007581906 0.007434998 
         25          26          27          28          29          30          31          32 
0.007870271 0.008033570 0.008077730 0.007884606 0.007829855 0.007148610 0.007040793 0.007461372 
         33          34          35          36          37          38          39          40 
0.007671194 0.007212162 0.007494555 0.007648127 0.007639912 0.007972166 0.007917691 0.008307922 
         41          42          43          44          45          46          47          48 
0.008660568 0.008822120 0.008771724 0.008436821 0.008567461 0.008801289 0.008419299 0.008164251 
         49          50 
0.008405053 0.008384125 

$SVM$`Precisions per Fold`
   1         2         3         4         5         6         7         8         9        10
1  0 0.6000000 0.5806452 0.7575758 0.7142857 0.7179487 0.7027027 0.7500000 0.7428571 0.7500000
2  0 0.8275862 0.9285714 0.8918919 0.9189189 0.9459459 0.9230769 0.9285714 0.9333333 0.9534884
3  0 0.6896552 0.6388889 0.7142857 0.7272727 0.8000000 0.8125000 0.8260870 0.8444444 0.8837209
4  0 0.7096774 0.7272727 0.7500000 0.7692308 0.8157895 0.8048780 0.8157895 0.7894737 0.8292683
5  0 0.5769231 0.6538462 0.8064516 0.8333333 0.8333333 0.9000000 0.9062500 0.9000000 0.8787879
6  0 0.6969697 0.7894737 0.8333333 0.8333333 0.8444444 0.8636364 0.8604651 0.8837209 0.8636364
7  0 0.6896552 0.7272727 0.8387097 0.9310345 0.9090909 0.9428571 0.9428571 0.8974359 0.8750000
8  0 0.8275862 0.8666667 0.8378378 0.8378378 0.8947368 0.8717949 0.9473684 0.9487179 0.9268293
9  0 0.6250000 0.7826087 0.7333333 0.7666667 0.7666667 0.8064516 0.8800000 0.8518519 0.8800000
10 0 0.6774194 0.6896552 0.7857143 0.7857143 0.7857143 0.7380952 0.6976744 0.7750000 0.8157895
          11        12        13        14        15        16        17        18        19
1  0.7631579 0.7894737 0.7692308 0.7894737 0.7837838 0.7250000 0.6829268 0.7000000 0.7000000
2  0.9523810 0.8888889 0.9130435 0.8936170 0.8913043 0.8913043 0.8775510 0.8800000 0.9000000
3  0.8571429 0.8510638 0.8510638 0.8297872 0.8695652 0.8666667 0.8666667 0.8666667 0.8636364
4  0.7954545 0.7954545 0.8222222 0.8604651 0.8809524 0.8604651 0.8571429 0.8571429 0.8297872
5  0.9090909 0.9354839 0.9354839 0.8750000 0.8484848 0.8437500 0.8437500 0.8437500 0.8484848
6  0.8837209 0.8837209 0.9047619 0.8837209 0.8863636 0.8297872 0.8510638 0.8478261 0.8478261
7  0.9210526 0.9166667 0.9142857 0.8888889 0.8888889 0.8857143 0.9117647 0.9117647 0.9117647
8  0.9285714 0.9523810 0.9302326 0.9318182 0.8958333 0.8627451 0.8627451 0.8627451 0.8775510
9  0.8275862 0.8275862 0.8620690 0.8620690 0.8620690 0.8620690 0.8387097 0.8125000 0.8125000
10 0.7727273 0.7674419 0.7272727 0.7727273 0.7777778 0.7708333 0.7708333 0.7916667 0.7800000
          20        21        22        23        24        25        26        27        28
1  0.7250000 0.7179487 0.7435897 0.7692308 0.7692308 0.7317073 0.7317073 0.7692308 0.7631579
2  0.9000000 0.9000000 0.9000000 0.8979592 0.8979592 0.8979592 0.9000000 0.8800000 0.8775510
3  0.8444444 0.8478261 0.8478261 0.8478261 0.8695652 0.8695652 0.8636364 0.8695652 0.8888889
4  0.8478261 0.8478261 0.8333333 0.8333333 0.8333333 0.8478261 0.8478261 0.8409091 0.8409091
5  0.8055556 0.8285714 0.8333333 0.8333333 0.8333333 0.8333333 0.8333333 0.8333333 0.8205128
6  0.8666667 0.8478261 0.8666667 0.8666667 0.8863636 0.8837209 0.9047619 0.9069767 0.8863636
7  0.9117647 0.8857143 0.8888889 0.8648649 0.8648649 0.8918919 0.9166667 0.9166667 0.9166667
8  0.8958333 0.9148936 0.8936170 0.8936170 0.9111111 0.9111111 0.9111111 0.9130435 0.8936170
9  0.8125000 0.8181818 0.8235294 0.8000000 0.8000000 0.7941176 0.8000000 0.8235294 0.8235294
10 0.7647059 0.7500000 0.7600000 0.7959184 0.8000000 0.8000000 0.8163265 0.8000000 0.7959184
          29        30        31        32        33        34        35        36        37
1  0.7692308 0.7631579 0.7368421 0.7435897 0.7435897 0.7435897 0.7317073 0.7317073 0.7380952
2  0.8958333 0.9000000 0.9000000 0.8490566 0.8679245 0.8703704 0.8727273 0.8727273 0.8888889
3  0.9090909 0.9024390 0.9047619 0.8809524 0.8837209 0.9069767 0.9069767 0.9111111 0.9111111
4  0.8409091 0.8409091 0.8409091 0.8222222 0.8297872 0.8666667 0.8666667 0.8478261 0.8333333
5  0.8205128 0.8421053 0.8378378 0.8378378 0.8378378 0.8421053 0.8421053 0.8378378 0.8378378
6  0.8863636 0.8863636 0.8666667 0.8913043 0.8750000 0.8750000 0.8936170 0.8913043 0.8913043
7  0.9142857 0.8918919 0.8684211 0.8648649 0.8918919 0.8918919 0.8888889 0.8888889 0.8888889
8  0.8936170 0.8913043 0.8913043 0.8913043 0.8913043 0.8913043 0.8913043 0.8913043 0.8913043
9  0.8181818 0.7941176 0.8000000 0.8108108 0.8333333 0.8571429 0.8285714 0.8181818 0.8235294
10 0.7800000 0.8000000 0.7924528 0.7818182 0.7818182 0.8000000 0.7857143 0.7818182 0.7678571
          38        39        40        41        42        43        44        45        46
1  0.7380952 0.7209302 0.7209302 0.7209302 0.7142857 0.7142857 0.7142857 0.7142857 0.7142857
2  0.8888889 0.8888889 0.8888889 0.8727273 0.8888889 0.9056604 0.9056604 0.9230769 0.9400000
3  0.9111111 0.8723404 0.8723404 0.8723404 0.8600000 0.8600000 0.8600000 0.8600000 0.8431373
4  0.8333333 0.8333333 0.8510638 0.8510638 0.8333333 0.8333333 0.8163265 0.8510638 0.8163265
5  0.7948718 0.8157895 0.8157895 0.8055556 0.7837838 0.7837838 0.8055556 0.8108108 0.8108108
6  0.8913043 0.8936170 0.9130435 0.8936170 0.8750000 0.8750000 0.8750000 0.8936170 0.8936170
7  0.8918919 0.8947368 0.8717949 0.8717949 0.8717949 0.8684211 0.8684211 0.8684211 0.8684211
8  0.8913043 0.8723404 0.8723404 0.8723404 0.8723404 0.8723404 0.8723404 0.8695652 0.8695652
9  0.8235294 0.8235294 0.8235294 0.8285714 0.8235294 0.8235294 0.8235294 0.8235294 0.8235294
10 0.7719298 0.7758621 0.7719298 0.7586207 0.7678571 0.7678571 0.7678571 0.7678571 0.7500000
          47        48        49        50
1  0.7209302 0.7560976 0.7560976 0.7560976
2  0.9400000 0.9400000 0.9400000 0.9400000
3  0.8431373 0.8301887 0.8301887 0.8301887
4  0.8000000 0.8163265 0.8163265 0.8163265
5  0.7894737 0.7894737 0.7837838 0.7837838
6  0.8936170 0.8936170 0.8936170 0.8936170
7  0.8717949 0.8717949 0.8717949 0.8717949
8  0.8888889 0.8888889 0.8888889 0.8913043
9  0.8235294 0.8235294 0.8285714 0.8285714
10 0.7818182 0.7818182 0.7818182 0.7857143

$SVM$`Mean Precisions`
        1         2         3         4         5         6         7         8         9 
0.0000000 0.6920472 0.7384901 0.7949133 0.8117628 0.8313671 0.8365993 0.8555063 0.8566835 
       10        11        12        13        14        15        16        17        18 
0.8656521 0.8610886 0.8608161 0.8629666 0.8587567 0.8585023 0.8398335 0.8363154 0.8374062 
       19        20        21        22        23        24        25        26        27 
0.8371550 0.8374297 0.8358788 0.8390784 0.8402750 0.8465761 0.8461233 0.8525369 0.8553255 
       28        29        30        31        32        33        34        35        36 
0.8507115 0.8528025 0.8512289 0.8439196 0.8373761 0.8436208 0.8545048 0.8508279 0.8472707 
       37        38        39        40        41        42        43        44        45 
0.8472151 0.8436260 0.8391368 0.8401651 0.8347562 0.8290814 0.8304211 0.8308976 0.8382227 
       46        47        48        49        50 
0.8329693 0.8353190 0.8391735 0.8391087 0.8397399 

$SVM$`St Dev Precisions`
         1          2          3          4          5          6          7          8 
0.00000000 0.08401303 0.10632364 0.05633583 0.07339404 0.06969818 0.07809235 0.08372720 
         9         10         11         12         13         14         15         16 
0.06906725 0.05719331 0.06843026 0.06469703 0.07123785 0.04876536 0.04347151 0.05268708 
        17         18         19         20         21         22         23         24 
0.06458497 0.05866373 0.06221092 0.06094666 0.06228600 0.05342064 0.04251049 0.04704929 
        25         26         27         28         29         30         31         32 
0.05682105 0.05935677 0.05027618 0.04950281 0.05401595 0.05091104 0.05405682 0.04879162 
        33         34         35         36         37         38         39         40 
0.04937789 0.04916934 0.05557974 0.05667452 0.05820492 0.06022447 0.05728927 0.05832754 
        41         42         43         44         45         46         47         48 
0.05677758 0.05712018 0.05902641 0.05772369 0.06153698 0.06638271 0.06502432 0.05790281 
        49         50 
0.05834780 0.05816766 

$SVM$`Micro Ave Precisions`
        1         2         3         4         5         6         7         8         9 
      NaN 0.6941581 0.7361564 0.7943662 0.8082192 0.8302387 0.8341969 0.8518519 0.8582677 
       10        11        12        13        14        15        16        17        18 
0.8671875 0.8607595 0.8592965 0.8603491 0.8585608 0.8596059 0.8389423 0.8357143 0.8380952 
       19        20        21        22        23        24        25        26        27 
0.8376471 0.8384075 0.8368298 0.8399072 0.8422274 0.8484848 0.8477752 0.8537736 0.8561321 
       28        29        30        31        32        33        34        35        36 
0.8517647 0.8534279 0.8530806 0.8457944 0.8375286 0.8435374 0.8545455 0.8506787 0.8477273 
       37        38        39        40        41        42        43        44        45 
0.8468468 0.8437500 0.8392070 0.8407080 0.8348018 0.8307692 0.8322296 0.8322296 0.8396437 
       46        47        48        49        50 
0.8333333 0.8362832 0.8403548 0.8403548 0.8410596 

$SVM$`Recalls per Fold`
   1         2         3         4         5         6         7         8         9        10
1  0 0.4390244 0.4390244 0.6097561 0.6097561 0.6829268 0.6341463 0.6585366 0.6341463 0.6585366
2  0 0.4285714 0.4642857 0.5892857 0.6071429 0.6250000 0.6428571 0.6964286 0.7500000 0.7321429
3  0 0.3921569 0.4509804 0.5882353 0.6274510 0.7058824 0.7647059 0.7450980 0.7450980 0.7450980
4  0 0.5000000 0.5454545 0.6136364 0.6818182 0.7045455 0.7500000 0.7045455 0.6818182 0.7727273
5  0 0.3191489 0.3617021 0.5319149 0.5319149 0.5319149 0.5744681 0.6170213 0.5744681 0.6170213
6  0 0.5227273 0.6818182 0.6818182 0.7954545 0.8636364 0.8636364 0.8409091 0.8636364 0.8636364
7  0 0.5000000 0.6000000 0.6500000 0.6750000 0.7500000 0.8250000 0.8250000 0.8750000 0.8750000
8  0 0.5333333 0.5777778 0.6888889 0.6888889 0.7555556 0.7555556 0.8000000 0.8222222 0.8444444
9  0 0.3846154 0.4615385 0.5641026 0.5897436 0.5897436 0.6410256 0.5641026 0.5897436 0.5641026
10 0 0.3962264 0.3773585 0.6226415 0.6226415 0.6226415 0.5849057 0.5660377 0.5849057 0.5849057
          11        12        13        14        15        16        17        18        19
1  0.7073171 0.7317073 0.7317073 0.7317073 0.7073171 0.7073171 0.6829268 0.6829268 0.6829268
2  0.7142857 0.7142857 0.7500000 0.7500000 0.7321429 0.7321429 0.7678571 0.7857143 0.8035714
3  0.7058824 0.7843137 0.7843137 0.7647059 0.7843137 0.7647059 0.7647059 0.7647059 0.7450980
4  0.7954545 0.7954545 0.8409091 0.8409091 0.8409091 0.8409091 0.8181818 0.8181818 0.8863636
5  0.6382979 0.6170213 0.6170213 0.5957447 0.5957447 0.5744681 0.5744681 0.5744681 0.5957447
6  0.8636364 0.8636364 0.8636364 0.8636364 0.8863636 0.8863636 0.9090909 0.8863636 0.8863636
7  0.8750000 0.8250000 0.8000000 0.8000000 0.8000000 0.7750000 0.7750000 0.7750000 0.7750000
8  0.8666667 0.8888889 0.8888889 0.9111111 0.9555556 0.9777778 0.9777778 0.9777778 0.9555556
9  0.6153846 0.6153846 0.6410256 0.6410256 0.6410256 0.6410256 0.6666667 0.6666667 0.6666667
10 0.6415094 0.6226415 0.6037736 0.6415094 0.6603774 0.6981132 0.6981132 0.7169811 0.7358491
          20        21        22        23        24        25        26        27        28
1  0.7073171 0.6829268 0.7073171 0.7317073 0.7317073 0.7317073 0.7317073 0.7317073 0.7073171
2  0.8035714 0.8035714 0.8035714 0.7857143 0.7857143 0.7857143 0.8035714 0.7857143 0.7678571
3  0.7450980 0.7647059 0.7647059 0.7647059 0.7843137 0.7843137 0.7450980 0.7843137 0.7843137
4  0.8863636 0.8863636 0.9090909 0.9090909 0.9090909 0.8863636 0.8863636 0.8409091 0.8409091
5  0.6170213 0.6170213 0.6382979 0.6382979 0.6382979 0.6382979 0.6382979 0.6382979 0.6808511
6  0.8863636 0.8863636 0.8863636 0.8863636 0.8863636 0.8636364 0.8636364 0.8863636 0.8863636
7  0.7750000 0.7750000 0.8000000 0.8000000 0.8000000 0.8250000 0.8250000 0.8250000 0.8250000
8  0.9555556 0.9555556 0.9333333 0.9333333 0.9111111 0.9111111 0.9111111 0.9333333 0.9333333
9  0.6666667 0.6923077 0.7179487 0.7179487 0.7179487 0.6923077 0.7179487 0.7179487 0.7179487
10 0.7358491 0.7358491 0.7169811 0.7358491 0.7547170 0.7547170 0.7547170 0.7547170 0.7358491
          29        30        31        32        33        34        35        36        37
1  0.7317073 0.7073171 0.6829268 0.7073171 0.7073171 0.7073171 0.7317073 0.7317073 0.7560976
2  0.7678571 0.8035714 0.8035714 0.8035714 0.8214286 0.8392857 0.8571429 0.8571429 0.8571429
3  0.7843137 0.7254902 0.7450980 0.7254902 0.7450980 0.7647059 0.7647059 0.8039216 0.8039216
4  0.8409091 0.8409091 0.8409091 0.8409091 0.8863636 0.8863636 0.8863636 0.8863636 0.9090909
5  0.6808511 0.6808511 0.6595745 0.6595745 0.6595745 0.6808511 0.6808511 0.6595745 0.6595745
6  0.8863636 0.8863636 0.8863636 0.9318182 0.9545455 0.9545455 0.9545455 0.9318182 0.9318182
7  0.8000000 0.8250000 0.8250000 0.8000000 0.8250000 0.8250000 0.8000000 0.8000000 0.8000000
8  0.9333333 0.9111111 0.9111111 0.9111111 0.9111111 0.9111111 0.9111111 0.9111111 0.9111111
9  0.6923077 0.6923077 0.7179487 0.7692308 0.7692308 0.7692308 0.7435897 0.6923077 0.7179487
10 0.7358491 0.7547170 0.7924528 0.8113208 0.8113208 0.8301887 0.8301887 0.8113208 0.8113208
          38        39        40        41        42        43        44        45        46
1  0.7560976 0.7560976 0.7560976 0.7560976 0.7317073 0.7317073 0.7317073 0.7317073 0.7317073
2  0.8571429 0.8571429 0.8571429 0.8571429 0.8571429 0.8571429 0.8571429 0.8571429 0.8392857
3  0.8039216 0.8039216 0.8039216 0.8039216 0.8431373 0.8431373 0.8431373 0.8431373 0.8431373
4  0.9090909 0.9090909 0.9090909 0.9090909 0.9090909 0.9090909 0.9090909 0.9090909 0.9090909
5  0.6595745 0.6595745 0.6595745 0.6170213 0.6170213 0.6170213 0.6170213 0.6382979 0.6382979
6  0.9318182 0.9545455 0.9545455 0.9545455 0.9545455 0.9545455 0.9545455 0.9545455 0.9545455
7  0.8250000 0.8500000 0.8500000 0.8500000 0.8500000 0.8250000 0.8250000 0.8250000 0.8250000
8  0.9111111 0.9111111 0.9111111 0.9111111 0.9111111 0.9111111 0.9111111 0.8888889 0.8888889
9  0.7179487 0.7179487 0.7179487 0.7435897 0.7179487 0.7179487 0.7179487 0.7179487 0.7179487
10 0.8301887 0.8490566 0.8301887 0.8301887 0.8113208 0.8113208 0.8113208 0.8113208 0.7924528
          47        48        49        50
1  0.7560976 0.7560976 0.7560976 0.7560976
2  0.8392857 0.8392857 0.8392857 0.8392857
3  0.8431373 0.8627451 0.8627451 0.8627451
4  0.9090909 0.9090909 0.9090909 0.9090909
5  0.6382979 0.6382979 0.6170213 0.6170213
6  0.9545455 0.9545455 0.9545455 0.9545455
7  0.8500000 0.8500000 0.8500000 0.8500000
8  0.8888889 0.8888889 0.8888889 0.9111111
9  0.7179487 0.7179487 0.7435897 0.7435897
10 0.8113208 0.8113208 0.8113208 0.8301887

$SVM$`Mean Recalls`
        1         2         3         4         5         6         7         8         9 
0.0000000 0.4415804 0.4959940 0.6140280 0.6429812 0.6831847 0.7036301 0.7017679 0.7121038 
       10        11        12        13        14        15        16        17        18 
0.7257615 0.7423435 0.7458334 0.7521276 0.7540350 0.7603750 0.7597823 0.7634788 0.7648786 
       19        20        21        22        23        24        25        26        27 
0.7733140 0.7778806 0.7799665 0.7877610 0.7903011 0.7919265 0.7873169 0.7877451 0.7898305 
       28        29        30        31        32        33        34        35        36 
0.7879743 0.7853492 0.7827638 0.7864956 0.7960343 0.8090990 0.8168599 0.8160206 0.8085268 
       37        38        39        40        41        42        43        44        45 
0.8158026 0.8201894 0.8268489 0.8249621 0.8232709 0.8203026 0.8178026 0.8178026 0.8177080 
       46        47        48        49        50 
0.8140355 0.8208613 0.8228221 0.8232585 0.8273676 

$SVM$`St Dev Recalls`
         1          2          3          4          5          6          7          8 
0.00000000 0.07050534 0.10222843 0.04955221 0.07157149 0.09539444 0.10117549 0.10139858 
         9         10         11         12         13         14         15         16 
0.11606400 0.11561683 0.10057711 0.10248753 0.10294309 0.10406348 0.11428846 0.11839029 
        17         18         19         20         21         22         23         24 
0.11838341 0.11468532 0.11203417 0.10637390 0.10534874 0.09733107 0.09387082 0.08888065 
        25         26         27         28         29         30         31         32 
0.08678206 0.08537404 0.08598798 0.08232888 0.08206780 0.08241581 0.08401127 0.08575600 
        33         34         35         36         37         38         39         40 
0.09210110 0.08749909 0.08729699 0.09179871 0.08876519 0.08865829 0.09278922 0.09247878 
        41         42         43         44         45         46         47         48 
0.09888166 0.10362361 0.10312791 0.10312791 0.09659411 0.09623261 0.09438348 0.09509864 
        49         50 
0.09716881 0.09895195 

$SVM$`Micro Ave Recalls`
        1         2         3         4         5         6         7         8         9 
      NaN 0.4391304 0.4913043 0.6130435 0.6413043 0.6804348 0.7000000 0.7000000 0.7108696 
       10        11        12        13        14        15        16        17        18 
0.7239130 0.7391304 0.7434783 0.7500000 0.7521739 0.7586957 0.7586957 0.7630435 0.7652174 
       19        20        21        22        23        24        25        26        27 
0.7739130 0.7782609 0.7804348 0.7869565 0.7891304 0.7913043 0.7869565 0.7869565 0.7891304 
       28        29        30        31        32        33        34        35        36 
0.7869565 0.7847826 0.7826087 0.7869565 0.7956522 0.8086957 0.8173913 0.8173913 0.8108696 
       37        38        39        40        41        42        43        44        45 
0.8173913 0.8217391 0.8282609 0.8260870 0.8239130 0.8217391 0.8195652 0.8195652 0.8195652 
       46        47        48        49        50 
0.8152174 0.8217391 0.8239130 0.8239130 0.8282609 

$SVM$`F1 Measure`
   1         2         3         4         5         6         7         8         9        10
1  0 0.5070423 0.5000000 0.6756757 0.6578947 0.7000000 0.6666667 0.7012987 0.6842105 0.7012987
2  0 0.5647059 0.6190476 0.7096774 0.7311828 0.7526882 0.7578947 0.7959184 0.8316832 0.8282828
3  0 0.5000000 0.5287356 0.6451613 0.6736842 0.7500000 0.7878788 0.7835052 0.7916667 0.8085106
4  0 0.5866667 0.6233766 0.6750000 0.7228916 0.7560976 0.7764706 0.7560976 0.7317073 0.8000000
5  0 0.4109589 0.4657534 0.6410256 0.6493506 0.6493506 0.7012987 0.7341772 0.7012987 0.7250000
6  0 0.5974026 0.7317073 0.7500000 0.8139535 0.8539326 0.8636364 0.8505747 0.8735632 0.8636364
7  0 0.5797101 0.6575342 0.7323944 0.7826087 0.8219178 0.8800000 0.8800000 0.8860759 0.8750000
8  0 0.6486486 0.6933333 0.7560976 0.7560976 0.8192771 0.8095238 0.8674699 0.8809524 0.8837209
9  0 0.4761905 0.5806452 0.6376812 0.6666667 0.6666667 0.7142857 0.6875000 0.6969697 0.6875000
10 0 0.5000000 0.4878049 0.6947368 0.6947368 0.6947368 0.6526316 0.6250000 0.6666667 0.6813187
          11        12        13        14        15        16        17        18        19
1  0.7341772 0.7594937 0.7500000 0.7594937 0.7435897 0.7160494 0.6829268 0.6913580 0.6913580
2  0.8163265 0.7920792 0.8235294 0.8155340 0.8039216 0.8039216 0.8190476 0.8301887 0.8490566
3  0.7741935 0.8163265 0.8163265 0.7959184 0.8247423 0.8125000 0.8125000 0.8125000 0.8000000
4  0.7954545 0.7954545 0.8314607 0.8505747 0.8604651 0.8505747 0.8372093 0.8372093 0.8571429
5  0.7500000 0.7435897 0.7435897 0.7088608 0.7000000 0.6835443 0.6835443 0.6835443 0.7000000
6  0.8735632 0.8735632 0.8837209 0.8735632 0.8863636 0.8571429 0.8791209 0.8666667 0.8666667
7  0.8974359 0.8684211 0.8533333 0.8421053 0.8421053 0.8266667 0.8378378 0.8378378 0.8378378
8  0.8965517 0.9195402 0.9090909 0.9213483 0.9247312 0.9166667 0.9166667 0.9166667 0.9148936
9  0.7058824 0.7058824 0.7352941 0.7352941 0.7352941 0.7352941 0.7428571 0.7323944 0.7323944
10 0.7010309 0.6875000 0.6597938 0.7010309 0.7142857 0.7326733 0.7326733 0.7524752 0.7572816
          20        21        22        23        24        25        26        27        28
1  0.7160494 0.7000000 0.7250000 0.7500000 0.7500000 0.7317073 0.7317073 0.7500000 0.7341772
2  0.8490566 0.8490566 0.8490566 0.8380952 0.8380952 0.8380952 0.8490566 0.8301887 0.8190476
3  0.7916667 0.8041237 0.8041237 0.8041237 0.8247423 0.8247423 0.8000000 0.8247423 0.8333333
4  0.8666667 0.8666667 0.8695652 0.8695652 0.8695652 0.8666667 0.8666667 0.8409091 0.8409091
5  0.6987952 0.7073171 0.7228916 0.7228916 0.7228916 0.7228916 0.7228916 0.7228916 0.7441860
6  0.8764045 0.8666667 0.8764045 0.8764045 0.8863636 0.8735632 0.8837209 0.8965517 0.8863636
7  0.8378378 0.8266667 0.8421053 0.8311688 0.8311688 0.8571429 0.8684211 0.8684211 0.8684211
8  0.9247312 0.9347826 0.9130435 0.9130435 0.9111111 0.9111111 0.9111111 0.9230769 0.9130435
9  0.7323944 0.7500000 0.7671233 0.7567568 0.7567568 0.7397260 0.7567568 0.7671233 0.7671233
10 0.7500000 0.7428571 0.7378641 0.7647059 0.7766990 0.7766990 0.7843137 0.7766990 0.7647059
          29        30        31        32        33        34        35        36        37
1  0.7500000 0.7341772 0.7088608 0.7250000 0.7250000 0.7250000 0.7317073 0.7317073 0.7469880
2  0.8269231 0.8490566 0.8490566 0.8256881 0.8440367 0.8545455 0.8648649 0.8648649 0.8727273
3  0.8421053 0.8043478 0.8172043 0.7956989 0.8085106 0.8297872 0.8297872 0.8541667 0.8541667
4  0.8409091 0.8409091 0.8409091 0.8314607 0.8571429 0.8764045 0.8764045 0.8666667 0.8695652
5  0.7441860 0.7529412 0.7380952 0.7380952 0.7380952 0.7529412 0.7529412 0.7380952 0.7380952
6  0.8863636 0.8863636 0.8764045 0.9111111 0.9130435 0.9130435 0.9230769 0.9111111 0.9111111
7  0.8533333 0.8571429 0.8461538 0.8311688 0.8571429 0.8571429 0.8421053 0.8421053 0.8421053
8  0.9130435 0.9010989 0.9010989 0.9010989 0.9010989 0.9010989 0.9010989 0.9010989 0.9010989
9  0.7500000 0.7397260 0.7567568 0.7894737 0.8000000 0.8108108 0.7837838 0.7500000 0.7671233
10 0.7572816 0.7766990 0.7924528 0.7962963 0.7962963 0.8148148 0.8073394 0.7962963 0.7889908
          38        39        40        41        42        43        44        45        46
1  0.7469880 0.7380952 0.7380952 0.7380952 0.7228916 0.7228916 0.7228916 0.7228916 0.7228916
2  0.8727273 0.8727273 0.8727273 0.8648649 0.8727273 0.8807339 0.8807339 0.8888889 0.8867925
3  0.8541667 0.8367347 0.8367347 0.8367347 0.8514851 0.8514851 0.8514851 0.8514851 0.8431373
4  0.8695652 0.8695652 0.8791209 0.8791209 0.8695652 0.8695652 0.8602151 0.8791209 0.8602151
5  0.7209302 0.7294118 0.7294118 0.6987952 0.6904762 0.6904762 0.6987952 0.7142857 0.7142857
6  0.9111111 0.9230769 0.9333333 0.9230769 0.9130435 0.9130435 0.9130435 0.9230769 0.9230769
7  0.8571429 0.8717949 0.8607595 0.8607595 0.8607595 0.8461538 0.8461538 0.8461538 0.8461538
8  0.9010989 0.8913043 0.8913043 0.8913043 0.8913043 0.8913043 0.8913043 0.8791209 0.8791209
9  0.7671233 0.7671233 0.7671233 0.7837838 0.7671233 0.7671233 0.7671233 0.7671233 0.7671233
10 0.8000000 0.8108108 0.8000000 0.7927928 0.7889908 0.7889908 0.7889908 0.7889908 0.7706422
          47        48        49        50
1  0.7380952 0.7560976 0.7560976 0.7560976
2  0.8867925 0.8867925 0.8867925 0.8867925
3  0.8431373 0.8461538 0.8461538 0.8461538
4  0.8510638 0.8602151 0.8602151 0.8602151
5  0.7058824 0.7058824 0.6904762 0.6904762
6  0.9230769 0.9230769 0.9230769 0.9230769
7  0.8607595 0.8607595 0.8607595 0.8607595
8  0.8888889 0.8888889 0.8888889 0.9010989
9  0.7671233 0.7671233 0.7837838 0.7837838
10 0.7962963 0.7962963 0.7962963 0.8073394

$SVM$`Mean F1 Measure`
        1         2         3         4         5         6         7         8         9 
0.0000000 0.5371326 0.5887938 0.6917450 0.7149067 0.7464667 0.7610287 0.7681542 0.7744794 
       10        11        12        13        14        15        16        17        18 
0.7854268 0.7944616 0.7961851 0.8006139 0.8003723 0.8035499 0.7935034 0.7944384 0.7960841 
       19        20        21        22        23        24        25        26        27 
0.8006632 0.8043602 0.8048137 0.8107178 0.8126755 0.8167394 0.8142345 0.8174646 0.8200604 
       28        29        30        31        32        33        34        35        36 
0.8171311 0.8164145 0.8142462 0.8126993 0.8145092 0.8240367 0.8335589 0.8313109 0.8256112 
       37        38        39        40        41        42        43        44        45 
0.8291972 0.8300853 0.8310644 0.8308610 0.8269328 0.8228367 0.8221768 0.8220737 0.8261138 
       46        47        48        49        50 
0.8213439 0.8261116 0.8291286 0.8292540 0.8315794 

$SVM$`St Dev F1 Measure`
         1          2          3          4          5          6          7          8 
0.00000000 0.07023128 0.09133864 0.04437442 0.05617469 0.06937962 0.07775331 0.08362642 
         9         10         11         12         13         14         15         16 
0.08828001 0.07995888 0.07480317 0.07522155 0.07680234 0.07352478 0.07721750 0.07395514 
        17         18         19         20         21         22         23         24 
0.08025200 0.07744545 0.07669754 0.07740096 0.07768428 0.06913430 0.06311385 0.06301249 
        25         26         27         28         29         30         31         32 
0.06690763 0.06713406 0.06531466 0.06227723 0.06191293 0.06122589 0.06237671 0.06026135 
        33         34         35         36         37         38         39         40 
0.06257030 0.06044201 0.06277442 0.06697918 0.06387656 0.06665540 0.06706513 0.06918295 
        41         42         43         44         45         46         47         48 
0.07159212 0.07565597 0.07562969 0.07345276 0.07304923 0.07244738 0.07126548 0.06946240 
        49         50 
0.07123624 0.07196971 

$SVM$`Micro Ave F1 Measure`
        1         2         3         4         5         6         7         8         9 
      NaN 0.5379494 0.5893090 0.6920245 0.7151515 0.7479092 0.7612293 0.7684964 0.7776457 
       10        11        12        13        14        15        16        17        18 
0.7890995 0.7953216 0.7972028 0.8013937 0.8018540 0.8060046 0.7968037 0.7977273 0.8000000 
       19        20        21        22        23        24        25        26        27 
0.8045198 0.8072153 0.8076490 0.8125701 0.8148148 0.8188976 0.8162345 0.8190045 0.8212670 
       28        29        30        31        32        33        34        35        36 
0.8180791 0.8176670 0.8163265 0.8153153 0.8160535 0.8257492 0.8355556 0.8337029 0.8288889 
       37        38        39        40        41        42        43        44        45 
0.8318584 0.8325991 0.8336980 0.8333333 0.8293217 0.8262295 0.8258488 0.8258488 0.8294829 
       46        47        48        49        50 
0.8241758 0.8289474 0.8320527 0.8320527 0.8346112 
