> ig_4
$`NAIVE BAYES`
$`NAIVE BAYES`$`Accuracy per Fold`
   1         2         3         4         5         6         7         8         9        10
1  0 0.9814551 0.9728959 0.9771755 0.9728959 0.9728959 0.9743224 0.9771755 0.9800285 0.9728959
2  0 0.9759887 0.9646893 0.9632768 0.9689266 0.9703390 0.9689266 0.9717514 0.9646893 0.9632768
3  0 0.9816124 0.9702970 0.9717115 0.9660537 0.9674682 0.9688826 0.9702970 0.9702970 0.9702970
4  0 0.9816384 0.9618644 0.9576271 0.9576271 0.9562147 0.9604520 0.9646893 0.9576271 0.9590395
5  0 0.9788136 0.9689266 0.9731638 0.9759887 0.9717514 0.9731638 0.9703390 0.9675141 0.9661017
6  0 0.9717115 0.9702970 0.9674682 0.9731259 0.9731259 0.9787836 0.9787836 0.9702970 0.9688826
7  0 0.9774011 0.9661017 0.9717514 0.9604520 0.9661017 0.9689266 0.9689266 0.9675141 0.9590395
8  0 0.9745403 0.9603960 0.9674682 0.9660537 0.9618105 0.9646393 0.9674682 0.9674682 0.9674682
9  0 0.9830508 0.9675141 0.9731638 0.9703390 0.9731638 0.9703390 0.9618644 0.9675141 0.9675141
10 0 0.9714693 0.9629101 0.9600571 0.9614836 0.9586305 0.9643367 0.9629101 0.9700428 0.9700428
          11        12        13        14        15        16        17        18        19
1  0.9743224 0.9743224 0.9728959 0.9743224 0.9671897 0.9643367 0.9657632 0.9657632 0.9700428
2  0.9646893 0.9632768 0.9646893 0.9632768 0.9661017 0.9661017 0.9632768 0.9618644 0.9646893
3  0.9702970 0.9717115 0.9702970 0.9688826 0.9702970 0.9688826 0.9674682 0.9646393 0.9688826
4  0.9562147 0.9548023 0.9576271 0.9576271 0.9632768 0.9632768 0.9618644 0.9618644 0.9618644
5  0.9689266 0.9661017 0.9632768 0.9632768 0.9632768 0.9604520 0.9604520 0.9604520 0.9562147
6  0.9674682 0.9688826 0.9646393 0.9618105 0.9646393 0.9618105 0.9660537 0.9589816 0.9575672
7  0.9632768 0.9618644 0.9646893 0.9632768 0.9661017 0.9646893 0.9689266 0.9703390 0.9675141
8  0.9646393 0.9603960 0.9618105 0.9575672 0.9589816 0.9547383 0.9547383 0.9533239 0.9504950
9  0.9689266 0.9689266 0.9675141 0.9675141 0.9689266 0.9717514 0.9717514 0.9661017 0.9689266
10 0.9671897 0.9686163 0.9671897 0.9671897 0.9657632 0.9686163 0.9671897 0.9657632 0.9671897
          20        21        22        23        24        25        26        27        28
1  0.9686163 0.9671897 0.9671897 0.9671897 0.9657632 0.9657632 0.9657632 0.9657632 0.9657632
2  0.9618644 0.9590395 0.9562147 0.9562147 0.9562147 0.9548023 0.9548023 0.9576271 0.9576271
3  0.9688826 0.9674682 0.9688826 0.9674682 0.9660537 0.9660537 0.9646393 0.9632249 0.9618105
4  0.9618644 0.9604520 0.9604520 0.9604520 0.9590395 0.9576271 0.9562147 0.9562147 0.9562147
5  0.9576271 0.9576271 0.9562147 0.9562147 0.9562147 0.9576271 0.9576271 0.9576271 0.9590395
6  0.9547383 0.9575672 0.9561528 0.9561528 0.9575672 0.9561528 0.9547383 0.9533239 0.9533239
7  0.9689266 0.9689266 0.9675141 0.9661017 0.9646893 0.9646893 0.9646893 0.9661017 0.9618644
8  0.9504950 0.9490806 0.9519095 0.9547383 0.9561528 0.9533239 0.9504950 0.9476662 0.9462518
9  0.9689266 0.9689266 0.9661017 0.9675141 0.9661017 0.9689266 0.9689266 0.9689266 0.9703390
10 0.9643367 0.9614836 0.9629101 0.9614836 0.9600571 0.9586305 0.9557775 0.9572040 0.9586305
          29        30        31        32        33        34        35        36        37
1  0.9657632 0.9629101 0.9643367 0.9643367 0.9643367 0.9614836 0.9614836 0.9614836 0.9643367
2  0.9576271 0.9576271 0.9576271 0.9576271 0.9590395 0.9604520 0.9632768 0.9632768 0.9632768
3  0.9632249 0.9618105 0.9618105 0.9618105 0.9618105 0.9603960 0.9603960 0.9632249 0.9603960
4  0.9548023 0.9548023 0.9533898 0.9519774 0.9505650 0.9505650 0.9505650 0.9505650 0.9505650
5  0.9604520 0.9604520 0.9576271 0.9576271 0.9576271 0.9576271 0.9590395 0.9590395 0.9590395
6  0.9561528 0.9533239 0.9504950 0.9490806 0.9476662 0.9490806 0.9462518 0.9462518 0.9462518
7  0.9604520 0.9604520 0.9632768 0.9646893 0.9646893 0.9661017 0.9646893 0.9646893 0.9618644
8  0.9462518 0.9476662 0.9462518 0.9462518 0.9448373 0.9448373 0.9448373 0.9448373 0.9462518
9  0.9675141 0.9689266 0.9689266 0.9689266 0.9675141 0.9675141 0.9661017 0.9675141 0.9675141
10 0.9529244 0.9529244 0.9529244 0.9500713 0.9486448 0.9486448 0.9486448 0.9486448 0.9486448
          38        39        40        41        42        43        44        45        46
1  0.9657632 0.9657632 0.9643367 0.9629101 0.9614836 0.9600571 0.9543509 0.9543509 0.9543509
2  0.9632768 0.9632768 0.9618644 0.9618644 0.9590395 0.9548023 0.9505650 0.9491525 0.9491525
3  0.9603960 0.9603960 0.9575672 0.9575672 0.9519095 0.9519095 0.9490806 0.9462518 0.9476662
4  0.9491525 0.9491525 0.9491525 0.9477401 0.9477401 0.9477401 0.9449153 0.9435028 0.9420904
5  0.9576271 0.9533898 0.9519774 0.9477401 0.9463277 0.9449153 0.9420904 0.9406780 0.9406780
6  0.9420085 0.9405941 0.9377652 0.9377652 0.9377652 0.9349364 0.9335219 0.9321075 0.9306931
7  0.9618644 0.9618644 0.9618644 0.9604520 0.9562147 0.9463277 0.9463277 0.9449153 0.9406780
8  0.9462518 0.9448373 0.9448373 0.9462518 0.9448373 0.9448373 0.9434229 0.9420085 0.9377652
9  0.9646893 0.9646893 0.9646893 0.9646893 0.9646893 0.9646893 0.9632768 0.9632768 0.9632768
10 0.9486448 0.9472183 0.9457917 0.9429387 0.9443652 0.9429387 0.9400856 0.9372325 0.9343795
          47        48        49        50
1  0.9514979 0.9486448 0.9500713 0.9457917
2  0.9477401 0.9435028 0.9378531 0.9364407
3  0.9462518 0.9462518 0.9448373 0.9448373
4  0.9378531 0.9392655 0.9336158 0.9364407
5  0.9406780 0.9406780 0.9336158 0.9322034
6  0.9278642 0.9278642 0.9264498 0.9236209
7  0.9378531 0.9350282 0.9336158 0.9307910
8  0.9349364 0.9335219 0.9321075 0.9306931
9  0.9632768 0.9604520 0.9576271 0.9576271
10 0.9329529 0.9329529 0.9300999 0.9300999

$`NAIVE BAYES`$`Mean Accuracy`
        1         2         3         4         5         6         7         8         9 
0.0000000 0.9777681 0.9665892 0.9682863 0.9672946 0.9671502 0.9692772 0.9694205 0.9682992 
       10        11        12        13        14        15        16        17        18 
0.9664558 0.9665951 0.9658901 0.9654629 0.9644744 0.9654555 0.9644656 0.9647484 0.9629093 
       19        20        21        22        23        24        25        26        27 
0.9633386 0.9626278 0.9617761 0.9613542 0.9613530 0.9607854 0.9603596 0.9593673 0.9593679 
       28        29        30        31        32        33        34        35        36 
0.9590865 0.9585164 0.9580895 0.9576666 0.9572398 0.9566730 0.9566702 0.9565286 0.9569527 
       37        38        39        40        41        42        43        44        45 
0.9568141 0.9559674 0.9551182 0.9539846 0.9529919 0.9514372 0.9493153 0.9467637 0.9453477 
       46        47        48        49        50 
0.9440731 0.9420904 0.9408162 0.9379893 0.9368546 

$`NAIVE BAYES`$`St Dev Accuracy`
          1           2           3           4           5           6           7           8 
0.000000000 0.004248261 0.004104883 0.006307920 0.006055538 0.006307916 0.005336081 0.005585414 
          9          10          11          12          13          14          15          16 
0.005558423 0.004682866 0.004849097 0.005838606 0.004310209 0.005153447 0.003188460 0.004850616 
         17          18          19          20          21          22          23          24 
0.004850359 0.004716432 0.006601240 0.006607006 0.006406566 0.005995697 0.005337520 0.004387060 
         25          26          27          28          29          30          31          32 
0.005474852 0.006103207 0.006554335 0.006623682 0.006368343 0.006098658 0.007011376 0.007674055 
         33          34          35          36          37          38          39          40 
0.008140380 0.007874792 0.008093971 0.008476985 0.008062601 0.008640385 0.009204368 0.009428176 
         41          42          43          44          45          46          47          48 
0.009568576 0.008677307 0.008735725 0.008209864 0.008790857 0.009734787 0.010336366 0.009441807 
         49          50 
0.009808810 0.009958575 

$`NAIVE BAYES`$`Precisions per Fold`
   1         2         3         4         5         6         7         8         9        10
1  0 0.8214286 0.6666667 0.7027027 0.6428571 0.6428571 0.6585366 0.6829268 0.7179487 0.6363636
2  0 0.8888889 0.7454545 0.7407407 0.7500000 0.7540984 0.7500000 0.7758621 0.7142857 0.7031250
3  0 1.0000000 0.9523810 0.7777778 0.6666667 0.6888889 0.7250000 0.7317073 0.7209302 0.7317073
4  0 0.7931034 0.5405405 0.5000000 0.5000000 0.4905660 0.5200000 0.5531915 0.5000000 0.5106383
5  0 0.9200000 0.6944444 0.7179487 0.7111111 0.6739130 0.6888889 0.6666667 0.6382979 0.6363636
6  0 0.9677419 0.7800000 0.7708333 0.7678571 0.7777778 0.8269231 0.8269231 0.7413793 0.7454545
7  0 0.9000000 0.8333333 0.7631579 0.6250000 0.6739130 0.6800000 0.6875000 0.6734694 0.6000000
8  0 0.8333333 0.6136364 0.6666667 0.6400000 0.6037736 0.6274510 0.6530612 0.6470588 0.6415094
9  0 0.9310345 0.6842105 0.7368421 0.6666667 0.6956522 0.6739130 0.6000000 0.6521739 0.6458333
10 0 0.8387097 0.6923077 0.6666667 0.6400000 0.6363636 0.6739130 0.6666667 0.7173913 0.7272727
          11        12        13        14        15        16        17        18        19
1  0.6585366 0.6666667 0.6428571 0.6585366 0.5869565 0.5625000 0.5744681 0.5744681 0.6086957
2  0.7142857 0.7031250 0.7142857 0.7166667 0.7413793 0.7413793 0.7166667 0.6984127 0.7213115
3  0.7209302 0.7500000 0.7209302 0.7045455 0.6938776 0.6800000 0.6666667 0.6415094 0.6800000
4  0.4888889 0.4772727 0.5000000 0.5000000 0.5434783 0.5434783 0.5333333 0.5333333 0.5319149
5  0.6590909 0.6304348 0.5961538 0.5925926 0.5892857 0.5689655 0.5714286 0.5769231 0.5454545
6  0.7407407 0.7454545 0.7142857 0.7037037 0.7307692 0.6964286 0.7272727 0.6666667 0.6507937
7  0.6346154 0.6274510 0.6470588 0.6346154 0.6600000 0.6470588 0.6800000 0.6862745 0.6666667
8  0.6326531 0.5961538 0.6037736 0.5714286 0.5818182 0.5517241 0.5517241 0.5438596 0.5254237
9  0.6595745 0.6595745 0.6458333 0.6521739 0.6595745 0.6976744 0.6888889 0.6326531 0.6595745
10 0.6956522 0.7111111 0.6875000 0.6875000 0.6734694 0.6938776 0.6800000 0.6545455 0.6666667
          20        21        22        23        24        25        26        27        28
1  0.5957447 0.5833333 0.5833333 0.5869565 0.5744681 0.5744681 0.5744681 0.5744681 0.5744681
2  0.6984127 0.6769231 0.6567164 0.6567164 0.6567164 0.6470588 0.6515152 0.6774194 0.6833333
3  0.6800000 0.6666667 0.6800000 0.6734694 0.6600000 0.6600000 0.6470588 0.6346154 0.6274510
4  0.5333333 0.5227273 0.5227273 0.5217391 0.5102041 0.5000000 0.4897959 0.4897959 0.4893617
5  0.5555556 0.5555556 0.5454545 0.5454545 0.5438596 0.5535714 0.5535714 0.5535714 0.5636364
6  0.6349206 0.6557377 0.6451613 0.6451613 0.6507937 0.6406250 0.6349206 0.6250000 0.6250000
7  0.6800000 0.6800000 0.6734694 0.6600000 0.6470588 0.6470588 0.6470588 0.6600000 0.6226415
8  0.5245902 0.5161290 0.5333333 0.5500000 0.5573770 0.5396825 0.5230769 0.5074627 0.5000000
9  0.6530612 0.6530612 0.6326531 0.6400000 0.6274510 0.6530612 0.6470588 0.6470588 0.6600000
10 0.6481481 0.6296296 0.6363636 0.6250000 0.6140351 0.6034483 0.5862069 0.5964912 0.6071429
          29        30        31        32        33        34        35        36        37
1  0.5714286 0.5490196 0.5600000 0.5600000 0.5600000 0.5384615 0.5384615 0.5384615 0.5600000
2  0.6774194 0.6774194 0.6718750 0.6718750 0.6825397 0.6875000 0.7096774 0.7096774 0.7096774
3  0.6346154 0.6226415 0.6226415 0.6226415 0.6226415 0.6153846 0.6153846 0.6346154 0.6111111
4  0.4791667 0.4791667 0.4693878 0.4600000 0.4509804 0.4509804 0.4509804 0.4509804 0.4509804
5  0.5714286 0.5714286 0.5535714 0.5535714 0.5535714 0.5535714 0.5636364 0.5636364 0.5636364
6  0.6451613 0.6250000 0.6060606 0.5970149 0.5882353 0.5942029 0.5774648 0.5774648 0.5774648
7  0.6111111 0.6111111 0.6346154 0.6470588 0.6470588 0.6538462 0.6415094 0.6415094 0.6181818
8  0.5000000 0.5072464 0.5000000 0.5000000 0.4927536 0.4927536 0.4927536 0.4927536 0.5000000
9  0.6346154 0.6470588 0.6470588 0.6470588 0.6346154 0.6346154 0.6226415 0.6346154 0.6346154
10 0.5666667 0.5666667 0.5666667 0.5517241 0.5423729 0.5423729 0.5423729 0.5423729 0.5423729
          38        39        40        41        42        43        44        45        46
1  0.5714286 0.5714286 0.5600000 0.5490196 0.5384615 0.5283019 0.4912281 0.4912281 0.4912281
2  0.7096774 0.7096774 0.6984127 0.6984127 0.6769231 0.6470588 0.6197183 0.6111111 0.6111111
3  0.6111111 0.6111111 0.5925926 0.5925926 0.5517241 0.5500000 0.5322581 0.5156250 0.5230769
4  0.4423077 0.4423077 0.4423077 0.4339623 0.4339623 0.4339623 0.4181818 0.4107143 0.4035088
5  0.5535714 0.5254237 0.5166667 0.4920635 0.4843750 0.4769231 0.4626866 0.4571429 0.4558824
6  0.5540541 0.5466667 0.5324675 0.5324675 0.5324675 0.5189873 0.5125000 0.5061728 0.5000000
7  0.6181818 0.6181818 0.6181818 0.6071429 0.5762712 0.5151515 0.5147059 0.5072464 0.4861111
8  0.5000000 0.4929577 0.4929577 0.5000000 0.4929577 0.4929577 0.4861111 0.4800000 0.4615385
9  0.6153846 0.6153846 0.6153846 0.6153846 0.6153846 0.6153846 0.6037736 0.6037736 0.6037736
10 0.5423729 0.5333333 0.5245902 0.5079365 0.5156250 0.5074627 0.4927536 0.4794521 0.4666667
          47        48        49        50
1  0.4745763 0.4590164 0.4666667 0.4444444
2  0.6027397 0.5769231 0.5476190 0.5421687
3  0.5151515 0.5147059 0.5072464 0.5072464
4  0.3833333 0.3934426 0.3731343 0.3809524
5  0.4571429 0.4571429 0.4246575 0.4210526
6  0.4880952 0.4883721 0.4827586 0.4719101
7  0.4736842 0.4625000 0.4556962 0.4444444
8  0.4500000 0.4444444 0.4390244 0.4337349
9  0.6037736 0.5818182 0.5614035 0.5593220
10 0.4605263 0.4605263 0.4487179 0.4487179

$`NAIVE BAYES`$`Mean Precisions`
        1         2         3         4         5         6         7         8         9 
0.0000000 0.8894240 0.7202975 0.7043337 0.6610159 0.6637804 0.6824626 0.6844505 0.6722935 
       10        11        12        13        14        15        16        17        18 
0.6578268 0.6604968 0.6567244 0.6472678 0.6421763 0.6460609 0.6383087 0.6390449 0.6208646 
       19        20        21        22        23        24        25        26        27 
0.6256502 0.6203766 0.6139763 0.6109212 0.6104497 0.6041964 0.6018974 0.5954732 0.5965883 
       28        29        30        31        32        33        34        35        36 
0.5953035 0.5891613 0.5856759 0.5831877 0.5810945 0.5774769 0.5763689 0.5754883 0.5786087 
       37        38        39        40        41        42        43        44        45 
0.5768040 0.5718090 0.5666473 0.5593562 0.5528982 0.5418152 0.5286190 0.5133917 0.5062466 
       46        47        48        49        50 
0.5002897 0.4909023 0.4838892 0.4706925 0.4653994 

$`NAIVE BAYES`$`St Dev Precisions`
         1          2          3          4          5          6          7          8 
0.00000000 0.06729565 0.11554537 0.08194625 0.07479079 0.08013726 0.07987903 0.07949701 
         9         10         11         12         13         14         15         16 
0.07063495 0.07176462 0.07080608 0.08111107 0.06850898 0.06942722 0.06753003 0.07414215 
        17         18         19         20         21         22         23         24 
0.07299414 0.05940871 0.06896310 0.06395369 0.06400245 0.05955236 0.05493145 0.05382003 
        25         26         27         28         29         30         31         32 
0.05668287 0.05904027 0.06415521 0.06366676 0.06387739 0.06249262 0.06517318 0.06849867 
        33         34         35         36         37         38         39         40 
0.07194815 0.07409603 0.07538043 0.07761686 0.07246358 0.07306255 0.07570965 0.07371462 
        41         42         43         44         45         46         47         48 
0.07651870 0.06916585 0.06292794 0.06067217 0.06125269 0.06477612 0.06807914 0.05896229 
        49         50 
0.05675642 0.05554338 

$`NAIVE BAYES`$`Micro Ave Precisions`
        1         2         3         4         5         6         7         8         9 
      NaN 0.8885246 0.7078947 0.7063107 0.6639839 0.6653061 0.6839917 0.6869748 0.6727642 
       10        11        12        13        14        15        16        17        18 
0.6585859 0.6632231 0.6583851 0.6506024 0.6438632 0.6476378 0.6382979 0.6402321 0.6240602 
       19        20        21        22        23        24        25        26        27 
0.6266417 0.6212687 0.6152416 0.6122449 0.6118299 0.6057866 0.6025180 0.5960503 0.5963964 
       28        29        30        31        32        33        34        35        36 
0.5952813 0.5896980 0.5862676 0.5831874 0.5807018 0.5769231 0.5763889 0.5753899 0.5781250 
       37        38        39        40        41        42        43        44        45 
0.5768566 0.5711835 0.5653650 0.5579832 0.5514950 0.5414634 0.5283912 0.5137615 0.5059701 
       46        47        48        49        50 
0.4992636 0.4892396 0.4832402 0.4701087 0.4650538 

$`NAIVE BAYES`$`Recalls per Fold`
   1         2         3         4         5         6         7         8         9        10
1  0 0.7419355 0.7741935 0.8387097 0.8709677 0.8709677 0.8709677 0.9032258 0.9032258 0.9032258
2  0 0.7692308 0.7884615 0.7692308 0.8653846 0.8846154 0.8653846 0.8653846 0.8653846 0.8653846
3  0 0.6750000 0.5000000 0.7000000 0.8000000 0.7750000 0.7250000 0.7500000 0.7750000 0.7500000
4  0 0.7666667 0.6666667 0.6333333 0.8333333 0.8666667 0.8666667 0.8666667 0.8333333 0.8000000
5  0 0.6388889 0.6944444 0.7777778 0.8888889 0.8611111 0.8611111 0.8333333 0.8333333 0.7777778
6  0 0.6122449 0.7959184 0.7551020 0.8775510 0.8571429 0.8775510 0.8775510 0.8775510 0.8367347
7  0 0.6750000 0.5000000 0.7250000 0.7500000 0.7750000 0.8500000 0.8250000 0.8250000 0.8250000
8  0 0.6578947 0.7105263 0.7894737 0.8421053 0.8421053 0.8421053 0.8421053 0.8684211 0.8947368
9  0 0.7297297 0.7027027 0.7567568 0.8648649 0.8648649 0.8378378 0.8108108 0.8108108 0.8378378
10 0 0.6341463 0.6585366 0.6341463 0.7804878 0.6829268 0.7560976 0.7317073 0.8048780 0.7804878
          11        12        13        14        15        16        17        18        19
1  0.8709677 0.8387097 0.8709677 0.8709677 0.8709677 0.8709677 0.8709677 0.8709677 0.9032258
2  0.8653846 0.8653846 0.8653846 0.8269231 0.8269231 0.8269231 0.8269231 0.8461538 0.8461538
3  0.7750000 0.7500000 0.7750000 0.7750000 0.8500000 0.8500000 0.8500000 0.8500000 0.8500000
4  0.7333333 0.7000000 0.7000000 0.7000000 0.8333333 0.8333333 0.8000000 0.8000000 0.8333333
5  0.8055556 0.8055556 0.8611111 0.8888889 0.9166667 0.9166667 0.8888889 0.8333333 0.8333333
6  0.8163265 0.8367347 0.8163265 0.7755102 0.7755102 0.7959184 0.8163265 0.8163265 0.8367347
7  0.8250000 0.8000000 0.8250000 0.8250000 0.8250000 0.8250000 0.8500000 0.8750000 0.8500000
8  0.8157895 0.8157895 0.8421053 0.8421053 0.8421053 0.8421053 0.8421053 0.8157895 0.8157895
9  0.8378378 0.8378378 0.8378378 0.8108108 0.8378378 0.8108108 0.8378378 0.8378378 0.8378378
10 0.7804878 0.7804878 0.8048780 0.8048780 0.8048780 0.8292683 0.8292683 0.8780488 0.8780488
          20        21        22        23        24        25        26        27        28
1  0.9032258 0.9032258 0.9032258 0.8709677 0.8709677 0.8709677 0.8709677 0.8709677 0.8709677
2  0.8461538 0.8461538 0.8461538 0.8461538 0.8461538 0.8461538 0.8269231 0.8076923 0.7884615
3  0.8500000 0.8500000 0.8500000 0.8250000 0.8250000 0.8250000 0.8250000 0.8250000 0.8000000
4  0.8000000 0.7666667 0.7666667 0.8000000 0.8333333 0.8333333 0.8000000 0.8000000 0.7666667
5  0.8333333 0.8333333 0.8333333 0.8333333 0.8611111 0.8611111 0.8611111 0.8611111 0.8611111
6  0.8163265 0.8163265 0.8163265 0.8163265 0.8367347 0.8367347 0.8163265 0.8163265 0.8163265
7  0.8500000 0.8500000 0.8250000 0.8250000 0.8250000 0.8250000 0.8250000 0.8250000 0.8250000
8  0.8421053 0.8421053 0.8421053 0.8684211 0.8947368 0.8947368 0.8947368 0.8947368 0.8947368
9  0.8648649 0.8648649 0.8378378 0.8648649 0.8648649 0.8648649 0.8918919 0.8918919 0.8918919
10 0.8536585 0.8292683 0.8536585 0.8536585 0.8536585 0.8536585 0.8292683 0.8292683 0.8292683
          29        30        31        32        33        34        35        36        37
1  0.9032258 0.9032258 0.9032258 0.9032258 0.9032258 0.9032258 0.9032258 0.9032258 0.9032258
2  0.8076923 0.8076923 0.8269231 0.8269231 0.8269231 0.8461538 0.8461538 0.8461538 0.8461538
3  0.8250000 0.8250000 0.8250000 0.8250000 0.8250000 0.8000000 0.8000000 0.8250000 0.8250000
4  0.7666667 0.7666667 0.7666667 0.7666667 0.7666667 0.7666667 0.7666667 0.7666667 0.7666667
5  0.8888889 0.8888889 0.8611111 0.8611111 0.8611111 0.8611111 0.8611111 0.8611111 0.8611111
6  0.8163265 0.8163265 0.8163265 0.8163265 0.8163265 0.8367347 0.8367347 0.8367347 0.8367347
7  0.8250000 0.8250000 0.8250000 0.8250000 0.8250000 0.8500000 0.8500000 0.8500000 0.8500000
8  0.8947368 0.9210526 0.9210526 0.9210526 0.8947368 0.8947368 0.8947368 0.8947368 0.9210526
9  0.8918919 0.8918919 0.8918919 0.8918919 0.8918919 0.8918919 0.8918919 0.8918919 0.8918919
10 0.8292683 0.8292683 0.8292683 0.7804878 0.7804878 0.7804878 0.7804878 0.7804878 0.7804878
          38        39        40        41        42        43        44        45        46
1  0.9032258 0.9032258 0.9032258 0.9032258 0.9032258 0.9032258 0.9032258 0.9032258 0.9032258
2  0.8461538 0.8461538 0.8461538 0.8461538 0.8461538 0.8461538 0.8461538 0.8461538 0.8461538
3  0.8250000 0.8250000 0.8000000 0.8000000 0.8000000 0.8250000 0.8250000 0.8250000 0.8500000
4  0.7666667 0.7666667 0.7666667 0.7666667 0.7666667 0.7666667 0.7666667 0.7666667 0.7666667
5  0.8611111 0.8611111 0.8611111 0.8611111 0.8611111 0.8611111 0.8611111 0.8888889 0.8611111
6  0.8367347 0.8367347 0.8367347 0.8367347 0.8367347 0.8367347 0.8367347 0.8367347 0.8367347
7  0.8500000 0.8500000 0.8500000 0.8500000 0.8500000 0.8500000 0.8750000 0.8750000 0.8750000
8  0.9210526 0.9210526 0.9210526 0.9210526 0.9210526 0.9210526 0.9210526 0.9473684 0.9473684
9  0.8648649 0.8648649 0.8648649 0.8648649 0.8648649 0.8648649 0.8648649 0.8648649 0.8648649
10 0.7804878 0.7804878 0.7804878 0.7804878 0.8048780 0.8292683 0.8292683 0.8536585 0.8536585
          47        48        49        50
1  0.9032258 0.9032258 0.9032258 0.9032258
2  0.8461538 0.8653846 0.8846154 0.8653846
3  0.8500000 0.8750000 0.8750000 0.8750000
4  0.7666667 0.8000000 0.8333333 0.8000000
5  0.8888889 0.8888889 0.8611111 0.8888889
6  0.8367347 0.8571429 0.8571429 0.8571429
7  0.9000000 0.9250000 0.9000000 0.9000000
8  0.9473684 0.9473684 0.9473684 0.9473684
9  0.8648649 0.8648649 0.8648649 0.8918919
10 0.8536585 0.8536585 0.8536585 0.8536585

$`NAIVE BAYES`$`Mean Recalls`
        1         2         3         4         5         6         7         8         9 
0.0000000 0.6900738 0.6791450 0.7379530 0.8373584 0.8280401 0.8352722 0.8305785 0.8396938 
       10        11        12        13        14        15        16        17        18 
0.8271185 0.8125683 0.8030500 0.8198611 0.8120084 0.8383222 0.8400994 0.8412318 0.8423458 
       19        20        21        22        23        24        25        26        27 
0.8484457 0.8459668 0.8401945 0.8374308 0.8403726 0.8511561 0.8511561 0.8441225 0.8421995 
       28        29        30        31        32        33        34        35        36 
0.8344431 0.8448697 0.8475013 0.8466466 0.8417686 0.8391370 0.8431009 0.8431009 0.8456009 
       37        38        39        40        41        42        43        44        45 
0.8482324 0.8455297 0.8455297 0.8430297 0.8430297 0.8454688 0.8504078 0.8529078 0.8607562 
       46        47        48        49        50 
0.8604784 0.8657562 0.8780534 0.8780320 0.8782561 

$`NAIVE BAYES`$`St Dev Recalls`
         1          2          3          4          5          6          7          8 
0.00000000 0.05743553 0.10601910 0.06612075 0.04623928 0.06387007 0.05198339 0.05459814 
         9         10         11         12         13         14         15         16 
0.03870577 0.05091641 0.04188018 0.04901542 0.05147427 0.05373160 0.03763962 0.03381639 
        17         18         19         20         21         22         23         24 
0.02579765 0.02689539 0.02507801 0.02767564 0.03488953 0.03411204 0.02418203 0.02237064 
        25         26         27         28         29         30         31         32 
0.02237064 0.03303235 0.03466440 0.04386769 0.04641185 0.05014911 0.04706744 0.05139728 
        33         34         35         36         37         38         39         40 
0.04740551 0.04796287 0.04796287 0.04608131 0.04980044 0.04786347 0.04786347 0.04967359 
        41         42         43         44         45         46         47         48 
0.04967359 0.04677578 0.04270601 0.04340551 0.04863531 0.04634849 0.04854886 0.04113402 
        49         50 
0.03243023 0.03876266 

$`NAIVE BAYES`$`Micro Ave Recalls`
        1         2         3         4         5         6         7         8         9 
      NaN 0.6878173 0.6827411 0.7385787 0.8375635 0.8274112 0.8350254 0.8299492 0.8401015 
       10        11        12        13        14        15        16        17        18 
0.8274112 0.8147208 0.8071066 0.8223350 0.8121827 0.8350254 0.8375635 0.8401015 0.8426396 
       19        20        21        22        23        24        25        26        27 
0.8477157 0.8451777 0.8401015 0.8375635 0.8401015 0.8502538 0.8502538 0.8426396 0.8401015 
       28        29        30        31        32        33        34        35        36 
0.8324873 0.8426396 0.8451777 0.8451777 0.8401015 0.8375635 0.8426396 0.8426396 0.8451777 
       37        38        39        40        41        42        43        44        45 
0.8477157 0.8451777 0.8451777 0.8426396 0.8426396 0.8451777 0.8502538 0.8527919 0.8604061 
       46        47        48        49        50 
0.8604061 0.8654822 0.8781726 0.8781726 0.8781726 

$`NAIVE BAYES`$`F1 Measure`
   1         2         3         4         5         6         7         8         9        10
1  0 0.7796610 0.7164179 0.7647059 0.7397260 0.7397260 0.7500000 0.7777778 0.8000000 0.7466667
2  0 0.8247423 0.7663551 0.7547170 0.8035714 0.8141593 0.8035714 0.8181818 0.7826087 0.7758621
3  0 0.8059701 0.6557377 0.7368421 0.7272727 0.7294118 0.7250000 0.7407407 0.7469880 0.7407407
4  0 0.7796610 0.5970149 0.5588235 0.6250000 0.6265060 0.6500000 0.6753247 0.6250000 0.6233766
5  0 0.7540984 0.6944444 0.7466667 0.7901235 0.7560976 0.7654321 0.7407407 0.7228916 0.7000000
6  0 0.7500000 0.7878788 0.7628866 0.8190476 0.8155340 0.8514851 0.8514851 0.8037383 0.7884615
7  0 0.7714286 0.6250000 0.7435897 0.6818182 0.7209302 0.7555556 0.7500000 0.7415730 0.6947368
8  0 0.7352941 0.6585366 0.7228916 0.7272727 0.7032967 0.7191011 0.7356322 0.7415730 0.7472527
9  0 0.8181818 0.6933333 0.7466667 0.7529412 0.7710843 0.7469880 0.6896552 0.7228916 0.7294118
10 0 0.7222222 0.6750000 0.6500000 0.7032967 0.6588235 0.7126437 0.6976744 0.7586207 0.7529412
          11        12        13        14        15        16        17        18        19
1  0.7500000 0.7428571 0.7397260 0.7500000 0.7012987 0.6835443 0.6923077 0.6923077 0.7272727
2  0.7826087 0.7758621 0.7826087 0.7678571 0.7818182 0.7818182 0.7678571 0.7652174 0.7787611
3  0.7469880 0.7500000 0.7469880 0.7380952 0.7640449 0.7555556 0.7472527 0.7311828 0.7555556
4  0.5866667 0.5675676 0.5833333 0.5833333 0.6578947 0.6578947 0.6400000 0.6400000 0.6493506
5  0.7250000 0.7073171 0.7045455 0.7111111 0.7173913 0.7021277 0.6956522 0.6818182 0.6593407
6  0.7766990 0.7884615 0.7619048 0.7378641 0.7524752 0.7428571 0.7692308 0.7339450 0.7321429
7  0.7173913 0.7032967 0.7252747 0.7173913 0.7333333 0.7252747 0.7555556 0.7692308 0.7472527
8  0.7126437 0.6888889 0.7032967 0.6808511 0.6881720 0.6666667 0.6666667 0.6526316 0.6391753
9  0.7380952 0.7380952 0.7294118 0.7228916 0.7380952 0.7500000 0.7560976 0.7209302 0.7380952
10 0.7356322 0.7441860 0.7415730 0.7415730 0.7333333 0.7555556 0.7472527 0.7500000 0.7578947
          20        21        22        23        24        25        26        27        28
1  0.7179487 0.7088608 0.7088608 0.7012987 0.6923077 0.6923077 0.6923077 0.6923077 0.6923077
2  0.7652174 0.7521368 0.7394958 0.7394958 0.7394958 0.7333333 0.7288136 0.7368421 0.7321429
3  0.7555556 0.7472527 0.7555556 0.7415730 0.7333333 0.7333333 0.7252747 0.7173913 0.7032967
4  0.6400000 0.6216216 0.6216216 0.6315789 0.6329114 0.6250000 0.6075949 0.6075949 0.5974026
5  0.6666667 0.6666667 0.6593407 0.6593407 0.6666667 0.6739130 0.6739130 0.6739130 0.6813187
6  0.7142857 0.7272727 0.7207207 0.7207207 0.7321429 0.7256637 0.7142857 0.7079646 0.7079646
7  0.7555556 0.7555556 0.7415730 0.7333333 0.7252747 0.7252747 0.7252747 0.7333333 0.7096774
8  0.6464646 0.6400000 0.6530612 0.6734694 0.6868687 0.6732673 0.6601942 0.6476190 0.6415094
9  0.7441860 0.7441860 0.7209302 0.7356322 0.7272727 0.7441860 0.7500000 0.7500000 0.7586207
10 0.7368421 0.7157895 0.7291667 0.7216495 0.7142857 0.7070707 0.6868687 0.6938776 0.7010309
          29        30        31        32        33        34        35        36        37
1  0.7000000 0.6829268 0.6913580 0.6913580 0.6913580 0.6746988 0.6746988 0.6746988 0.6913580
2  0.7368421 0.7368421 0.7413793 0.7413793 0.7478261 0.7586207 0.7719298 0.7719298 0.7719298
3  0.7173913 0.7096774 0.7096774 0.7096774 0.7096774 0.6956522 0.6956522 0.7173913 0.7021277
4  0.5897436 0.5897436 0.5822785 0.5750000 0.5679012 0.5679012 0.5679012 0.5679012 0.5679012
5  0.6956522 0.6956522 0.6739130 0.6739130 0.6739130 0.6739130 0.6813187 0.6813187 0.6813187
6  0.7207207 0.7079646 0.6956522 0.6896552 0.6837607 0.6949153 0.6833333 0.6833333 0.6833333
7  0.7021277 0.7021277 0.7173913 0.7252747 0.7252747 0.7391304 0.7311828 0.7311828 0.7157895
8  0.6415094 0.6542056 0.6481481 0.6481481 0.6355140 0.6355140 0.6355140 0.6355140 0.6481481
9  0.7415730 0.7500000 0.7500000 0.7500000 0.7415730 0.7415730 0.7333333 0.7415730 0.7415730
10 0.6732673 0.6732673 0.6732673 0.6464646 0.6400000 0.6400000 0.6400000 0.6400000 0.6400000
          38        39        40        41        42        43        44        45        46
1  0.7000000 0.7000000 0.6913580 0.6829268 0.6746988 0.6666667 0.6363636 0.6363636 0.6363636
2  0.7719298 0.7719298 0.7652174 0.7652174 0.7521368 0.7333333 0.7154472 0.7096774 0.7096774
3  0.7021277 0.7021277 0.6808511 0.6808511 0.6530612 0.6600000 0.6470588 0.6346154 0.6476190
4  0.5609756 0.5609756 0.5609756 0.5542169 0.5542169 0.5542169 0.5411765 0.5348837 0.5287356
5  0.6739130 0.6526316 0.6458333 0.6262626 0.6200000 0.6138614 0.6019417 0.6037736 0.5961538
6  0.6666667 0.6612903 0.6507937 0.6507937 0.6507937 0.6406250 0.6356589 0.6307692 0.6259542
7  0.7157895 0.7157895 0.7157895 0.7083333 0.6868687 0.6415094 0.6481481 0.6422018 0.6250000
8  0.6481481 0.6422018 0.6422018 0.6481481 0.6422018 0.6422018 0.6363636 0.6371681 0.6206897
9  0.7191011 0.7191011 0.7191011 0.7191011 0.7191011 0.7191011 0.7111111 0.7111111 0.7111111
10 0.6400000 0.6336634 0.6274510 0.6153846 0.6285714 0.6296296 0.6181818 0.6140351 0.6034483
          47        48        49        50
1  0.6222222 0.6086957 0.6153846 0.5957447
2  0.7040000 0.6923077 0.6764706 0.6666667
3  0.6415094 0.6481481 0.6422018 0.6422018
4  0.5111111 0.5274725 0.5154639 0.5161290
5  0.6037736 0.6037736 0.5688073 0.5714286
6  0.6165414 0.6222222 0.6176471 0.6086957
7  0.6206897 0.6166667 0.6050420 0.5950413
8  0.6101695 0.6050420 0.6000000 0.5950413
9  0.7111111 0.6956522 0.6808511 0.6875000
10 0.5982906 0.5982906 0.5882353 0.5882353

$`NAIVE BAYES`$`Mean F1 Measure`
        1         2         3         4         5         6         7         8         9 
0.0000000 0.7741260 0.6869719 0.7187790 0.7370070 0.7335569 0.7479777 0.7477213 0.7445885 
       10        11        12        13        14        15        16        17        18 
0.7299450 0.7271725 0.7206532 0.7218662 0.7150968 0.7267857 0.7221295 0.7237873 0.7137264 
       19        20        21        22        23        24        25        26        27 
0.7184841 0.7142722 0.7079342 0.7050326 0.7058092 0.7050560 0.7033350 0.6964527 0.6960844 
       28        29        30        31        32        33        34        35        36 
0.6925272 0.6918827 0.6902407 0.6883065 0.6850870 0.6816798 0.6821919 0.6814864 0.6844843 
       37        38        39        40        41        42        43        44        45 
0.6843479 0.6798652 0.6759711 0.6699572 0.6651236 0.6581650 0.6501145 0.6391451 0.6354599 
       46        47        48        49        50 
0.6304753 0.6239419 0.6218271 0.6110104 0.6066684 

$`NAIVE BAYES`$`St Dev F1 Measure`
         1          2          3          4          5          6          7          8 
0.00000000 0.03459385 0.05897977 0.06512962 0.05884198 0.06083557 0.05414134 0.05577877 
         9         10         11         12         13         14         15         16 
0.05107559 0.04743478 0.05445083 0.06216603 0.05429949 0.05203252 0.03691619 0.04230150 
        17         18         19         20         21         22         23         24 
0.04622087 0.04528710 0.05011554 0.04690689 0.04863272 0.04461890 0.03839815 0.03476725 
        25         26         27         28         29         30         31         32 
0.03725315 0.04179504 0.04376791 0.04525934 0.04651673 0.04514810 0.04862179 0.05245382 
        33         34         35         36         37         38         39         40 
0.05539683 0.05782979 0.05804615 0.05985642 0.05690766 0.05690782 0.05852811 0.05731999 
        41         42         43         44         45         46         47         48 
0.05976034 0.05488770 0.05078627 0.05010414 0.05042251 0.05323872 0.05614456 0.04873294 
        49         50 
0.04919872 0.04895461 

$`NAIVE BAYES`$`Micro Ave F1 Measure`
        1         2         3         4         5         6         7         8         9 
      NaN 0.7753934 0.6950904 0.7220844 0.7407407 0.7375566 0.7520000 0.7517241 0.7471783 
       10        11        12        13        14        15        16        17        18 
0.7334083 0.7312073 0.7251995 0.7264574 0.7182941 0.7294900 0.7244786 0.7266740 0.7170626 
       19        20        21        22        23        24        25        26        27 
0.7206041 0.7161290 0.7103004 0.7073955 0.7080214 0.7074974 0.7052632 0.6982124 0.6975764 
       28        29        30        31        32        33        34        35        36 
0.6941799 0.6938349 0.6923077 0.6901554 0.6867220 0.6832298 0.6845361 0.6838311 0.6865979 
       37        38        39        40        41        42        43        44        45 
0.6865365 0.6816786 0.6775178 0.6713852 0.6666667 0.6600595 0.6517510 0.6412214 0.6372180 
       46        47        48        49        50 
0.6318733 0.6251146 0.6234234 0.6123894 0.6080844 


$SVM
$SVM$`Accuracy per Fold`
   1         2         3         4         5         6         7         8         9        10
1  0 0.9857347 0.9857347 0.9914408 0.9928673 0.9900143 0.9928673 0.9957204 0.9942939 0.9928673
2  0 0.9802260 0.9788136 0.9872881 0.9844633 0.9858757 0.9872881 0.9872881 0.9858757 0.9844633
3  0 0.9830269 0.9844413 0.9858557 0.9858557 0.9858557 0.9886846 0.9872702 0.9943423 0.9886846
4  0 0.9858757 0.9858757 0.9858757 0.9872881 0.9816384 0.9858757 0.9858757 0.9858757 0.9830508
5  0 0.9774011 0.9731638 0.9788136 0.9788136 0.9731638 0.9745763 0.9774011 0.9774011 0.9759887
6  0 0.9844413 0.9830269 0.9915134 0.9900990 0.9900990 0.9900990 0.9900990 0.9886846 0.9900990
7  0 0.9774011 0.9816384 0.9844633 0.9830508 0.9830508 0.9802260 0.9816384 0.9774011 0.9788136
8  0 0.9759547 0.9773692 0.9844413 0.9830269 0.9816124 0.9844413 0.9858557 0.9844413 0.9844413
9  0 0.9844633 0.9830508 0.9858757 0.9872881 0.9872881 0.9844633 0.9844633 0.9858757 0.9830508
10 0 0.9800285 0.9800285 0.9843081 0.9814551 0.9828816 0.9800285 0.9828816 0.9828816 0.9857347
          11        12        13        14        15        16        17        18        19
1  0.9928673 0.9928673 0.9914408 0.9900143 0.9928673 0.9928673 0.9914408 0.9885877 0.9871612
2  0.9858757 0.9830508 0.9816384 0.9844633 0.9844633 0.9844633 0.9830508 0.9816384 0.9830508
3  0.9900990 0.9915134 0.9900990 0.9900990 0.9915134 0.9915134 0.9915134 0.9915134 0.9915134
4  0.9858757 0.9844633 0.9816384 0.9844633 0.9844633 0.9844633 0.9844633 0.9844633 0.9830508
5  0.9774011 0.9774011 0.9816384 0.9816384 0.9816384 0.9788136 0.9802260 0.9830508 0.9830508
6  0.9915134 0.9886846 0.9872702 0.9872702 0.9872702 0.9858557 0.9844413 0.9844413 0.9830269
7  0.9802260 0.9774011 0.9816384 0.9788136 0.9830508 0.9830508 0.9830508 0.9844633 0.9830508
8  0.9900990 0.9900990 0.9886846 0.9830269 0.9844413 0.9858557 0.9858557 0.9858557 0.9844413
9  0.9915254 0.9915254 0.9915254 0.9915254 0.9915254 0.9915254 0.9887006 0.9887006 0.9915254
10 0.9843081 0.9843081 0.9828816 0.9828816 0.9843081 0.9828816 0.9828816 0.9828816 0.9828816
          20        21        22        23        24        25        26        27        28
1  0.9871612 0.9871612 0.9857347 0.9857347 0.9871612 0.9871612 0.9871612 0.9885877 0.9871612
2  0.9816384 0.9788136 0.9788136 0.9802260 0.9802260 0.9802260 0.9816384 0.9830508 0.9816384
3  0.9900990 0.9900990 0.9900990 0.9900990 0.9900990 0.9900990 0.9900990 0.9900990 0.9915134
4  0.9844633 0.9844633 0.9844633 0.9844633 0.9830508 0.9802260 0.9774011 0.9802260 0.9802260
5  0.9858757 0.9830508 0.9816384 0.9816384 0.9844633 0.9830508 0.9816384 0.9816384 0.9816384
6  0.9830269 0.9844413 0.9858557 0.9858557 0.9872702 0.9872702 0.9886846 0.9872702 0.9886846
7  0.9844633 0.9830508 0.9858757 0.9858757 0.9858757 0.9858757 0.9858757 0.9858757 0.9872881
8  0.9816124 0.9816124 0.9801980 0.9816124 0.9816124 0.9773692 0.9759547 0.9688826 0.9717115
9  0.9929379 0.9887006 0.9872881 0.9872881 0.9872881 0.9872881 0.9887006 0.9887006 0.9872881
10 0.9828816 0.9843081 0.9843081 0.9828816 0.9814551 0.9828816 0.9786020 0.9786020 0.9786020
          29        30        31        32        33        34        35        36        37
1  0.9885877 0.9885877 0.9885877 0.9900143 0.9900143 0.9885877 0.9885877 0.9885877 0.9871612
2  0.9816384 0.9816384 0.9802260 0.9802260 0.9802260 0.9788136 0.9802260 0.9802260 0.9802260
3  0.9872702 0.9872702 0.9872702 0.9872702 0.9872702 0.9872702 0.9872702 0.9872702 0.9872702
4  0.9816384 0.9802260 0.9802260 0.9816384 0.9830508 0.9830508 0.9816384 0.9816384 0.9816384
5  0.9774011 0.9788136 0.9788136 0.9788136 0.9788136 0.9788136 0.9802260 0.9802260 0.9816384
6  0.9872702 0.9858557 0.9844413 0.9816124 0.9830269 0.9830269 0.9816124 0.9830269 0.9844413
7  0.9872881 0.9872881 0.9844633 0.9844633 0.9844633 0.9844633 0.9844633 0.9844633 0.9844633
8  0.9717115 0.9745403 0.9773692 0.9773692 0.9773692 0.9773692 0.9773692 0.9787836 0.9787836
9  0.9844633 0.9844633 0.9830508 0.9858757 0.9858757 0.9858757 0.9858757 0.9844633 0.9830508
10 0.9786020 0.9771755 0.9786020 0.9814551 0.9771755 0.9743224 0.9757489 0.9757489 0.9757489
          38        39        40        41        42        43        44        45        46
1  0.9885877 0.9900143 0.9900143 0.9914408 0.9914408 0.9914408 0.9914408 0.9914408 0.9928673
2  0.9802260 0.9802260 0.9802260 0.9802260 0.9816384 0.9830508 0.9816384 0.9816384 0.9844633
3  0.9872702 0.9872702 0.9872702 0.9872702 0.9886846 0.9872702 0.9872702 0.9858557 0.9844413
4  0.9816384 0.9816384 0.9830508 0.9830508 0.9830508 0.9830508 0.9816384 0.9816384 0.9802260
5  0.9816384 0.9830508 0.9830508 0.9844633 0.9830508 0.9844633 0.9844633 0.9858757 0.9858757
6  0.9830269 0.9830269 0.9844413 0.9844413 0.9844413 0.9858557 0.9858557 0.9858557 0.9844413
7  0.9872881 0.9872881 0.9872881 0.9858757 0.9858757 0.9858757 0.9858757 0.9830508 0.9830508
8  0.9787836 0.9787836 0.9801980 0.9801980 0.9787836 0.9773692 0.9773692 0.9787836 0.9787836
9  0.9830508 0.9830508 0.9830508 0.9830508 0.9830508 0.9830508 0.9844633 0.9830508 0.9830508
10 0.9757489 0.9757489 0.9757489 0.9757489 0.9757489 0.9757489 0.9771755 0.9786020 0.9786020
          47        48        49        50
1  0.9928673 0.9928673 0.9928673 0.9914408
2  0.9858757 0.9858757 0.9858757 0.9858757
3  0.9844413 0.9858557 0.9858557 0.9858557
4  0.9816384 0.9844633 0.9830508 0.9830508
5  0.9844633 0.9844633 0.9844633 0.9830508
6  0.9844413 0.9844413 0.9844413 0.9844413
7  0.9830508 0.9830508 0.9844633 0.9830508
8  0.9759547 0.9759547 0.9759547 0.9759547
9  0.9844633 0.9858757 0.9844633 0.9858757
10 0.9800285 0.9814551 0.9843081 0.9814551

$SVM$`Mean Accuracy`
        1         2         3         4         5         6         7         8         9 
0.0000000 0.9814553 0.9813143 0.9859876 0.9854208 0.9841480 0.9848550 0.9858494 0.9857073 
       10        11        12        13        14        15        16        17        18 
0.9847194 0.9869791 0.9861314 0.9858455 0.9854196 0.9865542 0.9861290 0.9855624 0.9855596 
       19        20        21        22        23        24        25        26        27 
0.9852753 0.9854160 0.9845701 0.9844275 0.9845675 0.9848502 0.9841448 0.9835756 0.9832933 
       28        29        30        31        32        33        34        35        36 
0.9835752 0.9825871 0.9825859 0.9823050 0.9828738 0.9827285 0.9821593 0.9823018 0.9824434 
       37        38        39        40        41        42        43        44        45 
0.9824422 0.9827259 0.9830098 0.9834339 0.9835766 0.9835766 0.9837176 0.9837190 0.9835792 
       46        47        48        49        50 
0.9835802 0.9837225 0.9844303 0.9845744 0.9840052 

$SVM$`St Dev Accuracy`
          1           2           3           4           5           6           7           8 
0.000000000 0.003726222 0.004028768 0.003666790 0.004165288 0.004964044 0.005416274 0.004937609 
          9          10          11          12          13          14          15          16 
0.005819639 0.005043121 0.005188441 0.005712824 0.004363156 0.004158609 0.004005091 0.004506213 
         17          18          19          20          21          22          23          24 
0.003810063 0.003110319 0.003540379 0.003718565 0.003348992 0.003389435 0.003013790 0.003206292 
         25          26          27          28          29          30          31          32 
0.004036108 0.005180225 0.006394040 0.005904360 0.005460406 0.004818867 0.003841486 0.003955018 
         33          34          35          36          37          38          39          40 
0.004320035 0.004653117 0.004195852 0.003919220 0.003627345 0.004066888 0.004291236 0.004138553 
         41          42          43          44          45          46          47          48 
0.004304706 0.004506808 0.004560574 0.004401486 0.003848605 0.004128278 0.004335553 0.004216187 
         49          50 
0.004066849 0.003943290 

$SVM$`Precisions per Fold`
   1         2         3         4         5         6         7         8         9        10
1  0 0.8387097 0.8387097 0.9032258 0.9062500 0.8750000 0.9062500 0.9117647 0.9090909 0.8823529
2  0 0.9130435 0.9302326 0.9574468 0.9019608 0.9038462 0.8909091 0.8909091 0.8750000 0.8596491
3  0 1.0000000 0.9677419 1.0000000 0.9687500 0.9687500 0.9705882 0.9696970 1.0000000 0.9705882
4  0 0.8333333 0.8333333 0.7941176 0.8181818 0.7297297 0.7777778 0.7777778 0.7777778 0.7368421
5  0 0.8846154 0.8695652 0.8387097 0.8387097 0.7741935 0.8000000 0.7777778 0.7777778 0.7714286
6  0 0.9523810 0.9743590 0.9777778 0.9565217 0.9565217 0.9565217 0.9772727 0.9555556 0.9565217
7  0 0.8750000 0.8857143 0.9142857 0.9117647 0.9117647 0.8611111 0.8648649 0.8333333 0.8378378
8  0 0.8000000 0.8055556 0.8461538 0.8250000 0.8048780 0.8461538 0.8684211 0.8292683 0.8139535
9  0 0.9642857 0.9629630 0.9655172 0.9666667 0.9666667 0.9333333 0.9062500 0.9090909 0.8571429
10 0 0.8857143 0.8857143 0.8750000 0.8333333 0.8536585 0.8139535 0.8372093 0.8222222 0.8297872
          11        12        13        14        15        16        17        18        19
1  0.8823529 0.8823529 0.8571429 0.8529412 0.8611111 0.8611111 0.8378378 0.8108108 0.7894737
2  0.8750000 0.8571429 0.8545455 0.8596491 0.8596491 0.8596491 0.8571429 0.8421053 0.8703704
3  0.9714286 0.9722222 0.9714286 0.9714286 0.9722222 0.9722222 0.9722222 0.9722222 0.9722222
4  0.7777778 0.7567568 0.7179487 0.7567568 0.7567568 0.7567568 0.7567568 0.7435897 0.7250000
5  0.7777778 0.7777778 0.8108108 0.8108108 0.8108108 0.7837838 0.7894737 0.8333333 0.8157895
6  0.9574468 0.9361702 0.9166667 0.9166667 0.9166667 0.8979592 0.8958333 0.8958333 0.8936170
7  0.8421053 0.8157895 0.8461538 0.8048780 0.8333333 0.8333333 0.8333333 0.8717949 0.8500000
8  0.8780488 0.8780488 0.8571429 0.7826087 0.8000000 0.8333333 0.8333333 0.8333333 0.8139535
9  0.9428571 0.9428571 0.9428571 0.9428571 0.9428571 0.9428571 0.8918919 0.8918919 0.9428571
10 0.8125000 0.8125000 0.7959184 0.8085106 0.8260870 0.8085106 0.8085106 0.8085106 0.8085106
          20        21        22        23        24        25        26        27        28
1  0.7894737 0.7894737 0.7692308 0.7692308 0.7894737 0.7894737 0.7894737 0.8108108 0.7894737
2  0.8679245 0.8363636 0.8245614 0.8392857 0.8518519 0.8518519 0.8679245 0.8846154 0.8679245
3  0.9714286 0.9714286 0.9714286 0.9714286 0.9714286 0.9714286 0.9714286 0.9714286 1.0000000
4  0.7435897 0.7435897 0.7435897 0.7435897 0.7250000 0.6904762 0.6590909 0.6904762 0.6904762
5  0.8421053 0.7857143 0.7674419 0.7674419 0.8048780 0.7857143 0.7674419 0.7674419 0.7674419
6  0.8936170 0.8958333 0.9148936 0.8979592 0.9000000 0.9000000 0.9183673 0.9000000 0.9183673
7  0.8536585 0.8333333 0.8750000 0.8750000 0.8750000 0.8750000 0.8571429 0.8571429 0.8604651
8  0.7906977 0.7906977 0.7857143 0.7906977 0.7906977 0.7391304 0.7142857 0.6481481 0.6730769
9  0.9210526 0.8717949 0.8500000 0.8500000 0.8500000 0.8500000 0.8717949 0.8717949 0.8500000
10 0.8085106 0.8125000 0.8125000 0.7959184 0.7916667 0.7959184 0.7600000 0.7600000 0.7600000
          29        30        31        32        33        34        35        36        37
1  0.8285714 0.8285714 0.8285714 0.8157895 0.8157895 0.8108108 0.8108108 0.8108108 0.7894737
2  0.8545455 0.8545455 0.8392857 0.8392857 0.8392857 0.8363636 0.8518519 0.8518519 0.8518519
3  0.9428571 0.9428571 0.9189189 0.9189189 0.9189189 0.9189189 0.9189189 0.9189189 0.9189189
4  0.7073171 0.6904762 0.6904762 0.7073171 0.7250000 0.7250000 0.7073171 0.7073171 0.7073171
5  0.7272727 0.7441860 0.7441860 0.7441860 0.7441860 0.7441860 0.7619048 0.7619048 0.7804878
6  0.9000000 0.8823529 0.8653846 0.8461538 0.8627451 0.8627451 0.8461538 0.8490566 0.8653846
7  0.8604651 0.8604651 0.8372093 0.8372093 0.8372093 0.8372093 0.8372093 0.8372093 0.8372093
8  0.6730769 0.7000000 0.7291667 0.7291667 0.7291667 0.7291667 0.7291667 0.7446809 0.7446809
9  0.8250000 0.8250000 0.8048780 0.8461538 0.8461538 0.8461538 0.8461538 0.8421053 0.8378378
10 0.7407407 0.7272727 0.7407407 0.7692308 0.7358491 0.7169811 0.7307692 0.7307692 0.7307692
          38        39        40        41        42        43        44        45        46
1  0.8108108 0.8333333 0.8333333 0.8571429 0.8571429 0.8571429 0.8571429 0.8571429 0.8823529
2  0.8518519 0.8518519 0.8518519 0.8653846 0.8679245 0.8846154 0.8679245 0.8823529 0.9183673
3  0.9189189 0.9189189 0.9189189 0.9189189 0.9444444 0.9428571 0.9428571 0.9411765 0.9142857
4  0.7073171 0.7073171 0.7250000 0.7250000 0.7250000 0.7250000 0.7073171 0.7073171 0.6904762
5  0.7804878 0.8000000 0.8000000 0.8205128 0.8000000 0.8205128 0.8205128 0.8421053 0.8421053
6  0.8490566 0.8490566 0.8653846 0.8653846 0.8653846 0.8823529 0.8823529 0.8823529 0.8800000
7  0.8780488 0.8780488 0.8780488 0.8750000 0.8750000 0.8750000 0.8750000 0.8500000 0.8500000
8  0.7446809 0.7446809 0.7608696 0.7608696 0.7555556 0.7391304 0.7391304 0.7555556 0.7555556
9  0.8378378 0.8378378 0.8378378 0.8378378 0.8378378 0.8378378 0.8421053 0.8378378 0.8378378
10 0.7307692 0.7307692 0.7307692 0.7307692 0.7307692 0.7307692 0.7450980 0.7600000 0.7600000
          47        48        49        50
1  0.8823529 0.8823529 0.8823529 0.8571429
2  0.9375000 0.9375000 0.9375000 0.9375000
3  0.9142857 0.9411765 0.9411765 0.9411765
4  0.7073171 0.7435897 0.7368421 0.7368421
5  0.8378378 0.8378378 0.8378378 0.8157895
6  0.8800000 0.8800000 0.8800000 0.8800000
7  0.8500000 0.8500000 0.8717949 0.8500000
8  0.7333333 0.7333333 0.7333333 0.7333333
9  0.8611111 0.8857143 0.8611111 0.8648649
10 0.7755102 0.7916667 0.8260870 0.8181818

$SVM$`Mean Precisions`
        1         2         3         4         5         6         7         8         9 
0.0000000 0.8947083 0.8953889 0.9072235 0.8927139 0.8745009 0.8756599 0.8781944 0.8689117 
       10        11        12        13        14        15        16        17        18 
0.8516104 0.8717295 0.8631618 0.8570615 0.8507108 0.8579494 0.8549517 0.8476336 0.8503425 
       19        20        21        22        23        24        25        26        27 
0.8481794 0.8482058 0.8330729 0.8314360 0.8300552 0.8349996 0.8248993 0.8176950 0.8161859 
       28        29        30        31        32        33        34        35        36 
0.8177226 0.8059847 0.8055727 0.7998818 0.8053412 0.8054304 0.8027535 0.8040256 0.8054625 
       37        38        39        40        41        42        43        44        45 
0.8063931 0.8109780 0.8151814 0.8202014 0.8256820 0.8259059 0.8295219 0.8279441 0.8315841 
       46        47        48        49        50 
0.8330981 0.8379248 0.8483171 0.8508036 0.8434831 

$SVM$`St Dev Precisions`
         1          2          3          4          5          6          7          8 
0.00000000 0.06327475 0.06077196 0.06817194 0.06012609 0.08343782 0.06686623 0.06862535 
         9         10         11         12         13         14         15         16 
0.07422579 0.07294390 0.07035590 0.07274394 0.07404863 0.07183123 0.06763423 0.06764941 
        17         18         19         20         21         22         23         24 
0.06107509 0.06188334 0.07403039 0.06854466 0.06579541 0.07225230 0.07064077 0.06981499 
        25         26         27         28         29         30         31         32 
0.08167259 0.09619086 0.10009932 0.10138786 0.08920829 0.08521352 0.07135547 0.06579718 
        33         34         35         36         37         38         39         40 
0.06746526 0.06960717 0.06854168 0.06675596 0.06703875 0.06871508 0.06832095 0.06464262 
        41         42         43         44         45         46         47         48 
0.06564907 0.07130306 0.07490758 0.07482466 0.07043875 0.07496263 0.07606076 0.07276160 
        49         50 
0.07121462 0.07095794 

$SVM$`Micro Ave Precisions`
        1         2         3         4         5         6         7         8         9 
      NaN 0.8948949 0.8969697 0.9085873 0.8921833 0.8750000 0.8766404 0.8788660 0.8690176 
       10        11        12        13        14        15        16        17        18 
0.8522167 0.8719212 0.8627451 0.8550725 0.8489209 0.8568019 0.8540670 0.8476190 0.8492823 
       19        20        21        22        23        24        25        26        27 
0.8468900 0.8472554 0.8321678 0.8302326 0.8290993 0.8344988 0.8233945 0.8144796 0.8108108 
       28        29        30        31        32        33        34        35        36 
0.8130631 0.8017817 0.8017817 0.7982262 0.8040089 0.8035714 0.8004484 0.8022472 0.8040541 
       37        38        39        40        41        42        43        44        45 
0.8054299 0.8090909 0.8127854 0.8183908 0.8232558 0.8232558 0.8266979 0.8251748 0.8293839 
       46        47        48        49        50 
0.8309524 0.8361446 0.8463415 0.8501229 0.8435208 

$SVM$`Recalls per Fold`
   1         2         3         4         5         6         7         8         9        10
1  0 0.8387097 0.8387097 0.9032258 0.9354839 0.9032258 0.9354839 1.0000000 0.9677419 0.9677419
2  0 0.8076923 0.7692308 0.8653846 0.8846154 0.9038462 0.9423077 0.9423077 0.9423077 0.9423077
3  0 0.7000000 0.7500000 0.7500000 0.7750000 0.7750000 0.8250000 0.8000000 0.9000000 0.8250000
4  0 0.8333333 0.8333333 0.9000000 0.9000000 0.9000000 0.9333333 0.9333333 0.9333333 0.9333333
5  0 0.6388889 0.5555556 0.7222222 0.7222222 0.6666667 0.6666667 0.7777778 0.7777778 0.7500000
6  0 0.8163265 0.7755102 0.8979592 0.8979592 0.8979592 0.8979592 0.8775510 0.8775510 0.8979592
7  0 0.7000000 0.7750000 0.8000000 0.7750000 0.7750000 0.7750000 0.8000000 0.7500000 0.7750000
8  0 0.7368421 0.7631579 0.8684211 0.8684211 0.8684211 0.8684211 0.8684211 0.8947368 0.9210526
9  0 0.7297297 0.7027027 0.7567568 0.7837838 0.7837838 0.7567568 0.7837838 0.8108108 0.8108108
10 0 0.7560976 0.7560976 0.8536585 0.8536585 0.8536585 0.8536585 0.8780488 0.9024390 0.9512195
          11        12        13        14        15        16        17        18        19
1  0.9677419 0.9677419 0.9677419 0.9354839 1.0000000 1.0000000 1.0000000 0.9677419 0.9677419
2  0.9423077 0.9230769 0.9038462 0.9423077 0.9423077 0.9423077 0.9230769 0.9230769 0.9038462
3  0.8500000 0.8750000 0.8500000 0.8500000 0.8750000 0.8750000 0.8750000 0.8750000 0.8750000
4  0.9333333 0.9333333 0.9333333 0.9333333 0.9333333 0.9333333 0.9333333 0.9666667 0.9666667
5  0.7777778 0.7777778 0.8333333 0.8333333 0.8333333 0.8055556 0.8333333 0.8333333 0.8611111
6  0.9183673 0.8979592 0.8979592 0.8979592 0.8979592 0.8979592 0.8775510 0.8775510 0.8571429
7  0.8000000 0.7750000 0.8250000 0.8250000 0.8750000 0.8750000 0.8750000 0.8500000 0.8500000
8  0.9473684 0.9473684 0.9473684 0.9473684 0.9473684 0.9210526 0.9210526 0.9210526 0.9210526
9  0.8918919 0.8918919 0.8918919 0.8918919 0.8918919 0.8918919 0.8918919 0.8918919 0.8918919
10 0.9512195 0.9512195 0.9512195 0.9268293 0.9268293 0.9268293 0.9268293 0.9268293 0.9268293
          20        21        22        23        24        25        26        27        28
1  0.9677419 0.9677419 0.9677419 0.9677419 0.9677419 0.9677419 0.9677419 0.9677419 0.9677419
2  0.8846154 0.8846154 0.9038462 0.9038462 0.8846154 0.8846154 0.8846154 0.8846154 0.8846154
3  0.8500000 0.8500000 0.8500000 0.8500000 0.8500000 0.8500000 0.8500000 0.8500000 0.8500000
4  0.9666667 0.9666667 0.9666667 0.9666667 0.9666667 0.9666667 0.9666667 0.9666667 0.9666667
5  0.8888889 0.9166667 0.9166667 0.9166667 0.9166667 0.9166667 0.9166667 0.9166667 0.9166667
6  0.8571429 0.8775510 0.8775510 0.8979592 0.9183673 0.9183673 0.9183673 0.9183673 0.9183673
7  0.8750000 0.8750000 0.8750000 0.8750000 0.8750000 0.8750000 0.9000000 0.9000000 0.9250000
8  0.8947368 0.8947368 0.8684211 0.8947368 0.8947368 0.8947368 0.9210526 0.9210526 0.9210526
9  0.9459459 0.9189189 0.9189189 0.9189189 0.9189189 0.9189189 0.9189189 0.9189189 0.9189189
10 0.9268293 0.9512195 0.9512195 0.9512195 0.9268293 0.9512195 0.9268293 0.9268293 0.9268293
          29        30        31        32        33        34        35        36        37
1  0.9354839 0.9354839 0.9354839 1.0000000 1.0000000 0.9677419 0.9677419 0.9677419 0.9677419
2  0.9038462 0.9038462 0.9038462 0.9038462 0.9038462 0.8846154 0.8846154 0.8846154 0.8846154
3  0.8250000 0.8250000 0.8500000 0.8500000 0.8500000 0.8500000 0.8500000 0.8500000 0.8500000
4  0.9666667 0.9666667 0.9666667 0.9666667 0.9666667 0.9666667 0.9666667 0.9666667 0.9666667
5  0.8888889 0.8888889 0.8888889 0.8888889 0.8888889 0.8888889 0.8888889 0.8888889 0.8888889
6  0.9183673 0.9183673 0.9183673 0.8979592 0.8979592 0.8979592 0.8979592 0.9183673 0.9183673
7  0.9250000 0.9250000 0.9000000 0.9000000 0.9000000 0.9000000 0.9000000 0.9000000 0.9000000
8  0.9210526 0.9210526 0.9210526 0.9210526 0.9210526 0.9210526 0.9210526 0.9210526 0.9210526
9  0.8918919 0.8918919 0.8918919 0.8918919 0.8918919 0.8918919 0.8918919 0.8648649 0.8378378
10 0.9756098 0.9756098 0.9756098 0.9756098 0.9512195 0.9268293 0.9268293 0.9268293 0.9268293
          38        39        40        41        42        43        44        45        46
1  0.9677419 0.9677419 0.9677419 0.9677419 0.9677419 0.9677419 0.9677419 0.9677419 0.9677419
2  0.8846154 0.8846154 0.8846154 0.8653846 0.8846154 0.8846154 0.8846154 0.8653846 0.8653846
3  0.8500000 0.8500000 0.8500000 0.8500000 0.8500000 0.8250000 0.8250000 0.8000000 0.8000000
4  0.9666667 0.9666667 0.9666667 0.9666667 0.9666667 0.9666667 0.9666667 0.9666667 0.9666667
5  0.8888889 0.8888889 0.8888889 0.8888889 0.8888889 0.8888889 0.8888889 0.8888889 0.8888889
6  0.9183673 0.9183673 0.9183673 0.9183673 0.9183673 0.9183673 0.9183673 0.9183673 0.8979592
7  0.9000000 0.9000000 0.9000000 0.8750000 0.8750000 0.8750000 0.8750000 0.8500000 0.8500000
8  0.9210526 0.9210526 0.9210526 0.9210526 0.8947368 0.8947368 0.8947368 0.8947368 0.8947368
9  0.8378378 0.8378378 0.8378378 0.8378378 0.8378378 0.8378378 0.8648649 0.8378378 0.8378378
10 0.9268293 0.9268293 0.9268293 0.9268293 0.9268293 0.9268293 0.9268293 0.9268293 0.9268293
          47        48        49        50
1  0.9677419 0.9677419 0.9677419 0.9677419
2  0.8653846 0.8653846 0.8653846 0.8653846
3  0.8000000 0.8000000 0.8000000 0.8000000
4  0.9666667 0.9666667 0.9333333 0.9333333
5  0.8611111 0.8611111 0.8611111 0.8611111
6  0.8979592 0.8979592 0.8979592 0.8979592
7  0.8500000 0.8500000 0.8500000 0.8500000
8  0.8684211 0.8684211 0.8684211 0.8684211
9  0.8378378 0.8378378 0.8378378 0.8648649
10 0.9268293 0.9268293 0.9268293 0.8780488

$SVM$`Mean Recalls`
        1         2         3         4         5         6         7         8         9 
0.0000000 0.7557620 0.7519298 0.8317628 0.8396144 0.8327561 0.8454587 0.8661223 0.8756698 
       10        11        12        13        14        15        16        17        18 
0.8774425 0.8980008 0.8940369 0.9001694 0.8983507 0.9123023 0.9068930 0.9057068 0.9033144 
       19        20        21        22        23        24        25        26        27 
0.9021283 0.9057568 0.9103117 0.9096032 0.9142756 0.9119543 0.9143933 0.9170859 0.9170859 
       28        29        30        31        32        33        34        35        36 
0.9195859 0.9151807 0.9151807 0.9151807 0.9195915 0.9171525 0.9095646 0.9095646 0.9089027 
       37        38        39        40        41        42        43        44        45 
0.9062000 0.9062000 0.9062000 0.9062000 0.9017769 0.9010684 0.8985684 0.9012711 0.8916453 
       46        47        48        49        50 
0.8896045 0.8841952 0.8841952 0.8808618 0.8786865 

$SVM$`St Dev Recalls`
         1          2          3          4          5          6          7          8 
0.00000000 0.06681344 0.07935727 0.06865209 0.07034965 0.07969203 0.09053829 0.07590317 
         9         10         11         12         13         14         15         16 
0.07264912 0.07970581 0.06679873 0.06831498 0.05079495 0.04682815 0.04727639 0.05145506 
        17         18         19         20         21         22         23         24 
0.04563763 0.04565362 0.04308358 0.04331080 0.04099131 0.04217862 0.03862396 0.03754497 
        25         26         27         28         29         30         31         32 
0.03936669 0.03493949 0.03493949 0.03447240 0.04262290 0.04262290 0.03741718 0.04651687 
        33         34         35         36         37         38         39         40 
0.04381422 0.03683548 0.03683548 0.03920861 0.04329957 0.04329957 0.04329957 0.04329957 
        41         42         43         44         45         46         47         48 
0.04572021 0.04404057 0.04780989 0.04465516 0.05487976 0.05415025 0.05510737 0.05510737 
        49         50 
0.05036897 0.04605036 

$SVM$`Micro Ave Recalls`
        1         2         3         4         5         6         7         8         9 
      NaN 0.7563452 0.7512690 0.8324873 0.8401015 0.8350254 0.8477157 0.8654822 0.8756345 
       10        11        12        13        14        15        16        17        18 
0.8781726 0.8984772 0.8934010 0.8984772 0.8984772 0.9111675 0.9060914 0.9035533 0.9010152 
       19        20        21        22        23        24        25        26        27 
0.8984772 0.9010152 0.9060914 0.9060914 0.9111675 0.9086294 0.9111675 0.9137056 0.9137056 
       28        29        30        31        32        33        34        35        36 
0.9162437 0.9137056 0.9137056 0.9137056 0.9162437 0.9137056 0.9060914 0.9060914 0.9060914 
       37        38        39        40        41        42        43        44        45 
0.9035533 0.9035533 0.9035533 0.9035533 0.8984772 0.8984772 0.8959391 0.8984772 0.8883249 
       46        47        48        49        50 
0.8857868 0.8807107 0.8807107 0.8781726 0.8756345 

$SVM$`F1 Measure`
   1         2         3         4         5         6         7         8         9        10
1  0 0.8387097 0.8387097 0.9032258 0.9206349 0.8888889 0.9206349 0.9538462 0.9375000 0.9230769
2  0 0.8571429 0.8421053 0.9090909 0.8932039 0.9038462 0.9158879 0.9158879 0.9074074 0.8990826
3  0 0.8235294 0.8450704 0.8571429 0.8611111 0.8611111 0.8918919 0.8767123 0.9473684 0.8918919
4  0 0.8333333 0.8333333 0.8437500 0.8571429 0.8059701 0.8484848 0.8484848 0.8484848 0.8235294
5  0 0.7419355 0.6779661 0.7761194 0.7761194 0.7164179 0.7272727 0.7777778 0.7777778 0.7605634
6  0 0.8791209 0.8636364 0.9361702 0.9263158 0.9263158 0.9263158 0.9247312 0.9148936 0.9263158
7  0 0.7777778 0.8266667 0.8533333 0.8378378 0.8378378 0.8157895 0.8311688 0.7894737 0.8051948
8  0 0.7671233 0.7837838 0.8571429 0.8461538 0.8354430 0.8571429 0.8684211 0.8607595 0.8641975
9  0 0.8307692 0.8125000 0.8484848 0.8656716 0.8656716 0.8358209 0.8405797 0.8571429 0.8333333
10 0 0.8157895 0.8157895 0.8641975 0.8433735 0.8536585 0.8333333 0.8571429 0.8604651 0.8863636
          11        12        13        14        15        16        17        18        19
1  0.9230769 0.9230769 0.9090909 0.8923077 0.9253731 0.9253731 0.9117647 0.8823529 0.8695652
2  0.9074074 0.8888889 0.8785047 0.8990826 0.8990826 0.8990826 0.8888889 0.8807339 0.8867925
3  0.9066667 0.9210526 0.9066667 0.9066667 0.9210526 0.9210526 0.9210526 0.9210526 0.9210526
4  0.8484848 0.8358209 0.8115942 0.8358209 0.8358209 0.8358209 0.8358209 0.8405797 0.8285714
5  0.7777778 0.7777778 0.8219178 0.8219178 0.8219178 0.7945205 0.8108108 0.8333333 0.8378378
6  0.9375000 0.9166667 0.9072165 0.9072165 0.9072165 0.8979592 0.8865979 0.8865979 0.8750000
7  0.8205128 0.7948718 0.8354430 0.8148148 0.8536585 0.8536585 0.8536585 0.8607595 0.8500000
8  0.9113924 0.9113924 0.9000000 0.8571429 0.8674699 0.8750000 0.8750000 0.8750000 0.8641975
9  0.9166667 0.9166667 0.9166667 0.9166667 0.9166667 0.9166667 0.8918919 0.8918919 0.9166667
10 0.8764045 0.8764045 0.8666667 0.8636364 0.8735632 0.8636364 0.8636364 0.8636364 0.8636364
          20        21        22        23        24        25        26        27        28
1  0.8695652 0.8695652 0.8571429 0.8571429 0.8695652 0.8695652 0.8695652 0.8823529 0.8695652
2  0.8761905 0.8598131 0.8623853 0.8703704 0.8679245 0.8679245 0.8761905 0.8846154 0.8761905
3  0.9066667 0.9066667 0.9066667 0.9066667 0.9066667 0.9066667 0.9066667 0.9066667 0.9189189
4  0.8405797 0.8405797 0.8405797 0.8405797 0.8285714 0.8055556 0.7837838 0.8055556 0.8055556
5  0.8648649 0.8461538 0.8354430 0.8354430 0.8571429 0.8461538 0.8354430 0.8354430 0.8354430
6  0.8750000 0.8865979 0.8958333 0.8979592 0.9090909 0.9090909 0.9183673 0.9090909 0.9183673
7  0.8641975 0.8536585 0.8750000 0.8750000 0.8750000 0.8750000 0.8780488 0.8780488 0.8915663
8  0.8395062 0.8395062 0.8250000 0.8395062 0.8395062 0.8095238 0.8045977 0.7608696 0.7777778
9  0.9333333 0.8947368 0.8831169 0.8831169 0.8831169 0.8831169 0.8947368 0.8947368 0.8831169
10 0.8636364 0.8764045 0.8764045 0.8666667 0.8539326 0.8666667 0.8351648 0.8351648 0.8351648
          29        30        31        32        33        34        35        36        37
1  0.8787879 0.8787879 0.8787879 0.8985507 0.8985507 0.8823529 0.8823529 0.8823529 0.8695652
2  0.8785047 0.8785047 0.8703704 0.8703704 0.8703704 0.8598131 0.8679245 0.8679245 0.8679245
3  0.8800000 0.8800000 0.8831169 0.8831169 0.8831169 0.8831169 0.8831169 0.8831169 0.8831169
4  0.8169014 0.8055556 0.8055556 0.8169014 0.8285714 0.8285714 0.8169014 0.8169014 0.8169014
5  0.8000000 0.8101266 0.8101266 0.8101266 0.8101266 0.8101266 0.8205128 0.8205128 0.8311688
6  0.9090909 0.9000000 0.8910891 0.8712871 0.8800000 0.8800000 0.8712871 0.8823529 0.8910891
7  0.8915663 0.8915663 0.8674699 0.8674699 0.8674699 0.8674699 0.8674699 0.8674699 0.8674699
8  0.7777778 0.7954545 0.8139535 0.8139535 0.8139535 0.8139535 0.8139535 0.8235294 0.8235294
9  0.8571429 0.8571429 0.8461538 0.8684211 0.8684211 0.8684211 0.8684211 0.8533333 0.8378378
10 0.8421053 0.8333333 0.8421053 0.8602151 0.8297872 0.8085106 0.8172043 0.8172043 0.8172043
          38        39        40        41        42        43        44        45        46
1  0.8823529 0.8955224 0.8955224 0.9090909 0.9090909 0.9090909 0.9090909 0.9090909 0.9230769
2  0.8679245 0.8679245 0.8679245 0.8653846 0.8761905 0.8846154 0.8761905 0.8737864 0.8910891
3  0.8831169 0.8831169 0.8831169 0.8831169 0.8947368 0.8800000 0.8800000 0.8648649 0.8533333
4  0.8169014 0.8169014 0.8285714 0.8285714 0.8285714 0.8285714 0.8169014 0.8169014 0.8055556
5  0.8311688 0.8421053 0.8421053 0.8533333 0.8421053 0.8533333 0.8533333 0.8648649 0.8648649
6  0.8823529 0.8823529 0.8910891 0.8910891 0.8910891 0.9000000 0.9000000 0.9000000 0.8888889
7  0.8888889 0.8888889 0.8888889 0.8750000 0.8750000 0.8750000 0.8750000 0.8500000 0.8500000
8  0.8235294 0.8235294 0.8333333 0.8333333 0.8192771 0.8095238 0.8095238 0.8192771 0.8192771
9  0.8378378 0.8378378 0.8378378 0.8378378 0.8378378 0.8378378 0.8533333 0.8378378 0.8378378
10 0.8172043 0.8172043 0.8172043 0.8172043 0.8172043 0.8172043 0.8260870 0.8351648 0.8351648
          47        48        49        50
1  0.9230769 0.9230769 0.9230769 0.9090909
2  0.9000000 0.9000000 0.9000000 0.9000000
3  0.8533333 0.8648649 0.8648649 0.8648649
4  0.8169014 0.8405797 0.8235294 0.8235294
5  0.8493151 0.8493151 0.8493151 0.8378378
6  0.8888889 0.8888889 0.8888889 0.8888889
7  0.8500000 0.8500000 0.8607595 0.8500000
8  0.7951807 0.7951807 0.7951807 0.7951807
9  0.8493151 0.8611111 0.8493151 0.8648649
10 0.8444444 0.8539326 0.8735632 0.8470588

$SVM$`Mean F1 Measure`
        1         2         3         4         5         6         7         8         9 
0.0000000 0.8165231 0.8139561 0.8648658 0.8627565 0.8495161 0.8572575 0.8694753 0.8701273 
       10        11        12        13        14        15        16        17        18 
0.8613549 0.8825890 0.8762619 0.8753767 0.8715273 0.8821822 0.8782771 0.8739123 0.8735938 
       19        20        21        22        23        24        25        26        27 
0.8713320 0.8733540 0.8673683 0.8657572 0.8672452 0.8690517 0.8639264 0.8602565 0.8592545 
       28        29        30        31        32        33        34        35        36 
0.8611666 0.8531877 0.8530472 0.8508729 0.8560413 0.8550368 0.8502336 0.8509144 0.8514698 
       37        38        39        40        41        42        43        44        45 
0.8505807 0.8531278 0.8555384 0.8585594 0.8593962 0.8591103 0.8595177 0.8599460 0.8571788 
       46        47        48        49        50 
0.8569088 0.8570456 0.8626950 0.8628494 0.8581316 

$SVM$`St Dev F1 Measure`
         1          2          3          4          5          6          7          8 
0.00000000 0.04229619 0.05248017 0.04391221 0.04363705 0.05846041 0.06068801 0.05129731 
         9         10         11         12         13         14         15         16 
0.05749459 0.05431164 0.05151190 0.05458480 0.03950676 0.03794544 0.03706359 0.04215138 
        17         18         19         20         21         22         23         24 
0.03385139 0.02551831 0.03036533 0.02828924 0.02342524 0.02662057 0.02452547 0.02610825 
        25         26         27         28         29         30         31         32 
0.03511159 0.04418151 0.04856952 0.04677789 0.04292635 0.03879485 0.03209012 0.03107458 
        33         34         35         36         37         38         39         40 
0.03147605 0.03136437 0.02961599 0.02895860 0.02821594 0.03036858 0.03131318 0.02977899 
        41         42         43         44         45         46         47         48 
0.03023451 0.03391374 0.03518394 0.03422367 0.03143161 0.03587456 0.03800550 0.03526913 
        49         50 
0.03696885 0.03519342 

$SVM$`Micro Ave F1 Measure`
        1         2         3         4         5         6         7         8         9 
      NaN 0.8198074 0.8176796 0.8688742 0.8653595 0.8545455 0.8619355 0.8721228 0.8723135 
       10        11        12        13        14        15        16        17        18 
0.8650000 0.8850000 0.8778055 0.8762376 0.8729963 0.8831488 0.8793103 0.8746929 0.8743842 
       19        20        21        22        23        24        25        26        27 
0.8719212 0.8733087 0.8675577 0.8665049 0.8681983 0.8699878 0.8650602 0.8612440 0.8591885 
       28        29        30        31        32        33        34        35        36 
0.8615752 0.8540925 0.8540925 0.8520710 0.8564650 0.8551069 0.8500000 0.8510131 0.8520286 
       37        38        39        40        41        42        43        44        45 
0.8516746 0.8537170 0.8557692 0.8588661 0.8592233 0.8592233 0.8599269 0.8602673 0.8578431 
       46        47        48        49        50 
0.8574939 0.8578492 0.8631841 0.8639201 0.8592777 
