> ig_5
$`NAIVE BAYES`
$`NAIVE BAYES`$`Accuracy per Fold`
   1         2         3         4         5         6         7         8         9        10
1  0 0.9429387 0.9457917 0.9457917 0.9486448 0.9529244 0.9514979 0.9529244 0.9543509 0.9486448
2  0 0.9689266 0.9717514 0.9675141 0.9689266 0.9745763 0.9774011 0.9774011 0.9774011 0.9788136
3  0 0.9801980 0.9816124 0.9745403 0.9759547 0.9759547 0.9759547 0.9745403 0.9717115 0.9702970
4  0 0.9774011 0.9788136 0.9830508 0.9745763 0.9774011 0.9745763 0.9759887 0.9774011 0.9731638
5  0 0.9632768 0.9632768 0.9646893 0.9632768 0.9632768 0.9661017 0.9646893 0.9646893 0.9646893
6  0 0.9646393 0.9688826 0.9702970 0.9717115 0.9702970 0.9688826 0.9660537 0.9660537 0.9674682
7  0 0.9675141 0.9759887 0.9759887 0.9703390 0.9618644 0.9632768 0.9632768 0.9646893 0.9689266
8  0 0.9702970 0.9731259 0.9745403 0.9660537 0.9660537 0.9688826 0.9646393 0.9660537 0.9632249
9  0 0.9731638 0.9788136 0.9788136 0.9731638 0.9731638 0.9759887 0.9745763 0.9759887 0.9774011
10 0 0.9757489 0.9786020 0.9728959 0.9714693 0.9728959 0.9728959 0.9714693 0.9686163 0.9671897
          11        12        13        14        15        16        17        18        19
1  0.9472183 0.9500713 0.9472183 0.9443652 0.9429387 0.9443652 0.9400856 0.9443652 0.9429387
2  0.9774011 0.9759887 0.9774011 0.9731638 0.9731638 0.9717514 0.9717514 0.9703390 0.9703390
3  0.9688826 0.9660537 0.9660537 0.9688826 0.9674682 0.9688826 0.9660537 0.9646393 0.9646393
4  0.9703390 0.9646893 0.9618644 0.9646893 0.9632768 0.9632768 0.9604520 0.9590395 0.9604520
5  0.9604520 0.9590395 0.9618644 0.9632768 0.9618644 0.9618644 0.9632768 0.9632768 0.9632768
6  0.9646393 0.9632249 0.9632249 0.9618105 0.9603960 0.9603960 0.9603960 0.9632249 0.9632249
7  0.9689266 0.9632768 0.9604520 0.9562147 0.9562147 0.9562147 0.9562147 0.9548023 0.9562147
8  0.9589816 0.9547383 0.9561528 0.9533239 0.9533239 0.9533239 0.9519095 0.9547383 0.9519095
9  0.9774011 0.9816384 0.9816384 0.9802260 0.9788136 0.9788136 0.9759887 0.9745763 0.9731638
10 0.9614836 0.9629101 0.9614836 0.9600571 0.9600571 0.9543509 0.9543509 0.9514979 0.9529244
          20        21        22        23        24        25        26        27        28
1  0.9472183 0.9500713 0.9457917 0.9415121 0.9443652 0.9443652 0.9400856 0.9386591 0.9415121
2  0.9703390 0.9703390 0.9675141 0.9661017 0.9661017 0.9675141 0.9689266 0.9675141 0.9661017
3  0.9632249 0.9575672 0.9519095 0.9504950 0.9504950 0.9519095 0.9476662 0.9476662 0.9519095
4  0.9590395 0.9548023 0.9519774 0.9463277 0.9463277 0.9463277 0.9449153 0.9449153 0.9463277
5  0.9646893 0.9632768 0.9632768 0.9646893 0.9646893 0.9618644 0.9618644 0.9604520 0.9604520
6  0.9618105 0.9603960 0.9618105 0.9603960 0.9589816 0.9575672 0.9589816 0.9603960 0.9618105
7  0.9562147 0.9548023 0.9533898 0.9533898 0.9519774 0.9533898 0.9533898 0.9533898 0.9548023
8  0.9504950 0.9504950 0.9490806 0.9476662 0.9490806 0.9490806 0.9519095 0.9504950 0.9504950
9  0.9745763 0.9759887 0.9759887 0.9759887 0.9759887 0.9745763 0.9731638 0.9731638 0.9717514
10 0.9500713 0.9514979 0.9514979 0.9514979 0.9529244 0.9543509 0.9514979 0.9472183 0.9472183
          29        30        31        32        33        34        35        36        37
1  0.9386591 0.9358060 0.9400856 0.9400856 0.9400856 0.9358060 0.9358060 0.9343795 0.9329529
2  0.9646893 0.9646893 0.9646893 0.9646893 0.9646893 0.9661017 0.9675141 0.9661017 0.9675141
3  0.9519095 0.9533239 0.9533239 0.9561528 0.9575672 0.9561528 0.9504950 0.9504950 0.9504950
4  0.9477401 0.9533898 0.9533898 0.9590395 0.9590395 0.9590395 0.9576271 0.9576271 0.9576271
5  0.9576271 0.9590395 0.9590395 0.9590395 0.9618644 0.9604520 0.9618644 0.9590395 0.9562147
6  0.9632249 0.9603960 0.9618105 0.9618105 0.9589816 0.9575672 0.9561528 0.9547383 0.9547383
7  0.9548023 0.9533898 0.9533898 0.9519774 0.9477401 0.9477401 0.9463277 0.9463277 0.9463277
8  0.9504950 0.9462518 0.9462518 0.9462518 0.9476662 0.9434229 0.9434229 0.9420085 0.9405941
9  0.9717514 0.9717514 0.9703390 0.9689266 0.9689266 0.9703390 0.9675141 0.9689266 0.9675141
10 0.9457917 0.9457917 0.9443652 0.9415121 0.9415121 0.9400856 0.9358060 0.9343795 0.9358060
          38        39        40        41        42        43        44        45        46
1  0.9343795 0.9329529 0.9315264 0.9272468 0.9229672 0.9229672 0.9243937 0.9243937 0.9243937
2  0.9661017 0.9604520 0.9590395 0.9590395 0.9548023 0.9548023 0.9533898 0.9505650 0.9505650
3  0.9504950 0.9434229 0.9434229 0.9434229 0.9405941 0.9377652 0.9349364 0.9349364 0.9321075
4  0.9562147 0.9505650 0.9519774 0.9449153 0.9406780 0.9420904 0.9406780 0.9406780 0.9406780
5  0.9562147 0.9562147 0.9562147 0.9548023 0.9519774 0.9505650 0.9449153 0.9463277 0.9463277
6  0.9547383 0.9519095 0.9504950 0.9476662 0.9462518 0.9448373 0.9420085 0.9448373 0.9462518
7  0.9463277 0.9449153 0.9420904 0.9406780 0.9406780 0.9420904 0.9420904 0.9406780 0.9406780
8  0.9391796 0.9391796 0.9391796 0.9377652 0.9349364 0.9321075 0.9321075 0.9335219 0.9335219
9  0.9661017 0.9661017 0.9646893 0.9618644 0.9618644 0.9604520 0.9604520 0.9576271 0.9548023
10 0.9358060 0.9358060 0.9343795 0.9343795 0.9315264 0.9329529 0.9329529 0.9315264 0.9272468
          47        48        49        50
1  0.9258203 0.9243937 0.9243937 0.9243937
2  0.9519774 0.9519774 0.9519774 0.9533898
3  0.9321075 0.9306931 0.9292786 0.9292786
4  0.9406780 0.9406780 0.9392655 0.9392655
5  0.9477401 0.9463277 0.9435028 0.9435028
6  0.9462518 0.9448373 0.9448373 0.9448373
7  0.9406780 0.9392655 0.9392655 0.9392655
8  0.9278642 0.9264498 0.9264498 0.9264498
9  0.9533898 0.9548023 0.9519774 0.9519774
10 0.9272468 0.9258203 0.9258203 0.9258203

$`NAIVE BAYES`$`Mean Accuracy`
        1         2         3         4         5         6         7         8         9 
0.0000000 0.9684104 0.9716659 0.9708122 0.9684117 0.9688408 0.9695458 0.9685559 0.9686956 
       10        11        12        13        14        15        16        17        18 
0.9679819 0.9655725 0.9641631 0.9637354 0.9626010 0.9617517 0.9613240 0.9600479 0.9600499 
       19        20        21        22        23        24        25        26        27 
0.9599083 0.9597679 0.9589237 0.9572237 0.9558064 0.9560932 0.9560946 0.9552401 0.9543870 
       28        29        30        31        32        33        34        35        36 
0.9552380 0.9546690 0.9543829 0.9546684 0.9549485 0.9548073 0.9536707 0.9522530 0.9514023 
       37        38        39        40        41        42        43        44        45 
0.9509784 0.9505559 0.9481520 0.9473015 0.9451780 0.9426276 0.9420630 0.9407924 0.9405091 
       46        47        48        49        50 
0.9396573 0.9393754 0.9385245 0.9376768 0.9378181 

$`NAIVE BAYES`$`St Dev Accuracy`
          1           2           3           4           5           6           7           8 
0.000000000 0.010489379 0.010633505 0.010259948 0.007918730 0.007708316 0.007878168 0.007621566 
          9          10          11          12          13          14          15          16 
0.007193310 0.008481595 0.009121930 0.009225410 0.009809693 0.010181578 0.010092281 0.010016910 
         17          18          19          20          21          22          23          24 
0.010272610 0.009033001 0.009091517 0.008956915 0.008711442 0.009521584 0.010678834 0.010103049 
         25          26          27          28          29          30          31          32 
0.009530512 0.010480704 0.010788716 0.009585693 0.009901496 0.010294808 0.009491705 0.009764911 
         33          34          35          36          37          38          39          40 
0.009911800 0.011413475 0.011829580 0.012136948 0.012098846 0.011505641 0.010827994 0.010932220 
         41          42          43          44          45          46          47          48 
0.010984242 0.011544560 0.011282493 0.010569683 0.009815319 0.010110784 0.010498867 0.011155870 
         49          50 
0.010608545 0.010827247 

$`NAIVE BAYES`$`Precisions per Fold`
   1         2         3         4         5         6         7         8         9        10
1  0 0.4666667 0.4888889 0.4883721 0.5106383 0.5454545 0.5333333 0.5416667 0.5609756 0.5128205
2  0 0.7027027 0.7297297 0.6750000 0.6829268 0.7111111 0.7441860 0.7333333 0.7560976 0.7750000
3  0 0.7906977 0.7954545 0.7234043 0.7391304 0.7619048 0.7619048 0.7441860 0.7209302 0.6956522
4  0 0.7812500 0.8064516 0.8437500 0.7222222 0.7647059 0.7352941 0.7428571 0.7647059 0.7027027
5  0 0.6363636 0.6153846 0.6250000 0.6046512 0.6097561 0.6410256 0.6190476 0.6190476 0.6315789
6  0 0.6333333 0.6774194 0.6875000 0.7096774 0.6666667 0.6774194 0.6097561 0.6153846 0.6470588
7  0 0.6666667 0.7575758 0.7575758 0.7096774 0.5813953 0.5909091 0.5952381 0.6216216 0.6764706
8  0 0.7647059 0.7777778 0.8000000 0.6744186 0.6923077 0.7073171 0.6666667 0.6744186 0.6511628
9  0 0.6176471 0.6764706 0.6764706 0.6052632 0.6250000 0.6666667 0.6363636 0.6666667 0.7037037
10 0 0.7297297 0.7435897 0.6744186 0.6590909 0.6666667 0.6744186 0.6590909 0.6428571 0.6222222
          11        12        13        14        15        16        17        18        19
1  0.5000000 0.5250000 0.5000000 0.4782609 0.4680851 0.4782609 0.4509804 0.4800000 0.4705882
2  0.7560976 0.7380952 0.7441860 0.7045455 0.7045455 0.6888889 0.6888889 0.6739130 0.6739130
3  0.6808511 0.6530612 0.6530612 0.6808511 0.6739130 0.6808511 0.6530612 0.6458333 0.6458333
4  0.6666667 0.6046512 0.5744681 0.6000000 0.5869565 0.5869565 0.5625000 0.5510204 0.5625000
5  0.5853659 0.5750000 0.6000000 0.6046512 0.5952381 0.5952381 0.6097561 0.6046512 0.6046512
6  0.6111111 0.5945946 0.5945946 0.5750000 0.5641026 0.5641026 0.5641026 0.5945946 0.5945946
7  0.6666667 0.6052632 0.5714286 0.5348837 0.5348837 0.5348837 0.5348837 0.5227273 0.5348837
8  0.6086957 0.5714286 0.5800000 0.5600000 0.5600000 0.5600000 0.5471698 0.5686275 0.5471698
9  0.7200000 0.7333333 0.7333333 0.7096774 0.6875000 0.6875000 0.6470588 0.6363636 0.6176471
10 0.5714286 0.5800000 0.5714286 0.5576923 0.5576923 0.5178571 0.5178571 0.5000000 0.5087719
          20        21        22        23        24        25        26        27        28
1  0.5000000 0.5208333 0.4905660 0.4629630 0.4814815 0.4821429 0.4576271 0.4516129 0.4666667
2  0.6739130 0.6739130 0.6590909 0.6444444 0.6444444 0.6458333 0.6595745 0.6458333 0.6274510
3  0.6326531 0.5849057 0.5438596 0.5357143 0.5357143 0.5438596 0.5166667 0.5166667 0.5438596
4  0.5510204 0.5192308 0.5000000 0.4655172 0.4655172 0.4655172 0.4576271 0.4576271 0.4655172
5  0.6136364 0.6000000 0.5957447 0.6086957 0.6086957 0.5833333 0.5833333 0.5686275 0.5660377
6  0.5789474 0.5641026 0.5750000 0.5609756 0.5476190 0.5348837 0.5476190 0.5609756 0.5750000
7  0.5348837 0.5217391 0.5102041 0.5102041 0.5000000 0.5098039 0.5098039 0.5098039 0.5192308
8  0.5357143 0.5357143 0.5263158 0.5172414 0.5263158 0.5263158 0.5438596 0.5344828 0.5357143
9  0.6285714 0.6470588 0.6470588 0.6470588 0.6470588 0.6363636 0.6176471 0.6176471 0.6000000
10 0.4915254 0.5000000 0.5000000 0.5000000 0.5087719 0.5178571 0.5000000 0.4754098 0.4754098
          29        30        31        32        33        34        35        36        37
1  0.4516129 0.4375000 0.4590164 0.4590164 0.4590164 0.4375000 0.4375000 0.4307692 0.4242424
2  0.6200000 0.6200000 0.6153846 0.6153846 0.6153846 0.6274510 0.6400000 0.6274510 0.6346154
3  0.5438596 0.5535714 0.5535714 0.5689655 0.5789474 0.5689655 0.5322581 0.5322581 0.5322581
4  0.4754098 0.5087719 0.5087719 0.5454545 0.5454545 0.5454545 0.5357143 0.5357143 0.5357143
5  0.5471698 0.5576923 0.5576923 0.5576923 0.5800000 0.5714286 0.5833333 0.5600000 0.5370370
6  0.5853659 0.5609756 0.5750000 0.5750000 0.5476190 0.5348837 0.5227273 0.5111111 0.5111111
7  0.5192308 0.5094340 0.5094340 0.5000000 0.4736842 0.4736842 0.4655172 0.4655172 0.4655172
8  0.5357143 0.5084746 0.5084746 0.5084746 0.5172414 0.4918033 0.4918033 0.4838710 0.4761905
9  0.6000000 0.6000000 0.5833333 0.5675676 0.5675676 0.5789474 0.5500000 0.5641026 0.5500000
10 0.4677419 0.4677419 0.4603175 0.4461538 0.4461538 0.4393939 0.4202899 0.4142857 0.4202899
          38        39        40        41        42        43        44        45        46
1  0.4307692 0.4242424 0.4179104 0.4000000 0.3866667 0.3866667 0.3918919 0.3918919 0.3918919
2  0.6226415 0.5789474 0.5689655 0.5689655 0.5423729 0.5423729 0.5333333 0.5161290 0.5161290
3  0.5322581 0.4925373 0.4925373 0.4925373 0.4782609 0.4657534 0.4533333 0.4533333 0.4415584
4  0.5263158 0.4918033 0.5000000 0.4615385 0.4411765 0.4477612 0.4411765 0.4411765 0.4411765
5  0.5370370 0.5370370 0.5370370 0.5272727 0.5087719 0.5000000 0.4677419 0.4754098 0.4761905
6  0.5111111 0.4888889 0.4782609 0.4600000 0.4509804 0.4423077 0.4259259 0.4423077 0.4509804
7  0.4655172 0.4576271 0.4426230 0.4354839 0.4354839 0.4426230 0.4426230 0.4354839 0.4354839
8  0.4687500 0.4687500 0.4687500 0.4615385 0.4477612 0.4347826 0.4347826 0.4411765 0.4411765
9  0.5365854 0.5365854 0.5238095 0.5000000 0.5000000 0.4888889 0.4888889 0.4680851 0.4489796
10 0.4202899 0.4202899 0.4142857 0.4142857 0.4027778 0.4109589 0.4109589 0.4027778 0.3866667
          47        48        49        50
1  0.3972603 0.3918919 0.3918919 0.3918919
2  0.5245902 0.5245902 0.5245902 0.5333333
3  0.4415584 0.4358974 0.4303797 0.4303797
4  0.4411765 0.4411765 0.4347826 0.4347826
5  0.4843750 0.4769231 0.4626866 0.4626866
6  0.4509804 0.4423077 0.4423077 0.4423077
7  0.4354839 0.4285714 0.4285714 0.4285714
8  0.4166667 0.4109589 0.4109589 0.4109589
9  0.4400000 0.4489796 0.4313725 0.4313725
10 0.3866667 0.3846154 0.3846154 0.3846154

$`NAIVE BAYES`$`Mean Precisions`
        1         2         3         4         5         6         7         8         9 
0.0000000 0.6789763 0.7068743 0.6951491 0.6617696 0.6624969 0.6732475 0.6548206 0.6642706 
       10        11        12        13        14        15        16        17        18 
0.6618372 0.6366883 0.6180427 0.6122500 0.6005562 0.5932917 0.5894539 0.5776259 0.5777731 
       19        20        21        22        23        24        25        26        27 
0.5760553 0.5740865 0.5667498 0.5547840 0.5452814 0.5465619 0.5445911 0.5393758 0.5338687 
       28        29        30        31        32        33        34        35        36 
0.5374887 0.5346105 0.5324162 0.5330996 0.5343709 0.5331069 0.5269512 0.5179143 0.5125080 
       37        38        39        40        41        42        43        44        45 
0.5086976 0.5051275 0.4896709 0.4844179 0.4721622 0.4594252 0.4562115 0.4490656 0.4467771 
       46        47        48        49        50 
0.4430233 0.4418758 0.4385912 0.4342157 0.4350900 

$`NAIVE BAYES`$`St Dev Precisions`
         1          2          3          4          5          6          7          8 
0.00000000 0.09793268 0.09713131 0.09814510 0.07003214 0.07309004 0.07099204 0.06836543 
         9         10         11         12         13         14         15         16 
0.06601410 0.06880684 0.07598352 0.06988327 0.07644606 0.07644156 0.07461916 0.07443984 
        17         18         19         20         21         22         23         24 
0.07203452 0.06476535 0.06298147 0.06128103 0.05886595 0.06193609 0.06811499 0.06537899 
        25         26         27         28         29         30         31         32 
0.06025798 0.06574427 0.06529377 0.05642059 0.05724123 0.05675761 0.05230004 0.05425456 
        33         34         35         36         37         38         39         40 
0.05720678 0.06385146 0.06681985 0.06533417 0.06457122 0.06023754 0.05053853 0.05071650 
        41         42         43         44         45         46         47         48 
0.05150422 0.04822726 0.04508378 0.04030179 0.03541047 0.03711784 0.04006911 0.04076897 
        49         50 
0.03928665 0.04155329 

$`NAIVE BAYES`$`Micro Ave Precisions`
        1         2         3         4         5         6         7         8         9 
      NaN 0.6759777 0.7018970 0.6886544 0.6575000 0.6608479 0.6709184 0.6530120 0.6632653 
       10        11        12        13        14        15        16        17        18 
0.6605744 0.6331658 0.6148325 0.6083916 0.5963719 0.5895692 0.5852018 0.5729847 0.5729847 
       19        20        21        22        23        24        25        26        27 
0.5717391 0.5695931 0.5618449 0.5476673 0.5370741 0.5390782 0.5384615 0.5320388 0.5257143 
       28        29        30        31        32        33        34        35        36 
0.5315488 0.5274102 0.5255198 0.5274102 0.5290807 0.5280899 0.5202952 0.5108696 0.5053763 
       37        38        39        40        41        42        43        44        45 
0.5026549 0.5000000 0.4854202 0.4804754 0.4686469 0.4551282 0.4525316 0.4461778 0.4446178 
       46        47        48        49        50 
0.4406780 0.4395100 0.4357035 0.4317841 0.4324324 

$`NAIVE BAYES`$`Recalls per Fold`
   1         2         3         4         5         6         7         8         9        10
1  0 0.5675676 0.5945946 0.5675676 0.6486486 0.6486486 0.6486486 0.7027027 0.6216216 0.5405405
2  0 0.7027027 0.7297297 0.7297297 0.7567568 0.8648649 0.8648649 0.8918919 0.8378378 0.8378378
3  0 0.8717949 0.8974359 0.8717949 0.8717949 0.8205128 0.8205128 0.8205128 0.7948718 0.8205128
4  0 0.7352941 0.7352941 0.7941176 0.7647059 0.7647059 0.7352941 0.7647059 0.7647059 0.7647059
5  0 0.6000000 0.6857143 0.7142857 0.7428571 0.7142857 0.7142857 0.7428571 0.7428571 0.6857143
6  0 0.5757576 0.6363636 0.6666667 0.6666667 0.7272727 0.6363636 0.7575758 0.7272727 0.6666667
7  0 0.6470588 0.7352941 0.7352941 0.6470588 0.7352941 0.7647059 0.7352941 0.6764706 0.6764706
8  0 0.6666667 0.7179487 0.7179487 0.7435897 0.6923077 0.7435897 0.7179487 0.7435897 0.7179487
9  0 0.7777778 0.8518519 0.8518519 0.8518519 0.7407407 0.7407407 0.7777778 0.7407407 0.7037037
10 0 0.7941176 0.8529412 0.8529412 0.8529412 0.8823529 0.8529412 0.8529412 0.7941176 0.8235294
          11        12        13        14        15        16        17        18        19
1  0.5135135 0.5675676 0.5675676 0.5945946 0.5945946 0.5945946 0.6216216 0.6486486 0.6486486
2  0.8378378 0.8378378 0.8648649 0.8378378 0.8378378 0.8378378 0.8378378 0.8378378 0.8378378
3  0.8205128 0.8205128 0.8205128 0.8205128 0.7948718 0.8205128 0.8205128 0.7948718 0.7948718
4  0.7647059 0.7647059 0.7941176 0.7941176 0.7941176 0.7941176 0.7941176 0.7941176 0.7941176
5  0.6857143 0.6571429 0.6857143 0.7428571 0.7142857 0.7142857 0.7142857 0.7428571 0.7428571
6  0.6666667 0.6666667 0.6666667 0.6969697 0.6666667 0.6666667 0.6666667 0.6666667 0.6666667
7  0.7058824 0.6764706 0.7058824 0.6764706 0.6764706 0.6764706 0.6764706 0.6764706 0.6764706
8  0.7179487 0.7179487 0.7435897 0.7179487 0.7179487 0.7179487 0.7435897 0.7435897 0.7435897
9  0.6666667 0.8148148 0.8148148 0.8148148 0.8148148 0.8148148 0.8148148 0.7777778 0.7777778
10 0.8235294 0.8529412 0.8235294 0.8529412 0.8529412 0.8529412 0.8529412 0.8529412 0.8529412
          20        21        22        23        24        25        26        27        28
1  0.6486486 0.6756757 0.7027027 0.6756757 0.7027027 0.7297297 0.7297297 0.7567568 0.7567568
2  0.8378378 0.8378378 0.7837838 0.7837838 0.7837838 0.8378378 0.8378378 0.8378378 0.8648649
3  0.7948718 0.7948718 0.7948718 0.7692308 0.7692308 0.7948718 0.7948718 0.7948718 0.7948718
4  0.7941176 0.7941176 0.7941176 0.7941176 0.7941176 0.7941176 0.7941176 0.7941176 0.7941176
5  0.7714286 0.7714286 0.8000000 0.8000000 0.8000000 0.8000000 0.8000000 0.8285714 0.8571429
6  0.6666667 0.6666667 0.6969697 0.6969697 0.6969697 0.6969697 0.6969697 0.6969697 0.6969697
7  0.6764706 0.7058824 0.7352941 0.7352941 0.7352941 0.7647059 0.7647059 0.7647059 0.7941176
8  0.7692308 0.7692308 0.7692308 0.7692308 0.7692308 0.7692308 0.7948718 0.7948718 0.7692308
9  0.8148148 0.8148148 0.8148148 0.8148148 0.8148148 0.7777778 0.7777778 0.7777778 0.7777778
10 0.8529412 0.8529412 0.8529412 0.8529412 0.8529412 0.8529412 0.8529412 0.8529412 0.8529412
          29        30        31        32        33        34        35        36        37
1  0.7567568 0.7567568 0.7567568 0.7567568 0.7567568 0.7567568 0.7567568 0.7567568 0.7567568
2  0.8378378 0.8378378 0.8648649 0.8648649 0.8648649 0.8648649 0.8648649 0.8648649 0.8918919
3  0.7948718 0.7948718 0.7948718 0.8461538 0.8461538 0.8461538 0.8461538 0.8461538 0.8461538
4  0.8529412 0.8529412 0.8529412 0.8823529 0.8823529 0.8823529 0.8823529 0.8823529 0.8823529
5  0.8285714 0.8285714 0.8285714 0.8285714 0.8285714 0.8000000 0.8000000 0.8000000 0.8285714
6  0.7272727 0.6969697 0.6969697 0.6969697 0.6969697 0.6969697 0.6969697 0.6969697 0.6969697
7  0.7941176 0.7941176 0.7941176 0.7941176 0.7941176 0.7941176 0.7941176 0.7941176 0.7941176
8  0.7692308 0.7692308 0.7692308 0.7692308 0.7692308 0.7692308 0.7692308 0.7692308 0.7692308
9  0.7777778 0.7777778 0.7777778 0.7777778 0.7777778 0.8148148 0.8148148 0.8148148 0.8148148
10 0.8529412 0.8529412 0.8529412 0.8529412 0.8529412 0.8529412 0.8529412 0.8529412 0.8529412
          38        39        40        41        42        43        44        45        46
1  0.7567568 0.7567568 0.7567568 0.7567568 0.7837838 0.7837838 0.7837838 0.7837838 0.7837838
2  0.8918919 0.8918919 0.8918919 0.8918919 0.8648649 0.8648649 0.8648649 0.8648649 0.8648649
3  0.8461538 0.8461538 0.8461538 0.8461538 0.8461538 0.8717949 0.8717949 0.8717949 0.8717949
4  0.8823529 0.8823529 0.8823529 0.8823529 0.8823529 0.8823529 0.8823529 0.8823529 0.8823529
5  0.8285714 0.8285714 0.8285714 0.8285714 0.8285714 0.8285714 0.8285714 0.8285714 0.8571429
6  0.6969697 0.6666667 0.6666667 0.6969697 0.6969697 0.6969697 0.6969697 0.6969697 0.6969697
7  0.7941176 0.7941176 0.7941176 0.7941176 0.7941176 0.7941176 0.7941176 0.7941176 0.7941176
8  0.7692308 0.7692308 0.7692308 0.7692308 0.7692308 0.7692308 0.7692308 0.7692308 0.7692308
9  0.8148148 0.8148148 0.8148148 0.8148148 0.8148148 0.8148148 0.8148148 0.8148148 0.8148148
10 0.8529412 0.8529412 0.8529412 0.8529412 0.8529412 0.8823529 0.8823529 0.8529412 0.8529412
          47        48        49        50
1  0.7837838 0.7837838 0.7837838 0.7837838
2  0.8648649 0.8648649 0.8648649 0.8648649
3  0.8717949 0.8717949 0.8717949 0.8717949
4  0.8823529 0.8823529 0.8823529 0.8823529
5  0.8857143 0.8857143 0.8857143 0.8857143
6  0.6969697 0.6969697 0.6969697 0.6969697
7  0.7941176 0.7941176 0.7941176 0.7941176
8  0.7692308 0.7692308 0.7692308 0.7692308
9  0.8148148 0.8148148 0.8148148 0.8148148
10 0.8529412 0.8823529 0.8823529 0.8823529

$`NAIVE BAYES`$`Mean Recalls`
        1         2         3         4         5         6         7         8         9 
0.0000000 0.6938738 0.7437168 0.7502198 0.7546872 0.7590986 0.7521947 0.7764208 0.7444086 
       10        11        12        13        14        15        16        17        18 
0.7237630 0.7202978 0.7376609 0.7487260 0.7549065 0.7464550 0.7490191 0.7542859 0.7535779 
       19        20        21        22        23        24        25        26        27 
0.7535779 0.7627029 0.7683467 0.7744727 0.7692058 0.7719085 0.7818182 0.7843823 0.7899422 
       28        29        30        31        32        33        34        35        36 
0.7958791 0.7992319 0.7962016 0.7989043 0.8069737 0.8069737 0.8078203 0.8078203 0.8078203 
       37        38        39        40        41        42        43        44        45 
0.8133801 0.8133801 0.8103498 0.8103498 0.8133801 0.8133801 0.8188854 0.8188854 0.8159442 
       46        47        48        49        50 
0.8188013 0.8216585 0.8245997 0.8245997 0.8245997 

$`NAIVE BAYES`$`St Dev Recalls`
         1          2          3          4          5          6          7          8 
0.00000000 0.10120775 0.09739989 0.09481358 0.08416415 0.07510455 0.07726929 0.06082628 
         9         10         11         12         13         14         15         16 
0.06160890 0.09125920 0.09798483 0.09513818 0.09192377 0.08342592 0.08508307 0.08706753 
        17         18         19         20         21         22         23         24 
0.08123813 0.07120474 0.07120474 0.07326639 0.06527810 0.04949216 0.05373716 0.04897944 
        25         26         27         28         29         30         31         32 
0.04622290 0.04615819 0.04515544 0.05177623 0.04282830 0.04909852 0.05228554 0.05793943 
        33         34         35         36         37         38         39         40 
0.05793943 0.05676158 0.05676158 0.05676158 0.06043470 0.06043470 0.06729107 0.06729107 
        41         42         43         44         45         46         47         48 
0.06043470 0.05480014 0.05986536 0.05986536 0.05705739 0.05845812 0.06117534 0.06350897 
        49         50 
0.06350897 0.06350897 

$`NAIVE BAYES`$`Micro Ave Recalls`
        1         2         3         4         5         6         7         8         9 
      NaN 0.6934097 0.7421203 0.7478510 0.7535817 0.7593123 0.7535817 0.7765043 0.7449857 
       10        11        12        13        14        15        16        17        18 
0.7249284 0.7220630 0.7363897 0.7478510 0.7535817 0.7449857 0.7478510 0.7535817 0.7535817 
       19        20        21        22        23        24        25        26        27 
0.7535817 0.7621777 0.7679083 0.7736390 0.7679083 0.7707736 0.7822350 0.7851003 0.7908309 
       28        29        30        31        32        33        34        35        36 
0.7965616 0.7994269 0.7965616 0.7994269 0.8080229 0.8080229 0.8080229 0.8080229 0.8080229 
       37        38        39        40        41        42        43        44        45 
0.8137536 0.8137536 0.8108883 0.8108883 0.8137536 0.8137536 0.8194842 0.8194842 0.8166189 
       46        47        48        49        50 
0.8194842 0.8223496 0.8252149 0.8252149 0.8252149 

$`NAIVE BAYES`$`F1 Measure`
   1         2         3         4         5         6         7         8         9        10
1  0 0.5121951 0.5365854 0.5250000 0.5714286 0.5925926 0.5853659 0.6117647 0.5897436 0.5263158
2  0 0.7027027 0.7297297 0.7012987 0.7179487 0.7804878 0.8000000 0.8048780 0.7948718 0.8051948
3  0 0.8292683 0.8433735 0.7906977 0.8000000 0.7901235 0.7901235 0.7804878 0.7560976 0.7529412
4  0 0.7575758 0.7692308 0.8181818 0.7428571 0.7647059 0.7352941 0.7536232 0.7647059 0.7323944
5  0 0.6176471 0.6486486 0.6666667 0.6666667 0.6578947 0.6756757 0.6753247 0.6753247 0.6575342
6  0 0.6031746 0.6562500 0.6769231 0.6875000 0.6956522 0.6562500 0.6756757 0.6666667 0.6567164
7  0 0.6567164 0.7462687 0.7462687 0.6769231 0.6493506 0.6666667 0.6578947 0.6478873 0.6764706
8  0 0.7123288 0.7466667 0.7567568 0.7073171 0.6923077 0.7250000 0.6913580 0.7073171 0.6829268
9  0 0.6885246 0.7540984 0.7540984 0.7076923 0.6779661 0.7017544 0.7000000 0.7017544 0.7037037
10 0 0.7605634 0.7945205 0.7532468 0.7435897 0.7594937 0.7532468 0.7435897 0.7105263 0.7088608
          11        12        13        14        15        16        17        18        19
1  0.5066667 0.5454545 0.5316456 0.5301205 0.5238095 0.5301205 0.5227273 0.5517241 0.5454545
2  0.7948718 0.7848101 0.8000000 0.7654321 0.7654321 0.7560976 0.7560976 0.7469880 0.7469880
3  0.7441860 0.7272727 0.7272727 0.7441860 0.7294118 0.7441860 0.7272727 0.7126437 0.7126437
4  0.7123288 0.6753247 0.6666667 0.6835443 0.6750000 0.6750000 0.6585366 0.6506024 0.6585366
5  0.6315789 0.6133333 0.6400000 0.6666667 0.6493506 0.6493506 0.6578947 0.6666667 0.6666667
6  0.6376812 0.6285714 0.6285714 0.6301370 0.6111111 0.6111111 0.6111111 0.6285714 0.6285714
7  0.6857143 0.6388889 0.6315789 0.5974026 0.5974026 0.5974026 0.5974026 0.5897436 0.5974026
8  0.6588235 0.6363636 0.6516854 0.6292135 0.6292135 0.6292135 0.6304348 0.6444444 0.6304348
9  0.6923077 0.7719298 0.7719298 0.7586207 0.7457627 0.7457627 0.7213115 0.7000000 0.6885246
10 0.6746988 0.6904762 0.6746988 0.6744186 0.6744186 0.6444444 0.6444444 0.6304348 0.6373626
          20        21        22        23        24        25        26        27        28
1  0.5647059 0.5882353 0.5777778 0.5494505 0.5714286 0.5806452 0.5625000 0.5656566 0.5773196
2  0.7469880 0.7469880 0.7160494 0.7073171 0.7073171 0.7294118 0.7380952 0.7294118 0.7272727
3  0.7045455 0.6739130 0.6458333 0.6315789 0.6315789 0.6458333 0.6262626 0.6262626 0.6458333
4  0.6506024 0.6279070 0.6136364 0.5869565 0.5869565 0.5869565 0.5806452 0.5806452 0.5869565
5  0.6835443 0.6750000 0.6829268 0.6913580 0.6913580 0.6746988 0.6746988 0.6744186 0.6818182
6  0.6197183 0.6111111 0.6301370 0.6216216 0.6133333 0.6052632 0.6133333 0.6216216 0.6301370
7  0.5974026 0.6000000 0.6024096 0.6024096 0.5952381 0.6117647 0.6117647 0.6117647 0.6279070
8  0.6315789 0.6315789 0.6250000 0.6185567 0.6250000 0.6250000 0.6458333 0.6391753 0.6315789
9  0.7096774 0.7213115 0.7213115 0.7213115 0.7213115 0.7000000 0.6885246 0.6885246 0.6774194
10 0.6236559 0.6304348 0.6304348 0.6304348 0.6373626 0.6444444 0.6304348 0.6105263 0.6105263
          29        30        31        32        33        34        35        36        37
1  0.5656566 0.5544554 0.5714286 0.5714286 0.5714286 0.5544554 0.5544554 0.5490196 0.5436893
2  0.7126437 0.7126437 0.7191011 0.7191011 0.7191011 0.7272727 0.7356322 0.7272727 0.7415730
3  0.6458333 0.6526316 0.6526316 0.6804124 0.6875000 0.6804124 0.6534653 0.6534653 0.6534653
4  0.6105263 0.6373626 0.6373626 0.6741573 0.6741573 0.6741573 0.6666667 0.6666667 0.6666667
5  0.6590909 0.6666667 0.6666667 0.6666667 0.6823529 0.6666667 0.6746988 0.6588235 0.6516854
6  0.6486486 0.6216216 0.6301370 0.6301370 0.6133333 0.6052632 0.5974026 0.5897436 0.5897436
7  0.6279070 0.6206897 0.6206897 0.6136364 0.5934066 0.5934066 0.5869565 0.5869565 0.5869565
8  0.6315789 0.6122449 0.6122449 0.6122449 0.6185567 0.6000000 0.6000000 0.5940594 0.5882353
9  0.6774194 0.6774194 0.6666667 0.6562500 0.6562500 0.6769231 0.6567164 0.6666667 0.6567164
10 0.6041667 0.6041667 0.5979381 0.5858586 0.5858586 0.5800000 0.5631068 0.5576923 0.5631068
          38        39        40        41        42        43        44        45        46
1  0.5490196 0.5436893 0.5384615 0.5233645 0.5178571 0.5178571 0.5225225 0.5225225 0.5225225
2  0.7333333 0.7021277 0.6947368 0.6947368 0.6666667 0.6666667 0.6597938 0.6464646 0.6464646
3  0.6534653 0.6226415 0.6226415 0.6226415 0.6111111 0.6071429 0.5964912 0.5964912 0.5862069
4  0.6593407 0.6315789 0.6382979 0.6060606 0.5882353 0.5940594 0.5882353 0.5882353 0.5882353
5  0.6516854 0.6516854 0.6516854 0.6444444 0.6304348 0.6236559 0.5979381 0.6041667 0.6122449
6  0.5897436 0.5641026 0.5569620 0.5542169 0.5476190 0.5411765 0.5287356 0.5411765 0.5476190
7  0.5869565 0.5806452 0.5684211 0.5625000 0.5625000 0.5684211 0.5684211 0.5625000 0.5625000
8  0.5825243 0.5825243 0.5825243 0.5769231 0.5660377 0.5555556 0.5555556 0.5607477 0.5607477
9  0.6470588 0.6470588 0.6376812 0.6197183 0.6197183 0.6111111 0.6111111 0.5945946 0.5789474
10 0.5631068 0.5631068 0.5576923 0.5576923 0.5471698 0.5607477 0.5607477 0.5471698 0.5321101
          47        48        49        50
1  0.5272727 0.5225225 0.5225225 0.5225225
2  0.6530612 0.6530612 0.6530612 0.6597938
3  0.5862069 0.5811966 0.5762712 0.5762712
4  0.5882353 0.5882353 0.5825243 0.5825243
5  0.6262626 0.6200000 0.6078431 0.6078431
6  0.5476190 0.5411765 0.5411765 0.5411765
7  0.5625000 0.5567010 0.5567010 0.5567010
8  0.5405405 0.5357143 0.5357143 0.5357143
9  0.5714286 0.5789474 0.5641026 0.5641026
10 0.5321101 0.5357143 0.5357143 0.5357143

$`NAIVE BAYES`$`Mean F1 Measure`
        1         2         3         4         5         6         7         8         9 
0.0000000 0.6840697 0.7225372 0.7189138 0.7021923 0.7060575 0.7089377 0.7094597 0.7014895 
       10        11        12        13        14        15        16        17        18 
0.6903059 0.6738858 0.6712425 0.6724049 0.6679742 0.6600913 0.6582689 0.6527233 0.6521819 
       19        20        21        22        23        24        25        26        27 
0.6512585 0.6532419 0.6506480 0.6445517 0.6360995 0.6380885 0.6404018 0.6372093 0.6348007 
       28        29        30        31        32        33        34        35        36 
0.6396769 0.6383471 0.6359902 0.6374867 0.6409893 0.6401945 0.6358557 0.6289101 0.6250366 
       37        38        39        40        41        42        43        44        45 
0.6241838 0.6216234 0.6089160 0.6049104 0.5962298 0.5857350 0.5846394 0.5789552 0.5764069 
       46        47        48        49        50 
0.5737598 0.5735237 0.5713269 0.5675631 0.5682364 

$`NAIVE BAYES`$`St Dev F1 Measure`
         1          2          3          4          5          6          7          8 
0.00000000 0.09113343 0.08729780 0.08300601 0.06005009 0.06531809 0.06565077 0.05980701 
         9         10         11         12         13         14         15         16 
0.06061891 0.07360459 0.07661396 0.07440260 0.07754216 0.07507536 0.07426649 0.07329753 
        17         18         19         20         21         22         23         24 
0.06933411 0.05794945 0.05758836 0.05672120 0.05241086 0.04767725 0.05478695 0.05193748 
        25         26         27         28         29         30         31         32 
0.04878083 0.05212726 0.05000716 0.04561196 0.04085219 0.04406693 0.04149205 0.04620997 
        33         34         35         36         37         38         39         40 
0.05023569 0.05599062 0.05749406 0.05757817 0.05993626 0.05667515 0.05003501 0.05113858 
        41         42         43         44         45         46         47         48 
0.05103838 0.04573890 0.04419059 0.04085142 0.03650100 0.03726463 0.04112852 0.04154288 
        49         50 
0.03960309 0.04124141 

$`NAIVE BAYES`$`Micro Ave F1 Measure`
        1         2         3         4         5         6         7         8         9 
      NaN 0.6845827 0.7214485 0.7170330 0.7022697 0.7066667 0.7098516 0.7094241 0.7017544 
       10        11        12        13        14        15        16        17        18 
0.6912568 0.6746988 0.6701434 0.6709512 0.6658228 0.6582278 0.6566038 0.6509901 0.6509901 
       19        20        21        22        23        24        25        26        27 
0.6501854 0.6519608 0.6489104 0.6413302 0.6320755 0.6344340 0.6378505 0.6342593 0.6315789 
       28        29        30        31        32        33        34        35        36 
0.6376147 0.6355353 0.6332574 0.6355353 0.6394558 0.6387316 0.6329966 0.6259711 0.6218302 
       37        38        39        40        41        42        43        44        45 
0.6214442 0.6194111 0.6072961 0.6034115 0.5947644 0.5837616 0.5830785 0.5777778 0.5757576 
       46        47        48        49        50 
0.5731463 0.5728543 0.5702970 0.5669291 0.5674877 


$SVM
$SVM$`Accuracy per Fold`
   1         2         3         4         5         6         7         8         9        10
1  0 0.9443652 0.9529244 0.9529244 0.9572040 0.9614836 0.9600571 0.9643367 0.9643367 0.9643367
2  0 0.9689266 0.9745763 0.9689266 0.9689266 0.9717514 0.9745763 0.9759887 0.9731638 0.9731638
3  0 0.9830269 0.9773692 0.9801980 0.9787836 0.9844413 0.9801980 0.9816124 0.9801980 0.9858557
4  0 0.9802260 0.9830508 0.9830508 0.9816384 0.9844633 0.9802260 0.9844633 0.9844633 0.9830508
5  0 0.9675141 0.9661017 0.9646893 0.9661017 0.9731638 0.9717514 0.9717514 0.9745763 0.9731638
6  0 0.9660537 0.9674682 0.9688826 0.9702970 0.9745403 0.9773692 0.9787836 0.9787836 0.9787836
7  0 0.9661017 0.9675141 0.9717514 0.9703390 0.9689266 0.9717514 0.9717514 0.9731638 0.9731638
8  0 0.9688826 0.9688826 0.9674682 0.9674682 0.9731259 0.9717115 0.9745403 0.9759547 0.9773692
9  0 0.9689266 0.9759887 0.9759887 0.9731638 0.9774011 0.9830508 0.9830508 0.9844633 0.9844633
10 0 0.9771755 0.9771755 0.9714693 0.9700428 0.9743224 0.9728959 0.9728959 0.9743224 0.9771755
          11        12        13        14        15        16        17        18        19
1  0.9643367 0.9657632 0.9657632 0.9671897 0.9657632 0.9671897 0.9657632 0.9700428 0.9714693
2  0.9745763 0.9788136 0.9774011 0.9788136 0.9788136 0.9774011 0.9774011 0.9759887 0.9745763
3  0.9872702 0.9830269 0.9830269 0.9830269 0.9872702 0.9872702 0.9872702 0.9858557 0.9858557
4  0.9830508 0.9830508 0.9844633 0.9844633 0.9844633 0.9844633 0.9844633 0.9830508 0.9816384
5  0.9745763 0.9745763 0.9731638 0.9774011 0.9788136 0.9802260 0.9788136 0.9759887 0.9759887
6  0.9759547 0.9731259 0.9731259 0.9745403 0.9759547 0.9759547 0.9759547 0.9759547 0.9773692
7  0.9745763 0.9717514 0.9759887 0.9774011 0.9759887 0.9759887 0.9774011 0.9731638 0.9731638
8  0.9745403 0.9717115 0.9702970 0.9702970 0.9717115 0.9717115 0.9717115 0.9731259 0.9717115
9  0.9830508 0.9872881 0.9858757 0.9858757 0.9858757 0.9887006 0.9872881 0.9858757 0.9844633
10 0.9771755 0.9714693 0.9728959 0.9843081 0.9800285 0.9814551 0.9814551 0.9800285 0.9814551
          20        21        22        23        24        25        26        27        28
1  0.9714693 0.9743224 0.9728959 0.9728959 0.9743224 0.9757489 0.9757489 0.9771755 0.9771755
2  0.9745763 0.9759887 0.9788136 0.9830508 0.9816384 0.9816384 0.9830508 0.9830508 0.9802260
3  0.9844413 0.9844413 0.9830269 0.9830269 0.9801980 0.9801980 0.9801980 0.9816124 0.9787836
4  0.9830508 0.9844633 0.9830508 0.9816384 0.9830508 0.9830508 0.9830508 0.9816384 0.9802260
5  0.9759887 0.9745763 0.9745763 0.9745763 0.9745763 0.9745763 0.9759887 0.9759887 0.9745763
6  0.9759547 0.9745403 0.9759547 0.9773692 0.9745403 0.9745403 0.9745403 0.9745403 0.9745403
7  0.9745763 0.9745763 0.9774011 0.9774011 0.9759887 0.9759887 0.9774011 0.9788136 0.9759887
8  0.9745403 0.9745403 0.9731259 0.9731259 0.9731259 0.9731259 0.9731259 0.9702970 0.9717115
9  0.9844633 0.9844633 0.9844633 0.9844633 0.9844633 0.9858757 0.9844633 0.9858757 0.9844633
10 0.9800285 0.9786020 0.9786020 0.9771755 0.9757489 0.9757489 0.9757489 0.9743224 0.9757489
          29        30        31        32        33        34        35        36        37
1  0.9771755 0.9743224 0.9714693 0.9714693 0.9700428 0.9700428 0.9700428 0.9686163 0.9686163
2  0.9788136 0.9788136 0.9788136 0.9788136 0.9788136 0.9788136 0.9788136 0.9774011 0.9759887
3  0.9787836 0.9773692 0.9773692 0.9773692 0.9773692 0.9773692 0.9773692 0.9787836 0.9787836
4  0.9816384 0.9816384 0.9830508 0.9830508 0.9830508 0.9830508 0.9830508 0.9830508 0.9830508
5  0.9774011 0.9745763 0.9745763 0.9774011 0.9774011 0.9774011 0.9788136 0.9788136 0.9788136
6  0.9759547 0.9745403 0.9745403 0.9745403 0.9745403 0.9745403 0.9745403 0.9759547 0.9745403
7  0.9745763 0.9731638 0.9717514 0.9731638 0.9731638 0.9731638 0.9731638 0.9731638 0.9731638
8  0.9759547 0.9773692 0.9773692 0.9773692 0.9773692 0.9773692 0.9787836 0.9787836 0.9787836
9  0.9844633 0.9844633 0.9844633 0.9830508 0.9830508 0.9816384 0.9830508 0.9830508 0.9830508
10 0.9757489 0.9771755 0.9757489 0.9757489 0.9757489 0.9757489 0.9771755 0.9786020 0.9800285
          38        39        40        41        42        43        44        45        46
1  0.9671897 0.9671897 0.9671897 0.9671897 0.9671897 0.9714693 0.9700428 0.9700428 0.9714693
2  0.9774011 0.9788136 0.9788136 0.9774011 0.9788136 0.9802260 0.9774011 0.9788136 0.9759887
3  0.9787836 0.9773692 0.9773692 0.9773692 0.9787836 0.9801980 0.9787836 0.9773692 0.9773692
4  0.9844633 0.9830508 0.9844633 0.9844633 0.9844633 0.9844633 0.9844633 0.9830508 0.9830508
5  0.9788136 0.9788136 0.9774011 0.9774011 0.9759887 0.9731638 0.9745763 0.9745763 0.9731638
6  0.9731259 0.9731259 0.9731259 0.9717115 0.9717115 0.9717115 0.9717115 0.9731259 0.9745403
7  0.9745763 0.9745763 0.9731638 0.9745763 0.9745763 0.9774011 0.9788136 0.9788136 0.9816384
8  0.9787836 0.9787836 0.9773692 0.9759547 0.9759547 0.9745403 0.9745403 0.9787836 0.9787836
9  0.9830508 0.9830508 0.9830508 0.9816384 0.9816384 0.9802260 0.9816384 0.9830508 0.9816384
10 0.9814551 0.9786020 0.9771755 0.9771755 0.9771755 0.9771755 0.9771755 0.9757489 0.9757489
          47        48        49        50
1  0.9700428 0.9671897 0.9686163 0.9686163
2  0.9774011 0.9774011 0.9774011 0.9759887
3  0.9773692 0.9759547 0.9759547 0.9773692
4  0.9802260 0.9802260 0.9802260 0.9774011
5  0.9731638 0.9745763 0.9745763 0.9759887
6  0.9787836 0.9773692 0.9773692 0.9731259
7  0.9830508 0.9816384 0.9802260 0.9802260
8  0.9787836 0.9787836 0.9773692 0.9773692
9  0.9816384 0.9816384 0.9802260 0.9802260
10 0.9757489 0.9771755 0.9771755 0.9786020

$SVM$`Mean Accuracy`
        1         2         3         4         5         6         7         8         9 
0.0000000 0.9691199 0.9711051 0.9705349 0.9703965 0.9743620 0.9743587 0.9759175 0.9763426 
       10        11        12        13        14        15        16        17        18 
0.9770526 0.9769108 0.9760577 0.9762002 0.9783317 0.9784683 0.9790361 0.9787522 0.9779075 
       19        20        21        22        23        24        25        26        27 
0.9777691 0.9779090 0.9780514 0.9781910 0.9784723 0.9777653 0.9780492 0.9783317 0.9783315 
       28        29        30        31        32        33        34        35        36 
0.9773440 0.9780510 0.9773432 0.9769152 0.9771977 0.9770551 0.9769138 0.9774804 0.9776220 
       37        38        39        40        41        42        43        44        45 
0.9774820 0.9777643 0.9773375 0.9769122 0.9764881 0.9766295 0.9770575 0.9769146 0.9773375 
       46        47        48        49        50 
0.9773392 0.9776208 0.9771953 0.9769140 0.9764913 

$SVM$`St Dev Accuracy`
          1           2           3           4           5           6           7           8 
0.000000000 0.010623126 0.008441441 0.008440280 0.006730890 0.006815619 0.006501854 0.006186205 
          9          10          11          12          13          14          15          16 
0.006003856 0.006485593 0.006357663 0.006720161 0.006526462 0.006300872 0.006586989 0.006777122 
         17          18          19          20          21          22          23          24 
0.006791386 0.005537910 0.005269177 0.004703412 0.004598636 0.004206961 0.004301541 0.004148485 
         25          26          27          28          29          30          31          32 
0.004310340 0.004038595 0.004748612 0.003667034 0.003026840 0.003550277 0.004313141 0.003792928 
         33          34          35          36          37          38          39          40 
0.004050401 0.003837098 0.004082657 0.004318315 0.004494460 0.005090911 0.004733717 0.004966060 
         41          42          43          44          45          46          47          48 
0.004787261 0.004882437 0.004297592 0.004372901 0.004120851 0.003883758 0.003887643 0.004213379 
         49          50 
0.003477953 0.003473189 

$SVM$`Precisions per Fold`
   1         2         3         4         5         6         7         8         9        10
1  0 0.4615385 0.5714286 0.5714286 0.6129032 0.6562500 0.6551724 0.7000000 0.7000000 0.7000000
2  0 0.8000000 0.8275862 0.7272727 0.7419355 0.7931034 0.8275862 0.8333333 0.8000000 0.8000000
3  0 0.8648649 0.8709677 0.9629630 0.9000000 0.9375000 0.8571429 0.8823529 0.8787879 0.9677419
4  0 0.8846154 0.9583333 0.9230769 0.8620690 0.8965517 0.8333333 0.8709677 0.8709677 0.8437500
5  0 0.7500000 0.7200000 0.6785714 0.6774194 0.7500000 0.7419355 0.7419355 0.7741935 0.7666667
6  0 0.6800000 0.6923077 0.7200000 0.7500000 0.7777778 0.8148148 0.7812500 0.8000000 0.8000000
7  0 0.7083333 0.7037037 0.7500000 0.7407407 0.7000000 0.7500000 0.7333333 0.7586207 0.7586207
8  0 0.8695652 0.8400000 0.8636364 0.8636364 0.8846154 0.8800000 0.8620690 0.8666667 0.8709677
9  0 0.6086957 0.7500000 0.7777778 0.7222222 0.8235294 0.8947368 0.8571429 0.9000000 0.9000000
10 0 0.8214286 0.7812500 0.7187500 0.6857143 0.7000000 0.6923077 0.6923077 0.7105263 0.7500000
          11        12        13        14        15        16        17        18        19
1  0.7142857 0.7096774 0.7096774 0.7333333 0.6969697 0.7187500 0.6857143 0.7352941 0.7575758
2  0.8064516 0.8666667 0.8387097 0.8235294 0.8235294 0.8000000 0.8000000 0.7777778 0.7567568
3  1.0000000 0.9090909 0.8857143 0.8857143 0.9687500 0.9687500 0.9687500 0.9677419 0.9677419
4  0.8235294 0.8235294 0.8709677 0.8709677 0.8484848 0.8484848 0.8484848 0.8235294 0.8000000
5  0.7741935 0.7741935 0.7500000 0.7714286 0.7941176 0.8181818 0.8125000 0.7647059 0.7647059
6  0.7666667 0.7333333 0.7333333 0.7419355 0.7666667 0.7666667 0.7857143 0.7857143 0.8148148
7  0.7857143 0.7333333 0.7575758 0.7647059 0.7428571 0.7428571 0.7647059 0.7027027 0.7027027
8  0.8387097 0.7878788 0.7647059 0.7647059 0.7878788 0.7878788 0.7878788 0.8125000 0.7878788
9  0.8947368 0.8750000 0.8695652 0.8695652 0.8695652 0.8800000 0.8461538 0.8400000 0.8076923
10 0.7500000 0.6944444 0.7142857 0.8709677 0.8125000 0.8181818 0.8181818 0.8125000 0.8387097
          20        21        22        23        24        25        26        27        28
1  0.7575758 0.7714286 0.7500000 0.7500000 0.7714286 0.7941176 0.7941176 0.8387097 0.8387097
2  0.7567568 0.7631579 0.8055556 0.8571429 0.8529412 0.8529412 0.8571429 0.8378378 0.7948718
3  0.9117647 0.9117647 0.9090909 0.9090909 0.8787879 0.8787879 0.8787879 0.8823529 0.8529412
4  0.8235294 0.8108108 0.7894737 0.7837838 0.8055556 0.8055556 0.8055556 0.7837838 0.7631579
5  0.7500000 0.7297297 0.7297297 0.7428571 0.7428571 0.7428571 0.7647059 0.7500000 0.7297297
6  0.7666667 0.7419355 0.7666667 0.7741935 0.7419355 0.7419355 0.7419355 0.7419355 0.7419355
7  0.7222222 0.7222222 0.7368421 0.7368421 0.7179487 0.7179487 0.7368421 0.7567568 0.7179487
8  0.8387097 0.8387097 0.8125000 0.8125000 0.8125000 0.8125000 0.8125000 0.7647059 0.7714286
9  0.8076923 0.8076923 0.8076923 0.8076923 0.8076923 0.8400000 0.8076923 0.8400000 0.8076923
10 0.8125000 0.7878788 0.7878788 0.7647059 0.7428571 0.7428571 0.7428571 0.7352941 0.7575758
          29        30        31        32        33        34        35        36        37
1  0.8387097 0.8064516 0.7741935 0.7931034 0.7666667 0.7666667 0.7666667 0.7586207 0.7586207
2  0.7894737 0.7894737 0.7894737 0.7894737 0.7894737 0.8055556 0.8055556 0.7837838 0.7777778
3  0.8529412 0.8285714 0.8285714 0.7948718 0.7948718 0.7948718 0.7948718 0.8157895 0.8157895
4  0.7837838 0.7837838 0.8055556 0.8055556 0.8055556 0.8055556 0.8055556 0.8055556 0.8055556
5  0.7567568 0.7297297 0.7179487 0.7567568 0.7435897 0.7435897 0.7631579 0.7631579 0.7631579
6  0.7500000 0.7419355 0.7419355 0.7419355 0.7419355 0.7419355 0.7419355 0.7666667 0.7586207
7  0.7105263 0.7027027 0.6842105 0.7027027 0.7027027 0.7027027 0.7027027 0.7027027 0.7027027
8  0.8235294 0.8484848 0.8484848 0.8484848 0.8484848 0.8484848 0.8750000 0.8750000 0.8750000
9  0.8076923 0.8076923 0.8076923 0.8000000 0.8000000 0.7916667 0.8000000 0.8000000 0.8000000
10 0.7575758 0.7812500 0.7741935 0.7741935 0.7741935 0.7741935 0.8000000 0.8275862 0.8571429
          38        39        40        41        42        43        44        45        46
1  0.7500000 0.7500000 0.7500000 0.7500000 0.7500000 0.8148148 0.7857143 0.7857143 0.8148148
2  0.8000000 0.8235294 0.8235294 0.8181818 0.8235294 0.8484848 0.8387097 0.8666667 0.8333333
3  0.8157895 0.7948718 0.7948718 0.7948718 0.8157895 0.8571429 0.8529412 0.8709677 0.8709677
4  0.8285714 0.8055556 0.8285714 0.8285714 0.8285714 0.8285714 0.8285714 0.8235294 0.8666667
5  0.7631579 0.7631579 0.7567568 0.7567568 0.7368421 0.7222222 0.7428571 0.7428571 0.7352941
6  0.7500000 0.7500000 0.7500000 0.7241379 0.7241379 0.7241379 0.7241379 0.7333333 0.7586207
7  0.7222222 0.7222222 0.7027027 0.7222222 0.7222222 0.7647059 0.7878788 0.7878788 0.8387097
8  0.8750000 0.8750000 0.8484848 0.8437500 0.8437500 0.8387097 0.8387097 0.9285714 0.9615385
9  0.8000000 0.8000000 0.8000000 0.7692308 0.7692308 0.7600000 0.7916667 0.8000000 0.7916667
10 0.8888889 0.8800000 0.8750000 0.8750000 0.8750000 0.8750000 0.8750000 0.8695652 0.8695652
          47        48        49        50
1  0.8333333 0.8500000 0.8571429 0.8571429
2  0.8620690 0.8620690 0.8620690 0.8571429
3  0.8709677 0.8666667 0.8666667 0.8965517
4  0.8571429 0.8571429 0.8571429 0.8461538
5  0.7352941 0.7575758 0.7575758 0.7812500
6  0.8214286 0.8148148 0.8695652 0.8888889
7  0.8666667 0.8620690 0.8571429 0.8571429
8  0.9615385 0.9615385 0.9600000 0.9600000
9  0.7916667 0.7916667 0.7826087 0.7826087
10 0.8695652 0.8750000 0.8750000 0.9130435

$SVM$`Mean Precisions`
        1         2         3         4         5         6         7         8         9 
0.0000000 0.7449041 0.7715577 0.7693477 0.7556641 0.7919328 0.7947030 0.7954692 0.8059763 
       10        11        12        13        14        15        16        17        18 
0.8157747 0.8154288 0.7907148 0.7894535 0.8096854 0.8111319 0.8149751 0.8118084 0.8022466 
       19        20        21        22        23        24        25        26        27 
0.7998579 0.7947418 0.7885330 0.7895430 0.7938809 0.7874504 0.7929501 0.7942137 0.7931376 
       28        29        30        31        32        33        34        35        36 
0.7775991 0.7870989 0.7820076 0.7772260 0.7807078 0.7767474 0.7775223 0.7855446 0.7898863 
       37        38        39        40        41        42        43        44        45 
0.7914368 0.7993630 0.7964337 0.7929917 0.7882723 0.7889073 0.8033790 0.8066187 0.8209084 
       46        47        48        49        50 
0.8341177 0.8469673 0.8498543 0.8544914 0.8639925 

$SVM$`St Dev Precisions`
         1          2          3          4          5          6          7          8 
0.00000000 0.13448112 0.10890582 0.11767811 0.09235822 0.09368774 0.08089467 0.07424228 
         9         10         11         12         13         14         15         16 
0.07127022 0.08022384 0.08200027 0.07502865 0.06920491 0.06055143 0.07476670 0.07208858 
        17         18         19         20         21         22         23         24 
0.07204002 0.07160867 0.07027201 0.05559041 0.05728127 0.05147738 0.05470726 0.05284411 
        25         26         27         28         29         30         31         32 
0.05474132 0.04863732 0.05193820 0.04519584 0.04447063 0.04537757 0.05057934 0.03974728 
        33         34         35         36         37         38         39         40 
0.04070131 0.04116797 0.04586228 0.04661155 0.05074951 0.05476671 0.05261531 0.05293352 
        41         42         43         44         45         46         47         48 
0.05213021 0.05494235 0.05608651 0.04858408 0.06244426 0.06461186 0.05897276 0.05463897 
        49         50 
0.05433067 0.05500706 

$SVM$`Micro Ave Precisions`
        1         2         3         4         5         6         7         8         9 
      NaN 0.7509579 0.7715356 0.7640449 0.7517986 0.7857143 0.7876712 0.7915309 0.8013245 
       10        11        12        13        14        15        16        17        18 
0.8127090 0.8120805 0.7884615 0.7873016 0.8081761 0.8087774 0.8130841 0.8099688 0.7987616 
       19        20        21        22        23        24        25        26        27 
0.7962963 0.7933131 0.7869822 0.7876106 0.7922849 0.7857143 0.7904192 0.7934132 0.7916667 
       28        29        30        31        32        33        34        35        36 
0.7755102 0.7852941 0.7804154 0.7751479 0.7797619 0.7758112 0.7767857 0.7844311 0.7885196 
       37        38        39        40        41        42        43        44        45 
0.7896341 0.7981366 0.7943925 0.7906250 0.7868339 0.7875000 0.8025890 0.8059211 0.8181818 
       46        47        48        49        50 
0.8315789 0.8447653 0.8481481 0.8522727 0.8616601 

$SVM$`Recalls per Fold`
   1         2         3         4         5         6         7         8         9        10
1  0 0.3243243 0.4324324 0.4324324 0.5135135 0.5675676 0.5135135 0.5675676 0.5675676 0.5675676
2  0 0.5405405 0.6486486 0.6486486 0.6216216 0.6216216 0.6486486 0.6756757 0.6486486 0.6486486
3  0 0.8205128 0.6923077 0.6666667 0.6923077 0.7692308 0.7692308 0.7692308 0.7435897 0.7692308
4  0 0.6764706 0.6764706 0.7058824 0.7352941 0.7647059 0.7352941 0.7941176 0.7941176 0.7941176
5  0 0.5142857 0.5142857 0.5428571 0.6000000 0.6857143 0.6571429 0.6571429 0.6857143 0.6571429
6  0 0.5151515 0.5454545 0.5454545 0.5454545 0.6363636 0.6666667 0.7575758 0.7272727 0.7272727
7  0 0.5000000 0.5588235 0.6176471 0.5882353 0.6176471 0.6176471 0.6470588 0.6470588 0.6470588
8  0 0.5128205 0.5384615 0.4871795 0.4871795 0.5897436 0.5641026 0.6410256 0.6666667 0.6923077
9  0 0.5185185 0.5555556 0.5185185 0.4814815 0.5185185 0.6296296 0.6666667 0.6666667 0.6666667
10 0 0.6764706 0.7352941 0.6764706 0.7058824 0.8235294 0.7941176 0.7941176 0.7941176 0.7941176
          11        12        13        14        15        16        17        18        19
1  0.5405405 0.5945946 0.5945946 0.5945946 0.6216216 0.6216216 0.6486486 0.6756757 0.6756757
2  0.6756757 0.7027027 0.7027027 0.7567568 0.7567568 0.7567568 0.7567568 0.7567568 0.7567568
3  0.7692308 0.7692308 0.7948718 0.7948718 0.7948718 0.7948718 0.7948718 0.7692308 0.7692308
4  0.8235294 0.8235294 0.7941176 0.7941176 0.8235294 0.8235294 0.8235294 0.8235294 0.8235294
5  0.6857143 0.6857143 0.6857143 0.7714286 0.7714286 0.7714286 0.7428571 0.7428571 0.7428571
6  0.6969697 0.6666667 0.6666667 0.6969697 0.6969697 0.6969697 0.6666667 0.6666667 0.6666667
7  0.6470588 0.6470588 0.7352941 0.7647059 0.7647059 0.7647059 0.7647059 0.7647059 0.7647059
8  0.6666667 0.6666667 0.6666667 0.6666667 0.6666667 0.6666667 0.6666667 0.6666667 0.6666667
9  0.6296296 0.7777778 0.7407407 0.7407407 0.7407407 0.8148148 0.8148148 0.7777778 0.7777778
10 0.7941176 0.7352941 0.7352941 0.7941176 0.7647059 0.7941176 0.7941176 0.7647059 0.7647059
          20        21        22        23        24        25        26        27        28
1  0.6756757 0.7297297 0.7297297 0.7297297 0.7297297 0.7297297 0.7297297 0.7027027 0.7027027
2  0.7567568 0.7837838 0.7837838 0.8108108 0.7837838 0.7837838 0.8108108 0.8378378 0.8378378
3  0.7948718 0.7948718 0.7692308 0.7692308 0.7435897 0.7435897 0.7435897 0.7692308 0.7435897
4  0.8235294 0.8823529 0.8823529 0.8529412 0.8529412 0.8529412 0.8529412 0.8529412 0.8529412
5  0.7714286 0.7714286 0.7714286 0.7428571 0.7428571 0.7428571 0.7428571 0.7714286 0.7714286
6  0.6969697 0.6969697 0.6969697 0.7272727 0.6969697 0.6969697 0.6969697 0.6969697 0.6969697
7  0.7647059 0.7647059 0.8235294 0.8235294 0.8235294 0.8235294 0.8235294 0.8235294 0.8235294
8  0.6666667 0.6666667 0.6666667 0.6666667 0.6666667 0.6666667 0.6666667 0.6666667 0.6923077
9  0.7777778 0.7777778 0.7777778 0.7777778 0.7777778 0.7777778 0.7777778 0.7777778 0.7777778
10 0.7647059 0.7647059 0.7647059 0.7647059 0.7647059 0.7647059 0.7647059 0.7352941 0.7352941
          29        30        31        32        33        34        35        36        37
1  0.7027027 0.6756757 0.6486486 0.6216216 0.6216216 0.6216216 0.6216216 0.5945946 0.5945946
2  0.8108108 0.8108108 0.8108108 0.8108108 0.8108108 0.7837838 0.7837838 0.7837838 0.7567568
3  0.7435897 0.7435897 0.7435897 0.7948718 0.7948718 0.7948718 0.7948718 0.7948718 0.7948718
4  0.8529412 0.8529412 0.8529412 0.8529412 0.8529412 0.8529412 0.8529412 0.8529412 0.8529412
5  0.8000000 0.7714286 0.8000000 0.8000000 0.8285714 0.8285714 0.8285714 0.8285714 0.8285714
6  0.7272727 0.6969697 0.6969697 0.6969697 0.6969697 0.6969697 0.6969697 0.6969697 0.6666667
7  0.7941176 0.7647059 0.7647059 0.7647059 0.7647059 0.7647059 0.7647059 0.7647059 0.7647059
8  0.7179487 0.7179487 0.7179487 0.7179487 0.7179487 0.7179487 0.7179487 0.7179487 0.7179487
9  0.7777778 0.7777778 0.7777778 0.7407407 0.7407407 0.7037037 0.7407407 0.7407407 0.7407407
10 0.7352941 0.7352941 0.7058824 0.7058824 0.7058824 0.7058824 0.7058824 0.7058824 0.7058824
          38        39        40        41        42        43        44        45        46
1  0.5675676 0.5675676 0.5675676 0.5675676 0.5675676 0.5945946 0.5945946 0.5945946 0.5945946
2  0.7567568 0.7567568 0.7567568 0.7297297 0.7567568 0.7567568 0.7027027 0.7027027 0.6756757
3  0.7948718 0.7948718 0.7948718 0.7948718 0.7948718 0.7692308 0.7435897 0.6923077 0.6923077
4  0.8529412 0.8529412 0.8529412 0.8529412 0.8529412 0.8529412 0.8529412 0.8235294 0.7647059
5  0.8285714 0.8285714 0.8000000 0.8000000 0.8000000 0.7428571 0.7428571 0.7428571 0.7142857
6  0.6363636 0.6363636 0.6363636 0.6363636 0.6363636 0.6363636 0.6363636 0.6666667 0.6666667
7  0.7647059 0.7647059 0.7647059 0.7647059 0.7647059 0.7647059 0.7647059 0.7647059 0.7647059
8  0.7179487 0.7179487 0.7179487 0.6923077 0.6923077 0.6666667 0.6666667 0.6666667 0.6410256
9  0.7407407 0.7407407 0.7407407 0.7407407 0.7407407 0.7037037 0.7037037 0.7407407 0.7037037
10 0.7058824 0.6470588 0.6176471 0.6176471 0.6176471 0.6176471 0.6176471 0.5882353 0.5882353
          47        48        49        50
1  0.5405405 0.4594595 0.4864865 0.4864865
2  0.6756757 0.6756757 0.6756757 0.6486486
3  0.6923077 0.6666667 0.6666667 0.6666667
4  0.7058824 0.7058824 0.7058824 0.6470588
5  0.7142857 0.7142857 0.7142857 0.7142857
6  0.6969697 0.6666667 0.6060606 0.4848485
7  0.7647059 0.7352941 0.7058824 0.7058824
8  0.6410256 0.6410256 0.6153846 0.6153846
9  0.7037037 0.7037037 0.6666667 0.6666667
10 0.5882353 0.6176471 0.6176471 0.6176471

$SVM$`Mean Recalls`
        1         2         3         4         5         6         7         8         9 
0.0000000 0.5599095 0.5897734 0.5841757 0.5970970 0.6594642 0.6595993 0.6970179 0.6941420 
       10        11        12        13        14        15        16        17        18 
0.6964131 0.6929133 0.7069236 0.7116663 0.7374970 0.7401997 0.7505483 0.7473635 0.7408573 
       19        20        21        22        23        24        25        26        27 
0.7408573 0.7493088 0.7632993 0.7666175 0.7665522 0.7582551 0.7582551 0.7609578 0.7634379 
       28        29        30        31        32        33        34        35        36 
0.7634379 0.7662455 0.7547142 0.7519275 0.7506493 0.7535064 0.7471000 0.7508037 0.7481010 
       37        38        39        40        41        42        43        44        45 
0.7423680 0.7366350 0.7307527 0.7249543 0.7196875 0.7223902 0.7105467 0.7025772 0.6983007 
       46        47        48        49        50 
0.6805907 0.6723332 0.6586307 0.6460638 0.6253576 

$SVM$`St Dev Recalls`
         1          2          3          4          5          6          7          8 
0.00000000 0.13439872 0.09419404 0.09150860 0.09176548 0.09866722 0.08764747 0.07680698 
         9         10         11         12         13         14         15         16 
0.07104096 0.07386880 0.08400163 0.06929389 0.06163767 0.06587639 0.06121034 0.06710120 
        17         18         19         20         21         22         23         24 
0.06495451 0.05338987 0.05338987 0.05207367 0.05843731 0.06081686 0.05399818 0.05548860 
        25         26         27         28         29         30         31         32 
0.05548860 0.05749222 0.06300242 0.05942219 0.04820309 0.05285264 0.06132301 0.06780116 
        33         34         35         36         37         38         39         40 
0.07065386 0.07029111 0.06870839 0.07463081 0.07646201 0.08596751 0.09021324 0.09063024 
        41         42         43         44         45         46         47         48 
0.09047732 0.09121132 0.08122890 0.07769045 0.07363904 0.06116086 0.06569409 0.07839892 
        49         50 
0.06859743 0.08028121 

$SVM$`Micro Ave Recalls`
        1         2         3         4         5         6         7         8         9 
      NaN 0.5616046 0.5902579 0.5845272 0.5988539 0.6618911 0.6590258 0.6962751 0.6934097 
       10        11        12        13        14        15        16        17        18 
0.6962751 0.6934097 0.7048711 0.7106017 0.7363897 0.7392550 0.7478510 0.7449857 0.7392550 
       19        20        21        22        23        24        25        26        27 
0.7392550 0.7478510 0.7621777 0.7650430 0.7650430 0.7564470 0.7564470 0.7593123 0.7621777 
       28        29        30        31        32        33        34        35        36 
0.7621777 0.7650430 0.7535817 0.7507163 0.7507163 0.7535817 0.7478510 0.7507163 0.7478510 
       37        38        39        40        41        42        43        44        45 
0.7421203 0.7363897 0.7306590 0.7249284 0.7191977 0.7220630 0.7106017 0.7020057 0.6962751 
       46        47        48        49        50 
0.6790831 0.6704871 0.6561605 0.6446991 0.6246418 

$SVM$`F1 Measure`
   1         2         3         4         5         6         7         8         9        10
1  0 0.3809524 0.4923077 0.4923077 0.5588235 0.6086957 0.5757576 0.6268657 0.6268657 0.6268657
2  0 0.6451613 0.7272727 0.6857143 0.6764706 0.6969697 0.7272727 0.7462687 0.7164179 0.7164179
3  0 0.8421053 0.7714286 0.7878788 0.7826087 0.8450704 0.8108108 0.8219178 0.8055556 0.8571429
4  0 0.7666667 0.7931034 0.8000000 0.7936508 0.8253968 0.7812500 0.8307692 0.8307692 0.8181818
5  0 0.6101695 0.6000000 0.6031746 0.6363636 0.7164179 0.6969697 0.6969697 0.7272727 0.7076923
6  0 0.5862069 0.6101695 0.6206897 0.6315789 0.7000000 0.7333333 0.7692308 0.7619048 0.7619048
7  0 0.5862069 0.6229508 0.6774194 0.6557377 0.6562500 0.6774194 0.6875000 0.6984127 0.6984127
8  0 0.6451613 0.6562500 0.6229508 0.6229508 0.7076923 0.6875000 0.7352941 0.7536232 0.7714286
9  0 0.5600000 0.6382979 0.6222222 0.5777778 0.6363636 0.7391304 0.7500000 0.7659574 0.7659574
10 0 0.7419355 0.7575758 0.6969697 0.6956522 0.7567568 0.7397260 0.7397260 0.7500000 0.7714286
          11        12        13        14        15        16        17        18        19
1  0.6153846 0.6470588 0.6470588 0.6567164 0.6571429 0.6666667 0.6666667 0.7042254 0.7142857
2  0.7352941 0.7761194 0.7647059 0.7887324 0.7887324 0.7777778 0.7777778 0.7671233 0.7567568
3  0.8695652 0.8333333 0.8378378 0.8378378 0.8732394 0.8732394 0.8732394 0.8571429 0.8571429
4  0.8235294 0.8235294 0.8307692 0.8307692 0.8358209 0.8358209 0.8358209 0.8235294 0.8115942
5  0.7272727 0.7272727 0.7164179 0.7714286 0.7826087 0.7941176 0.7761194 0.7536232 0.7536232
6  0.7301587 0.6984127 0.6984127 0.7187500 0.7301587 0.7301587 0.7213115 0.7213115 0.7333333
7  0.7096774 0.6875000 0.7462687 0.7647059 0.7536232 0.7536232 0.7647059 0.7323944 0.7323944
8  0.7428571 0.7222222 0.7123288 0.7123288 0.7222222 0.7222222 0.7222222 0.7323944 0.7222222
9  0.7391304 0.8235294 0.8000000 0.8000000 0.8000000 0.8461538 0.8301887 0.8076923 0.7924528
10 0.7714286 0.7142857 0.7246377 0.8307692 0.7878788 0.8059701 0.8059701 0.7878788 0.8000000
          20        21        22        23        24        25        26        27        28
1  0.7142857 0.7500000 0.7397260 0.7397260 0.7500000 0.7605634 0.7605634 0.7647059 0.7647059
2  0.7567568 0.7733333 0.7945205 0.8333333 0.8169014 0.8169014 0.8333333 0.8378378 0.8157895
3  0.8493151 0.8493151 0.8333333 0.8333333 0.8055556 0.8055556 0.8055556 0.8219178 0.7945205
4  0.8235294 0.8450704 0.8333333 0.8169014 0.8285714 0.8285714 0.8285714 0.8169014 0.8055556
5  0.7605634 0.7500000 0.7500000 0.7428571 0.7428571 0.7428571 0.7536232 0.7605634 0.7500000
6  0.7301587 0.7187500 0.7301587 0.7500000 0.7187500 0.7187500 0.7187500 0.7187500 0.7187500
7  0.7428571 0.7428571 0.7777778 0.7777778 0.7671233 0.7671233 0.7777778 0.7887324 0.7671233
8  0.7428571 0.7428571 0.7323944 0.7323944 0.7323944 0.7323944 0.7323944 0.7123288 0.7297297
9  0.7924528 0.7924528 0.7924528 0.7924528 0.7924528 0.8076923 0.7924528 0.8076923 0.7924528
10 0.7878788 0.7761194 0.7761194 0.7647059 0.7536232 0.7536232 0.7536232 0.7352941 0.7462687
          29        30        31        32        33        34        35        36        37
1  0.7647059 0.7352941 0.7058824 0.6969697 0.6865672 0.6865672 0.6865672 0.6666667 0.6666667
2  0.8000000 0.8000000 0.8000000 0.8000000 0.8000000 0.7945205 0.7945205 0.7837838 0.7671233
3  0.7945205 0.7837838 0.7837838 0.7948718 0.7948718 0.7948718 0.7948718 0.8051948 0.8051948
4  0.8169014 0.8169014 0.8285714 0.8285714 0.8285714 0.8285714 0.8285714 0.8285714 0.8285714
5  0.7777778 0.7500000 0.7567568 0.7777778 0.7837838 0.7837838 0.7945205 0.7945205 0.7945205
6  0.7384615 0.7187500 0.7187500 0.7187500 0.7187500 0.7187500 0.7187500 0.7301587 0.7096774
7  0.7500000 0.7323944 0.7222222 0.7323944 0.7323944 0.7323944 0.7323944 0.7323944 0.7323944
8  0.7671233 0.7777778 0.7777778 0.7777778 0.7777778 0.7777778 0.7887324 0.7887324 0.7887324
9  0.7924528 0.7924528 0.7924528 0.7692308 0.7692308 0.7450980 0.7692308 0.7692308 0.7692308
10 0.7462687 0.7575758 0.7384615 0.7384615 0.7384615 0.7384615 0.7500000 0.7619048 0.7741935
          38        39        40        41        42        43        44        45        46
1  0.6461538 0.6461538 0.6461538 0.6461538 0.6461538 0.6875000 0.6769231 0.6769231 0.6875000
2  0.7777778 0.7887324 0.7887324 0.7714286 0.7887324 0.8000000 0.7647059 0.7761194 0.7462687
3  0.8051948 0.7948718 0.7948718 0.7948718 0.8051948 0.8108108 0.7945205 0.7714286 0.7714286
4  0.8405797 0.8285714 0.8405797 0.8405797 0.8405797 0.8405797 0.8405797 0.8235294 0.8125000
5  0.7945205 0.7945205 0.7777778 0.7777778 0.7671233 0.7323944 0.7428571 0.7428571 0.7246377
6  0.6885246 0.6885246 0.6885246 0.6774194 0.6774194 0.6774194 0.6774194 0.6984127 0.7096774
7  0.7428571 0.7428571 0.7323944 0.7428571 0.7428571 0.7647059 0.7761194 0.7761194 0.8000000
8  0.7887324 0.7887324 0.7777778 0.7605634 0.7605634 0.7428571 0.7428571 0.7761194 0.7692308
9  0.7692308 0.7692308 0.7692308 0.7547170 0.7547170 0.7307692 0.7450980 0.7692308 0.7450980
10 0.7868852 0.7457627 0.7241379 0.7241379 0.7241379 0.7241379 0.7241379 0.7017544 0.7017544
          47        48        49        50
1  0.6557377 0.5964912 0.6206897 0.6206897
2  0.7575758 0.7575758 0.7575758 0.7384615
3  0.7714286 0.7536232 0.7536232 0.7647059
4  0.7741935 0.7741935 0.7741935 0.7333333
5  0.7246377 0.7352941 0.7352941 0.7462687
6  0.7540984 0.7333333 0.7142857 0.6274510
7  0.8125000 0.7936508 0.7741935 0.7741935
8  0.7692308 0.7692308 0.7500000 0.7500000
9  0.7450980 0.7450980 0.7200000 0.7200000
10 0.7017544 0.7241379 0.7241379 0.7368421

$SVM$`Mean F1 Measure`
        1         2         3         4         5         6         7         8         9 
0.0000000 0.6364566 0.6669356 0.6609327 0.6631615 0.7149613 0.7169170 0.7404542 0.7436779 
       10        11        12        13        14        15        16        17        18 
0.7495433 0.7464298 0.7453264 0.7478437 0.7712038 0.7731427 0.7805751 0.7774023 0.7687315 
       19        20        21        22        23        24        25        26        27 
0.7673805 0.7700655 0.7740755 0.7759816 0.7783482 0.7708229 0.7734032 0.7756645 0.7764724 
       28        29        30        31        32        33        34        35        36 
0.7684896 0.7748212 0.7664930 0.7624659 0.7634805 0.7630409 0.7600796 0.7658159 0.7661158 
       37        38        39        40        41        42        43        44        45 
0.7636305 0.7640457 0.7587958 0.7540181 0.7490506 0.7507479 0.7511174 0.7485218 0.7512494 
       46        47        48        49        50 
0.7468096 0.7466255 0.7382629 0.7323993 0.7211946 

$SVM$`St Dev F1 Measure`
         1          2          3          4          5          6          7          8 
0.00000000 0.12797242 0.09413935 0.09065848 0.07752580 0.07629675 0.06419978 0.06089217 
         9         10         11         12         13         14         15         16 
0.05685018 0.06513406 0.06755819 0.06493537 0.06089253 0.05966569 0.06100684 0.06361681 
        17         18         19         20         21         22         23         24 
0.06219718 0.04942476 0.04624630 0.04269963 0.04373286 0.03827644 0.03885174 0.03777987 
        25         26         27         28         29         30         31         32 
0.03850317 0.03889569 0.04487511 0.03281460 0.02587864 0.03254224 0.04042552 0.04084470 
        33         34         35         36         37         38         39         40 
0.04309223 0.04286075 0.04324343 0.04643512 0.04827349 0.05761639 0.05517429 0.05677636 
        41         42         43         44         45         46         47         48 
0.05612052 0.05768173 0.05289430 0.04996277 0.04551774 0.04173257 0.04366691 0.05406305 
        49         50 
0.04462825 0.05348048 

$SVM$`Micro Ave F1 Measure`
        1         2         3         4         5         6         7         8         9 
      NaN 0.6426230 0.6688312 0.6623377 0.6666667 0.7185070 0.7176287 0.7408537 0.7434716 
       10        11        12        13        14        15        16        17        18 
0.7500000 0.7480680 0.7443268 0.7469880 0.7706147 0.7724551 0.7791045 0.7761194 0.7678571 
       19        20        21        22        23        24        25        26        27 
0.7667162 0.7699115 0.7743814 0.7761628 0.7784257 0.7708029 0.7730600 0.7759883 0.7766423 
       28        29        30        31        32        33        34        35        36 
0.7687861 0.7750363 0.7667638 0.7627365 0.7649635 0.7645349 0.7620438 0.7672035 0.7676471 
       37        38        39        40        41        42        43        44        45 
0.7651403 0.7660209 0.7611940 0.7563528 0.7514970 0.7533632 0.7537994 0.7503828 0.7523220 
       46        47        48        49        50 
0.7476341 0.7476038 0.7399031 0.7340946 0.7242525 
