> ig_6
$`NAIVE BAYES`
$`NAIVE BAYES`$`Accuracy per Fold`
   1         2         3         4         5         6         7         8         9        10
1  0 0.9529244 0.9572040 0.9643367 0.9629101 0.9686163 0.9543509 0.9443652 0.9457917 0.9572040
2  0 0.9618644 0.9533898 0.9519774 0.9477401 0.9505650 0.9463277 0.9449153 0.9491525 0.9533898
3  0 0.9702970 0.9674682 0.9632249 0.9632249 0.9618105 0.9589816 0.9561528 0.9504950 0.9504950
4  0 0.9618644 0.9618644 0.9675141 0.9604520 0.9590395 0.9505650 0.9562147 0.9477401 0.9463277
5  0 0.9604520 0.9717514 0.9759887 0.9703390 0.9703390 0.9661017 0.9590395 0.9590395 0.9562147
6  0 0.9603960 0.9504950 0.9575672 0.9646393 0.9589816 0.9547383 0.9519095 0.9533239 0.9476662
7  0 0.9604520 0.9632768 0.9689266 0.9689266 0.9604520 0.9533898 0.9491525 0.9463277 0.9477401
8  0 0.9618105 0.9632249 0.9632249 0.9646393 0.9632249 0.9603960 0.9547383 0.9547383 0.9632249
9  0 0.9632768 0.9646893 0.9618644 0.9661017 0.9661017 0.9548023 0.9533898 0.9463277 0.9420904
10 0 0.9586305 0.9486448 0.9500713 0.9486448 0.9457917 0.9472183 0.9486448 0.9472183 0.9529244
          11        12        13        14        15        16        17        18        19
1  0.9514979 0.9500713 0.9500713 0.9500713 0.9486448 0.9457917 0.9415121 0.9429387 0.9343795
2  0.9477401 0.9477401 0.9477401 0.9463277 0.9420904 0.9378531 0.9350282 0.9350282 0.9350282
3  0.9448373 0.9420085 0.9448373 0.9448373 0.9405941 0.9377652 0.9363508 0.9363508 0.9363508
4  0.9435028 0.9435028 0.9350282 0.9364407 0.9378531 0.9378531 0.9420904 0.9406780 0.9435028
5  0.9576271 0.9491525 0.9420904 0.9449153 0.9477401 0.9505650 0.9548023 0.9491525 0.9463277
6  0.9533239 0.9490806 0.9448373 0.9462518 0.9462518 0.9405941 0.9377652 0.9363508 0.9363508
7  0.9463277 0.9420904 0.9435028 0.9463277 0.9463277 0.9449153 0.9463277 0.9435028 0.9378531
8  0.9589816 0.9603960 0.9589816 0.9589816 0.9575672 0.9519095 0.9519095 0.9519095 0.9490806
9  0.9307910 0.9237288 0.9152542 0.9237288 0.9251412 0.9209040 0.9138418 0.9166667 0.9138418
10 0.9500713 0.9443652 0.9386591 0.9386591 0.9415121 0.9400856 0.9300999 0.9229672 0.9286733
          20        21        22        23        24        25        26        27        28
1  0.9343795 0.9372325 0.9386591 0.9372325 0.9300999 0.9315264 0.9315264 0.9300999 0.9258203
2  0.9350282 0.9307910 0.9265537 0.9279661 0.9265537 0.9223164 0.9166667 0.9166667 0.9194915
3  0.9349364 0.9306931 0.9321075 0.9335219 0.9278642 0.9264498 0.9250354 0.9264498 0.9278642
4  0.9406780 0.9406780 0.9435028 0.9406780 0.9378531 0.9364407 0.9322034 0.9336158 0.9293785
5  0.9491525 0.9477401 0.9533898 0.9548023 0.9533898 0.9533898 0.9449153 0.9435028 0.9364407
6  0.9306931 0.9349364 0.9306931 0.9321075 0.9306931 0.9292786 0.9349364 0.9335219 0.9306931
7  0.9378531 0.9378531 0.9392655 0.9378531 0.9392655 0.9336158 0.9336158 0.9307910 0.9307910
8  0.9476662 0.9490806 0.9462518 0.9434229 0.9434229 0.9462518 0.9434229 0.9420085 0.9391796
9  0.9166667 0.9152542 0.9194915 0.9166667 0.9166667 0.9138418 0.9152542 0.9166667 0.9152542
10 0.9272468 0.9315264 0.9315264 0.9300999 0.9300999 0.9272468 0.9272468 0.9272468 0.9215407
          29        30        31        32        33        34        35        36        37
1  0.9243937 0.9243937 0.9258203 0.9215407 0.9243937 0.9258203 0.9272468 0.9258203 0.9272468
2  0.9223164 0.9237288 0.9237288 0.9237288 0.9209040 0.9194915 0.9152542 0.9053672 0.9053672
3  0.9236209 0.9250354 0.9264498 0.9278642 0.9250354 0.9123055 0.9108911 0.9094767 0.9080622
4  0.9293785 0.9293785 0.9251412 0.9279661 0.9237288 0.9166667 0.9166667 0.9152542 0.9138418
5  0.9364407 0.9378531 0.9378531 0.9392655 0.9378531 0.9364407 0.9392655 0.9406780 0.9392655
6  0.9278642 0.9278642 0.9250354 0.9236209 0.9207921 0.9193777 0.9193777 0.9207921 0.9207921
7  0.9322034 0.9293785 0.9279661 0.9307910 0.9322034 0.9350282 0.9350282 0.9223164 0.9251412
8  0.9391796 0.9405941 0.9420085 0.9377652 0.9405941 0.9377652 0.9335219 0.9335219 0.9264498
9  0.9124294 0.9124294 0.9067797 0.9081921 0.9067797 0.9096045 0.9039548 0.9053672 0.9011299
10 0.9243937 0.9243937 0.9229672 0.9158345 0.9158345 0.9158345 0.9129815 0.9115549 0.9072753
          38        39        40        41        42        43        44        45        46
1  0.9186876 0.9186876 0.9201141 0.9172611 0.9101284 0.9087019 0.9058488 0.9015692 0.8944365
2  0.9067797 0.9067797 0.9025424 0.8968927 0.8926554 0.8855932 0.8757062 0.8658192 0.8545198
3  0.9024045 0.8995757 0.8939180 0.8910891 0.8854314 0.8840170 0.8783593 0.8712871 0.8698727
4  0.9152542 0.9152542 0.9096045 0.9039548 0.8884181 0.8757062 0.8742938 0.8629944 0.8418079
5  0.9378531 0.9378531 0.9307910 0.9293785 0.9293785 0.9279661 0.9265537 0.9166667 0.9152542
6  0.9193777 0.9165488 0.9165488 0.9108911 0.9108911 0.9094767 0.9094767 0.9080622 0.9066478
7  0.9265537 0.9293785 0.9251412 0.9180791 0.9166667 0.9124294 0.8983051 0.8898305 0.8855932
8  0.9222065 0.9236209 0.9236209 0.9193777 0.9137199 0.9094767 0.8995757 0.8896747 0.8854314
9  0.8983051 0.8968927 0.8968927 0.8898305 0.8799435 0.8714689 0.8644068 0.8531073 0.8573446
10 0.9044223 0.9015692 0.8972896 0.8944365 0.8915835 0.8787447 0.8730385 0.8716120 0.8673324
          47        48        49        50
1  0.8972896 0.8915835 0.8801712 0.8787447
2  0.8432203 0.8347458 0.8347458 0.8319209
3  0.8684583 0.8684583 0.8670438 0.8670438
4  0.8403955 0.8403955 0.8262712 0.8206215
5  0.9096045 0.9096045 0.8997175 0.8912429
6  0.9024045 0.8925035 0.8882603 0.8783593
7  0.8841808 0.8813559 0.8672316 0.8644068
8  0.8840170 0.8783593 0.8769448 0.8769448
9  0.8488701 0.8418079 0.8375706 0.8361582
10 0.8573466 0.8430813 0.8430813 0.8416548

$`NAIVE BAYES`$`Mean Accuracy`
        1         2         3         4         5         6         7         8         9 
0.0000000 0.9611968 0.9602009 0.9624696 0.9617618 0.9604922 0.9546872 0.9518522 0.9500155 
       10        11        12        13        14        15        16        17        18 
0.9517277 0.9484701 0.9452136 0.9421002 0.9436541 0.9433722 0.9408236 0.9389728 0.9375545 
       19        20        21        22        23        24        25        26        27 
0.9361389 0.9354300 0.9355785 0.9361441 0.9354351 0.9335909 0.9320358 0.9304823 0.9300570 
       28        29        30        31        32        33        34        35        36 
0.9276454 0.9272221 0.9275049 0.9263750 0.9256569 0.9248119 0.9228335 0.9214188 0.9190149 
       37        38        39        40        41        42        43        44        45 
0.9174572 0.9151844 0.9146160 0.9116463 0.9071191 0.9018816 0.8963581 0.8905564 0.8830623 
       46        47        48        49        50 
0.8778241 0.8735787 0.8681895 0.8621038 0.8587098 

$`NAIVE BAYES`$`St Dev Accuracy`
          1           2           3           4           5           6           7           8 
0.000000000 0.004284052 0.007534111 0.007765563 0.007703789 0.007620724 0.006016597 0.004962454 
          9          10          11          12          13          14          15          16 
0.004393189 0.006168531 0.008063492 0.009286945 0.011449602 0.009274511 0.008439671 0.008715286 
         17          18          19          20          21          22          23          24 
0.011654184 0.010919294 0.009920683 0.009512682 0.009665643 0.010035576 0.010147223 0.010222814 
         25          26          27          28          29          30          31          32 
0.011389448 0.009845375 0.008995993 0.007403119 0.007671730 0.007835455 0.009338733 0.009396655 
         33          34          35          36          37          38          39          40 
0.010068474 0.010337178 0.011718636 0.011894923 0.012203032 0.012279165 0.013464609 0.013386940 
         41          42          43          44          45          46          47          48 
0.013801207 0.016290205 0.019374394 0.020147997 0.021222100 0.023708862 0.025463105 0.026557914 
         49          50 
0.025149569 0.024148027 

$`NAIVE BAYES`$`Precisions per Fold`
   1         2         3         4         5         6         7         8         9        10
1  0 0.5348837 0.5652174 0.6170213 0.6000000 0.6521739 0.5357143 0.4761905 0.4833333 0.5600000
2  0 0.5641026 0.4893617 0.4800000 0.4489796 0.4680851 0.4444444 0.4385965 0.4642857 0.4897959
3  0 0.8000000 0.7222222 0.6585366 0.6444444 0.6363636 0.6041667 0.5869565 0.5370370 0.5357143
4  0 0.5161290 0.5135135 0.5675676 0.5000000 0.4878049 0.4255319 0.4615385 0.4000000 0.4038462
5  0 0.5000000 0.6052632 0.6486486 0.5897436 0.5945946 0.5434783 0.4901961 0.4893617 0.4705882
6  0 0.5555556 0.4634146 0.5238095 0.5897436 0.5348837 0.5000000 0.4807692 0.4897959 0.4528302
7  0 0.6176471 0.6315789 0.6666667 0.6521739 0.5800000 0.5272727 0.5000000 0.4838710 0.4915254
8  0 0.6363636 0.6444444 0.6326531 0.6458333 0.6226415 0.5964912 0.5573770 0.5555556 0.6101695
9  0 0.6315789 0.6279070 0.6046512 0.6363636 0.6428571 0.5400000 0.5272727 0.4838710 0.4603175
10 0 0.5294118 0.4390244 0.4545455 0.4468085 0.4313725 0.4423077 0.4489796 0.4423077 0.4807692
          11        12        13        14        15        16        17        18        19
1  0.5178571 0.5084746 0.5084746 0.5084746 0.5000000 0.4843750 0.4626866 0.4696970 0.4305556
2  0.4545455 0.4561404 0.4561404 0.4531250 0.4328358 0.4142857 0.4027778 0.4054054 0.4054054
3  0.5000000 0.4848485 0.5000000 0.5000000 0.4782609 0.4637681 0.4531250 0.4531250 0.4531250
4  0.3846154 0.3928571 0.3548387 0.3606557 0.3666667 0.3709677 0.3859649 0.3793103 0.3928571
5  0.4807692 0.4285714 0.3934426 0.4098361 0.4210526 0.4406780 0.4655172 0.4354839 0.4218750
6  0.4897959 0.4615385 0.4313725 0.4423077 0.4464286 0.4193548 0.4032258 0.3968254 0.3968254
7  0.4827586 0.4603175 0.4677419 0.4838710 0.4838710 0.4754098 0.4833333 0.4677419 0.4375000
8  0.5806452 0.5846154 0.5757576 0.5757576 0.5671642 0.5362319 0.5352113 0.5362319 0.5223881
9  0.4057971 0.3750000 0.3500000 0.3783784 0.3835616 0.3684211 0.3456790 0.3506494 0.3456790
10 0.4629630 0.4310345 0.4032258 0.4032258 0.4193548 0.4126984 0.3714286 0.3466667 0.3661972
          20        21        22        23        24        25        26        27        28
1  0.4305556 0.4428571 0.4492754 0.4444444 0.4133333 0.4189189 0.4189189 0.4109589 0.3974359
2  0.4027778 0.3866667 0.3717949 0.3797468 0.3750000 0.3580247 0.3411765 0.3411765 0.3493976
3  0.4444444 0.4218750 0.4307692 0.4375000 0.4117647 0.4029851 0.3970588 0.4057971 0.4142857
4  0.3793103 0.3793103 0.4000000 0.3870968 0.3750000 0.3692308 0.3571429 0.3623188 0.3472222
5  0.4333333 0.4262295 0.4576271 0.4642857 0.4545455 0.4545455 0.4067797 0.4000000 0.3692308
6  0.3768116 0.3970588 0.3768116 0.3857143 0.3768116 0.3714286 0.3939394 0.3913043 0.3731343
7  0.4375000 0.4375000 0.4444444 0.4375000 0.4444444 0.4153846 0.4153846 0.4029851 0.4029851
8  0.5147059 0.5223881 0.5072464 0.4929577 0.4929577 0.5072464 0.4929577 0.4861111 0.4729730
9  0.3506494 0.3421053 0.3561644 0.3466667 0.3466667 0.3376623 0.3421053 0.3466667 0.3421053
10 0.3611111 0.3768116 0.3768116 0.3714286 0.3714286 0.3611111 0.3611111 0.3611111 0.3421053
          29        30        31        32        33        34        35        36        37
1  0.3896104 0.3896104 0.3947368 0.3797468 0.3896104 0.3947368 0.4000000 0.3947368 0.4000000
2  0.3580247 0.3625000 0.3625000 0.3625000 0.3536585 0.3493976 0.3372093 0.3118280 0.3118280
3  0.3972603 0.4027778 0.4084507 0.4142857 0.4027778 0.3580247 0.3536585 0.3493976 0.3452381
4  0.3472222 0.3472222 0.3287671 0.3424658 0.3333333 0.3132530 0.3132530 0.3095238 0.3058824
5  0.3650794 0.3709677 0.3709677 0.3809524 0.3709677 0.3650794 0.3770492 0.3870968 0.3809524
6  0.3582090 0.3661972 0.3478261 0.3472222 0.3333333 0.3287671 0.3287671 0.3378378 0.3378378
7  0.4117647 0.4000000 0.3943662 0.4057971 0.4117647 0.4242424 0.4242424 0.3733333 0.3835616
8  0.4729730 0.4800000 0.4864865 0.4675325 0.4800000 0.4675325 0.4500000 0.4500000 0.4235294
9  0.3333333 0.3375000 0.3255814 0.3253012 0.3214286 0.3333333 0.3222222 0.3258427 0.3152174
10 0.3513514 0.3513514 0.3466667 0.3250000 0.3250000 0.3250000 0.3125000 0.3086420 0.2976190
          38        39        40        41        42        43        44        45        46
1  0.3703704 0.3703704 0.3750000 0.3658537 0.3448276 0.3444444 0.3369565 0.3298969 0.3137255
2  0.3152174 0.3152174 0.3052632 0.2929293 0.2843137 0.2710280 0.2543860 0.2352941 0.2204724
3  0.3295455 0.3222222 0.3125000 0.3137255 0.3018868 0.3027523 0.2991453 0.2936508 0.2880000
4  0.3095238 0.3095238 0.2954545 0.2826087 0.2524272 0.2321429 0.2347826 0.2195122 0.1956522
5  0.3750000 0.3750000 0.3478261 0.3428571 0.3428571 0.3380282 0.3333333 0.3037975 0.3000000
6  0.3333333 0.3246753 0.3246753 0.3086420 0.3086420 0.3048780 0.3048780 0.3012048 0.3023256
7  0.3888889 0.4027778 0.3866667 0.3625000 0.3580247 0.3488372 0.3125000 0.2941176 0.2897196
8  0.4090909 0.4157303 0.4157303 0.4021739 0.3877551 0.3786408 0.3545455 0.3333333 0.3250000
9  0.3085106 0.3052632 0.3052632 0.2900000 0.2752294 0.2608696 0.2540984 0.2384615 0.2440945
10 0.2906977 0.2840909 0.2747253 0.2688172 0.2631579 0.2403846 0.2314815 0.2293578 0.2232143
          47        48        49        50
1  0.3235294 0.3113208 0.2894737 0.2869565
2  0.2074074 0.2068966 0.2068966 0.2040816
3  0.2857143 0.2857143 0.2868217 0.2868217
4  0.1942446 0.1942446 0.1768707 0.1721854
5  0.2906977 0.2954545 0.2736842 0.2574257
6  0.2921348 0.2708333 0.2718447 0.2545455
7  0.2870370 0.2894737 0.2661290 0.2619048
8  0.3223140 0.3120000 0.3095238 0.3095238
9  0.2330827 0.2285714 0.2275862 0.2260274
10 0.2148760 0.1984733 0.1984733 0.1969697

$`NAIVE BAYES`$`Mean Precisions`
        1         2         3         4         5         6         7         8         9 
0.0000000 0.5885672 0.5701947 0.5854100 0.5754091 0.5650777 0.5159407 0.4967877 0.4829419 
       10        11        12        13        14        15        16        17        18 
0.4955556 0.4759747 0.4583398 0.4440994 0.4515632 0.4499196 0.4386191 0.4308949 0.4241137 
       19        20        21        22        23        24        25        26        27 
0.4172408 0.4131199 0.4132802 0.4170945 0.4147341 0.4061953 0.3996538 0.3926575 0.3908430 
       28        29        30        31        32        33        34        35        36 
0.3810875 0.3784828 0.3808127 0.3766349 0.3750804 0.3721874 0.3659367 0.3618902 0.3548239 
       37        38        39        40        41        42        43        44        45 
0.3501666 0.3430178 0.3424871 0.3343105 0.3230107 0.3119121 0.3022006 0.2916107 0.2778627 
       46        47        48        49        50 
0.2702204 0.2651038 0.2592982 0.2507304 0.2456442 

$`NAIVE BAYES`$`St Dev Precisions`
         1          2          3          4          5          6          7          8 
0.00000000 0.08872240 0.09148956 0.07593889 0.08066286 0.07978582 0.06244124 0.04758591 
         9         10         11         12         13         14         15         16 
0.04367512 0.05894572 0.05522402 0.05967127 0.07190099 0.06653237 0.05926985 0.05244225 
        17         18         19         20         21         22         23         24 
0.05841246 0.05964686 0.04925081 0.04919771 0.04958569 0.04835409 0.04694228 0.04591357 
        25         26         27         28         29         30         31         32 
0.05164262 0.04588520 0.04223178 0.04174793 0.04119537 0.04120991 0.04781845 0.04480611 
        33         34         35         36         37         38         39         40 
0.05010705 0.04919748 0.04886017 0.04622057 0.04411902 0.03991516 0.04495427 0.04536871 
        41         42         43         44         45         46         47         48 
0.04334891 0.04478775 0.05000332 0.04480175 0.04299554 0.04525829 0.04816202 0.04732188 
        49         50 
0.04486178 0.04452591 

$`NAIVE BAYES`$`Micro Ave Precisions`
        1         2         3         4         5         6         7         8         9 
      NaN 0.5863014 0.5679612 0.5833333 0.5746102 0.5638767 0.5165049 0.4971645 0.4854545 
       10        11        12        13        14        15        16        17        18 
0.4963235 0.4761905 0.4586093 0.4426752 0.4513557 0.4502370 0.4381679 0.4290030 0.4223881 
       19        20        21        22        23        24        25        26        27 
0.4156805 0.4118519 0.4122024 0.4154303 0.4128843 0.4043478 0.3971223 0.3909348 0.3895921 
       28        29        30        31        32        33        34        35        36 
0.3804945 0.3782669 0.3806276 0.3758480 0.3739946 0.3706667 0.3642298 0.3595361 0.3525721 
       37        38        39        40        41        42        43        44        45 
0.3477723 0.3410194 0.3401442 0.3321637 0.3209877 0.3090129 0.2982635 0.2879377 0.2746544 
       46        47        48        49        50 
0.2660142 0.2603448 0.2545455 0.2470214 0.2424006 

$`NAIVE BAYES`$`Recalls per Fold`
   1         2         3         4         5         6         7         8         9        10
1  0 0.6388889 0.7222222 0.8055556 0.8333333 0.8333333 0.8333333 0.8333333 0.8055556 0.7777778
2  0 0.6875000 0.7187500 0.7500000 0.6875000 0.6875000 0.7500000 0.7812500 0.8125000 0.7500000
3  0 0.6153846 0.6666667 0.6923077 0.7435897 0.7179487 0.7435897 0.6923077 0.7435897 0.7692308
4  0 0.5714286 0.6785714 0.7500000 0.7500000 0.7142857 0.7142857 0.6428571 0.6428571 0.7500000
5  0 0.6428571 0.8214286 0.8571429 0.8214286 0.7857143 0.8928571 0.8928571 0.8214286 0.8571429
6  0 0.6250000 0.5937500 0.6875000 0.7187500 0.7187500 0.7812500 0.7812500 0.7500000 0.7500000
7  0 0.5833333 0.6666667 0.7777778 0.8333333 0.8055556 0.8055556 0.7777778 0.8333333 0.8055556
8  0 0.7179487 0.7435897 0.7948718 0.7948718 0.8461538 0.8717949 0.8717949 0.8974359 0.9230769
9  0 0.6666667 0.7500000 0.7222222 0.7777778 0.7500000 0.7500000 0.8055556 0.8333333 0.8055556
10 0 0.5806452 0.5806452 0.6451613 0.6774194 0.7096774 0.7419355 0.7096774 0.7419355 0.8064516
          11        12        13        14        15        16        17        18        19
1  0.8055556 0.8333333 0.8333333 0.8333333 0.8333333 0.8611111 0.8611111 0.8611111 0.8611111
2  0.7812500 0.8125000 0.8125000 0.9062500 0.9062500 0.9062500 0.9062500 0.9375000 0.9375000
3  0.7692308 0.8205128 0.8717949 0.8461538 0.8461538 0.8205128 0.7435897 0.7435897 0.7435897
4  0.7142857 0.7857143 0.7857143 0.7857143 0.7857143 0.8214286 0.7857143 0.7857143 0.7857143
5  0.8928571 0.8571429 0.8571429 0.8928571 0.8571429 0.9285714 0.9642857 0.9642857 0.9642857
6  0.7500000 0.7500000 0.6875000 0.7187500 0.7812500 0.8125000 0.7812500 0.7812500 0.7812500
7  0.7777778 0.8055556 0.8055556 0.8333333 0.8333333 0.8055556 0.8055556 0.8055556 0.7777778
8  0.9230769 0.9743590 0.9743590 0.9743590 0.9743590 0.9487179 0.9743590 0.9487179 0.8974359
9  0.7777778 0.7500000 0.7777778 0.7777778 0.7777778 0.7777778 0.7777778 0.7500000 0.7777778
10 0.8064516 0.8064516 0.8064516 0.8064516 0.8387097 0.8387097 0.8387097 0.8387097 0.8387097
          20        21        22        23        24        25        26        27        28
1  0.8611111 0.8611111 0.8611111 0.8888889 0.8611111 0.8611111 0.8611111 0.8333333 0.8611111
2  0.9062500 0.9062500 0.9062500 0.9375000 0.9375000 0.9062500 0.9062500 0.9062500 0.9062500
3  0.7179487 0.6923077 0.7179487 0.7179487 0.7179487 0.6923077 0.6923077 0.7179487 0.7435897
4  0.7857143 0.7857143 0.8571429 0.8571429 0.8571429 0.8571429 0.8928571 0.8928571 0.8928571
5  0.9285714 0.9285714 0.9642857 0.9285714 0.8928571 0.8928571 0.8571429 0.8571429 0.8571429
6  0.8125000 0.8437500 0.8125000 0.8437500 0.8125000 0.8125000 0.8125000 0.8437500 0.7812500
7  0.7777778 0.7777778 0.7777778 0.7777778 0.7777778 0.7500000 0.7500000 0.7500000 0.7500000
8  0.8974359 0.8974359 0.8974359 0.8974359 0.8974359 0.8974359 0.8974359 0.8974359 0.8974359
9  0.7500000 0.7222222 0.7222222 0.7222222 0.7222222 0.7222222 0.7222222 0.7222222 0.7222222
10 0.8387097 0.8387097 0.8387097 0.8387097 0.8387097 0.8387097 0.8387097 0.8387097 0.8387097
          29        30        31        32        33        34        35        36        37
1  0.8333333 0.8333333 0.8333333 0.8333333 0.8333333 0.8333333 0.8333333 0.8333333 0.8333333
2  0.9062500 0.9062500 0.9062500 0.9062500 0.9062500 0.9062500 0.9062500 0.9062500 0.9062500
3  0.7435897 0.7435897 0.7435897 0.7435897 0.7435897 0.7435897 0.7435897 0.7435897 0.7435897
4  0.8928571 0.8928571 0.8571429 0.8928571 0.9285714 0.9285714 0.9285714 0.9285714 0.9285714
5  0.8214286 0.8214286 0.8214286 0.8571429 0.8214286 0.8214286 0.8214286 0.8571429 0.8571429
6  0.7500000 0.8125000 0.7500000 0.7812500 0.7500000 0.7500000 0.7500000 0.7812500 0.7812500
7  0.7777778 0.7777778 0.7777778 0.7777778 0.7777778 0.7777778 0.7777778 0.7777778 0.7777778
8  0.8974359 0.9230769 0.9230769 0.9230769 0.9230769 0.9230769 0.9230769 0.9230769 0.9230769
9  0.7222222 0.7500000 0.7777778 0.7500000 0.7500000 0.7777778 0.8055556 0.8055556 0.8055556
10 0.8387097 0.8387097 0.8387097 0.8387097 0.8387097 0.8387097 0.8064516 0.8064516 0.8064516
          38        39        40        41        42        43        44        45        46
1  0.8333333 0.8333333 0.8333333 0.8333333 0.8333333 0.8611111 0.8611111 0.8888889 0.8888889
2  0.9062500 0.9062500 0.9062500 0.9062500 0.9062500 0.9062500 0.9062500 0.8750000 0.8750000
3  0.7435897 0.7435897 0.7692308 0.8205128 0.8205128 0.8461538 0.8974359 0.9487179 0.9230769
4  0.9285714 0.9285714 0.9285714 0.9285714 0.9285714 0.9285714 0.9642857 0.9642857 0.9642857
5  0.8571429 0.8571429 0.8571429 0.8571429 0.8571429 0.8571429 0.8571429 0.8571429 0.8571429
6  0.7812500 0.7812500 0.7812500 0.7812500 0.7812500 0.7812500 0.7812500 0.7812500 0.8125000
7  0.7777778 0.8055556 0.8055556 0.8055556 0.8055556 0.8333333 0.8333333 0.8333333 0.8611111
8  0.9230769 0.9487179 0.9487179 0.9487179 0.9743590 1.0000000 1.0000000 1.0000000 1.0000000
9  0.8055556 0.8055556 0.8055556 0.8055556 0.8333333 0.8333333 0.8611111 0.8611111 0.8611111
10 0.8064516 0.8064516 0.8064516 0.8064516 0.8064516 0.8064516 0.8064516 0.8064516 0.8064516
          47        48        49        50
1  0.9166667 0.9166667 0.9166667 0.9166667
2  0.8750000 0.9375000 0.9375000 0.9375000
3  0.9230769 0.9230769 0.9487179 0.9487179
4  0.9642857 0.9642857 0.9285714 0.9285714
5  0.8928571 0.9285714 0.9285714 0.9285714
6  0.8125000 0.8125000 0.8750000 0.8750000
7  0.8611111 0.9166667 0.9166667 0.9166667
8  1.0000000 1.0000000 1.0000000 1.0000000
9  0.8611111 0.8888889 0.9166667 0.9166667
10 0.8387097 0.8387097 0.8387097 0.8387097

$`NAIVE BAYES`$`Mean Recalls`
        1         2         3         4         5         6         7         8         9 
0.0000000 0.6329653 0.6942290 0.7482539 0.7638004 0.7568919 0.7884602 0.7788661 0.7881969 
       10        11        12        13        14        15        16        17        18 
0.7994791 0.7998263 0.8195569 0.8212129 0.8374980 0.8434024 0.8521135 0.8438603 0.8416434 
       19        20        21        22        23        24        25        26        27 
0.8365152 0.8276019 0.8253850 0.8355384 0.8409947 0.8315205 0.8230537 0.8230537 0.8259650 
       28        29        30        31        32        33        34        35        36 
0.8250569 0.8183604 0.8299523 0.8229087 0.8303987 0.8272737 0.8300515 0.8296035 0.8362999 
       37        38        39        40        41        42        43        44        45 
0.8362999 0.8362999 0.8416418 0.8442059 0.8493341 0.8546760 0.8653598 0.8768372 0.8816181 
       46        47        48        49        50 
0.8849568 0.8945318 0.9126866 0.9207070 0.9207070 

$`NAIVE BAYES`$`St Dev Recalls`
         1          2          3          4          5          6          7          8 
0.00000000 0.04810285 0.07293327 0.06352429 0.05779596 0.05665536 0.06040545 0.07895086 
         9         10         11         12         13         14         15         16 
0.07048769 0.05523128 0.06322400 0.06394991 0.07379776 0.07298785 0.06056956 0.05732214 
        17         18         19         20         21         22         23         24 
0.08092392 0.08311503 0.07602238 0.07072196 0.07913521 0.07963320 0.07886669 0.07379942 
        25         26         27         28         29         30         31         32 
0.07666097 0.07666097 0.07128517 0.06968833 0.06776452 0.06279504 0.06163759 0.06516728 
        33         34         35         36         37         38         39         40 
0.07247506 0.06966202 0.06833143 0.06520666 0.06520666 0.06520666 0.06717287 0.06339748 
        41         42         43         44         45         46         47         48 
0.05854748 0.06205592 0.06398451 0.06747168 0.07033413 0.06184179 0.05750114 0.05514631 
        49         50 
0.04260850 0.04260850 

$`NAIVE BAYES`$`Micro Ave Recalls`
        1         2         3         4         5         6         7         8         9 
      NaN 0.6350148 0.6943620 0.7477745 0.7655786 0.7596439 0.7893175 0.7804154 0.7922849 
       10        11        12        13        14        15        16        17        18 
0.8011869 0.8011869 0.8219585 0.8249258 0.8397626 0.8456973 0.8516320 0.8427300 0.8397626 
       19        20        21        22        23        24        25        26        27 
0.8338279 0.8249258 0.8219585 0.8308605 0.8367953 0.8278932 0.8189911 0.8189911 0.8219585 
       28        29        30        31        32        33        34        35        36 
0.8219585 0.8160237 0.8278932 0.8219585 0.8278932 0.8249258 0.8278932 0.8278932 0.8338279 
       37        38        39        40        41        42        43        44        45 
0.8338279 0.8338279 0.8397626 0.8427300 0.8486647 0.8545994 0.8664688 0.8783383 0.8842730 
       46        47        48        49        50 
0.8872404 0.8961424 0.9139466 0.9228487 0.9228487 

$`NAIVE BAYES`$`F1 Measure`
   1         2         3         4         5         6         7         8         9        10
1  0 0.5822785 0.6341463 0.6987952 0.6976744 0.7317073 0.6521739 0.6060606 0.6041667 0.6511628
2  0 0.6197183 0.5822785 0.5853659 0.5432099 0.5569620 0.5581395 0.5617978 0.5909091 0.5925926
3  0 0.6956522 0.6933333 0.6750000 0.6904762 0.6746988 0.6666667 0.6352941 0.6236559 0.6315789
4  0 0.5423729 0.5846154 0.6461538 0.6000000 0.5797101 0.5333333 0.5373134 0.4931507 0.5250000
5  0 0.5625000 0.6969697 0.7384615 0.6865672 0.6769231 0.6756757 0.6329114 0.6133333 0.6075949
6  0 0.5882353 0.5205479 0.5945946 0.6478873 0.6133333 0.6097561 0.5952381 0.5925926 0.5647059
7  0 0.6000000 0.6486486 0.7179487 0.7317073 0.6744186 0.6373626 0.6086957 0.6122449 0.6105263
8  0 0.6746988 0.6904762 0.7045455 0.7126437 0.7173913 0.7083333 0.6800000 0.6862745 0.7346939
9  0 0.6486486 0.6835443 0.6582278 0.7000000 0.6923077 0.6279070 0.6373626 0.6122449 0.5858586
10 0 0.5538462 0.5000000 0.5333333 0.5384615 0.5365854 0.5542169 0.5500000 0.5542169 0.6024096
          11        12        13        14        15        16        17        18        19
1  0.6304348 0.6315789 0.6315789 0.6315789 0.6250000 0.6200000 0.6019417 0.6078431 0.5740741
2  0.5747126 0.5842697 0.5842697 0.6041667 0.5858586 0.5686275 0.5576923 0.5660377 0.5660377
3  0.6060606 0.6095238 0.6355140 0.6285714 0.6111111 0.5925926 0.5631068 0.5631068 0.5631068
4  0.5000000 0.5238095 0.4888889 0.4943820 0.5000000 0.5111111 0.5176471 0.5116279 0.5238095
5  0.6250000 0.5714286 0.5393258 0.5617978 0.5647059 0.5977011 0.6279070 0.6000000 0.5869565
6  0.5925926 0.5714286 0.5301205 0.5476190 0.5681818 0.5531915 0.5319149 0.5263158 0.5263158
7  0.5957447 0.5858586 0.5918367 0.6122449 0.6122449 0.5979381 0.6041667 0.5918367 0.5600000
8  0.7128713 0.7307692 0.7238095 0.7238095 0.7169811 0.6851852 0.6909091 0.6851852 0.6603774
9  0.5333333 0.5000000 0.4827586 0.5090909 0.5137615 0.5000000 0.4786325 0.4778761 0.4786325
10 0.5882353 0.5617978 0.5376344 0.5376344 0.5591398 0.5531915 0.5148515 0.4905660 0.5098039
          20        21        22        23        24        25        26        27        28
1  0.5740741 0.5849057 0.5904762 0.5925926 0.5585586 0.5636364 0.5636364 0.5504587 0.5438596
2  0.5576923 0.5420561 0.5272727 0.5405405 0.5357143 0.5132743 0.4957265 0.4957265 0.5043478
3  0.5490196 0.5242718 0.5384615 0.5436893 0.5233645 0.5094340 0.5046729 0.5185185 0.5321101
4  0.5116279 0.5116279 0.5454545 0.5333333 0.5217391 0.5161290 0.5102041 0.5154639 0.5000000
5  0.5909091 0.5842697 0.6206897 0.6190476 0.6024096 0.6024096 0.5517241 0.5454545 0.5161290
6  0.5148515 0.5400000 0.5148515 0.5294118 0.5148515 0.5098039 0.5306122 0.5346535 0.5050505
7  0.5600000 0.5600000 0.5656566 0.5600000 0.5656566 0.5346535 0.5346535 0.5242718 0.5242718
8  0.6542056 0.6603774 0.6481481 0.6363636 0.6363636 0.6481481 0.6363636 0.6306306 0.6194690
9  0.4778761 0.4642857 0.4770642 0.4684685 0.4684685 0.4601770 0.4642857 0.4684685 0.4642857
10 0.5048544 0.5200000 0.5200000 0.5148515 0.5148515 0.5048544 0.5048544 0.5048544 0.4859813
          29        30        31        32        33        34        35        36        37
1  0.5309735 0.5309735 0.5357143 0.5217391 0.5309735 0.5357143 0.5405405 0.5357143 0.5405405
2  0.5132743 0.5178571 0.5178571 0.5178571 0.5087719 0.5043478 0.4915254 0.4640000 0.4640000
3  0.5178571 0.5225225 0.5272727 0.5321101 0.5225225 0.4833333 0.4793388 0.4754098 0.4715447
4  0.5000000 0.5000000 0.4752475 0.4950495 0.4905660 0.4684685 0.4684685 0.4642857 0.4601770
5  0.5054945 0.5111111 0.5111111 0.5274725 0.5111111 0.5054945 0.5168539 0.5333333 0.5274725
6  0.4848485 0.5048544 0.4752475 0.4807692 0.4615385 0.4571429 0.4571429 0.4716981 0.4716981
7  0.5384615 0.5283019 0.5233645 0.5333333 0.5384615 0.5490196 0.5490196 0.5045045 0.5137615
8  0.6194690 0.6315789 0.6371681 0.6206897 0.6315789 0.6206897 0.6050420 0.6050420 0.5806452
9  0.4561404 0.4655172 0.4590164 0.4537815 0.4500000 0.4666667 0.4603175 0.4640000 0.4531250
10 0.4952381 0.4952381 0.4905660 0.4684685 0.4684685 0.4684685 0.4504505 0.4464286 0.4347826
          38        39        40        41        42        43        44        45        46
1  0.5128205 0.5128205 0.5172414 0.5084746 0.4878049 0.4920635 0.4843750 0.4812030 0.4637681
2  0.4677419 0.4677419 0.4566929 0.4427481 0.4328358 0.4172662 0.3972603 0.3708609 0.3522013
3  0.4566929 0.4496124 0.4444444 0.4539007 0.4413793 0.4459459 0.4487179 0.4484848 0.4390244
4  0.4642857 0.4642857 0.4482759 0.4333333 0.3969466 0.3714286 0.3776224 0.3576159 0.3253012
5  0.5217391 0.5217391 0.4948454 0.4897959 0.4897959 0.4848485 0.4800000 0.4485981 0.4444444
6  0.4672897 0.4587156 0.4587156 0.4424779 0.4424779 0.4385965 0.4385965 0.4347826 0.4406780
7  0.5185185 0.5370370 0.5225225 0.5000000 0.4957265 0.4918033 0.4545455 0.4347826 0.4335664
8  0.5669291 0.5781250 0.5781250 0.5648855 0.5547445 0.5492958 0.5234899 0.5000000 0.4905660
9  0.4461538 0.4427481 0.4427481 0.4264706 0.4137931 0.3973510 0.3924051 0.3734940 0.3803681
10 0.4273504 0.4201681 0.4098361 0.4032258 0.3968254 0.3703704 0.3597122 0.3571429 0.3496503
          47        48        49        50
1  0.4782609 0.4647887 0.4400000 0.4370861
2  0.3353293 0.3389831 0.3389831 0.3351955
3  0.4363636 0.4363636 0.4404762 0.4404762
4  0.3233533 0.3233533 0.2971429 0.2905028
5  0.4385965 0.4482759 0.4227642 0.4031008
6  0.4297521 0.4062500 0.4148148 0.3943662
7  0.4305556 0.4400000 0.4125000 0.4074074
8  0.4875000 0.4756098 0.4727273 0.4727273
9  0.3668639 0.3636364 0.3646409 0.3626374
10 0.3421053 0.3209877 0.3209877 0.3190184

$`NAIVE BAYES`$`Mean F1 Measure`
        1         2         3         4         5         6         7         8         9 
0.0000000 0.6067951 0.6234560 0.6552426 0.6548628 0.6454038 0.6223565 0.6044674 0.5982789 
       10        11        12        13        14        15        16        17        18 
0.6106124 0.5958985 0.5870465 0.5745737 0.5850896 0.5856985 0.5779539 0.5688770 0.5620395 
       19        20        21        22        23        24        25        26        27 
0.5549114 0.5495111 0.5491794 0.5548075 0.5538299 0.5441978 0.5362520 0.5296733 0.5288501 
       28        29        30        31        32        33        34        35        36 
0.5195505 0.5161757 0.5207955 0.5152565 0.5151271 0.5113992 0.5059346 0.5018700 0.4964416 
       37        38        39        40        41        42        43        44        45 
0.4917747 0.4849522 0.4852993 0.4773447 0.4665312 0.4552330 0.4458970 0.4356725 0.4206965 
       46        47        48        49        50 
0.4119568 0.4068680 0.4018248 0.3925037 0.3862518 

$`NAIVE BAYES`$`St Dev F1 Measure`
         1          2          3          4          5          6          7          8 
0.00000000 0.05199657 0.07316192 0.06590374 0.07028640 0.06874394 0.05792153 0.04465829 
         9         10         11         12         13         14         15         16 
0.04957449 0.05570846 0.05720819 0.06311811 0.07452187 0.06879818 0.06155606 0.05388067 
        17         18         19         20         21         22         23         24 
0.06318134 0.06290935 0.04985781 0.05079095 0.05292935 0.05207664 0.05022999 0.04832483 
        25         26         27         28         29         30         31         32 
0.05454343 0.04725370 0.04315527 0.04186097 0.04319999 0.04337658 0.04998783 0.04653649 
        33         34         35         36         37         38         39         40 
0.05187852 0.05072302 0.05020946 0.04882759 0.04637754 0.04299090 0.04962240 0.05005667 
        41         42         43         44         45         46         47         48 
0.04843377 0.05075000 0.05862007 0.05277945 0.05231051 0.05568130 0.06004346 0.05994080 
        49         50 
0.05836233 0.05835932 

$`NAIVE BAYES`$`Micro Ave F1 Measure`
        1         2         3         4         5         6         7         8         9 
      NaN 0.6096866 0.6248331 0.6553966 0.6564885 0.6472819 0.6244131 0.6073903 0.6020293 
       10        11        12        13        14        15        16        17        18 
0.6129398 0.5973451 0.5887354 0.5761658 0.5871369 0.5876289 0.5786290 0.5685686 0.5620655 
       19        20        21        22        23        24        25        26        27 
0.5547878 0.5494071 0.5490585 0.5539070 0.5529412 0.5433301 0.5348837 0.5292426 0.5286260 
       28        29        30        31        32        33        34        35        36 
0.5201878 0.5169173 0.5214953 0.5158287 0.5152355 0.5114995 0.5058930 0.5013477 0.4955908 
       37        38        39        40        41        42        43        44        45 
0.4908297 0.4840655 0.4841745 0.4765101 0.4657980 0.4539007 0.4437690 0.4336996 0.4191280 
       46        47        48        49        50 
0.4093087 0.4034736 0.3981900 0.3897243 0.3839506 


$SVM
$SVM$`Accuracy per Fold`
   1         2         3         4         5         6         7         8         9        10
1  0 0.9657632 0.9686163 0.9728959 0.9728959 0.9757489 0.9728959 0.9757489 0.9757489 0.9743224
2  0 0.9661017 0.9661017 0.9675141 0.9703390 0.9703390 0.9675141 0.9632768 0.9661017 0.9675141
3  0 0.9589816 0.9603960 0.9759547 0.9731259 0.9731259 0.9688826 0.9688826 0.9688826 0.9717115
4  0 0.9745763 0.9788136 0.9816384 0.9816384 0.9816384 0.9816384 0.9788136 0.9759887 0.9759887
5  0 0.9689266 0.9703390 0.9774011 0.9774011 0.9759887 0.9759887 0.9788136 0.9774011 0.9731638
6  0 0.9646393 0.9632249 0.9688826 0.9717115 0.9745403 0.9717115 0.9731259 0.9731259 0.9731259
7  0 0.9689266 0.9675141 0.9745763 0.9717514 0.9774011 0.9759887 0.9731638 0.9689266 0.9703390
8  0 0.9632249 0.9660537 0.9731259 0.9688826 0.9745403 0.9688826 0.9702970 0.9773692 0.9787836
9  0 0.9689266 0.9731638 0.9759887 0.9731638 0.9759887 0.9731638 0.9759887 0.9759887 0.9774011
10 0 0.9671897 0.9743224 0.9757489 0.9714693 0.9728959 0.9714693 0.9714693 0.9743224 0.9771755
          11        12        13        14        15        16        17        18        19
1  0.9743224 0.9728959 0.9786020 0.9800285 0.9786020 0.9757489 0.9714693 0.9743224 0.9771755
2  0.9703390 0.9717514 0.9717514 0.9703390 0.9689266 0.9703390 0.9731638 0.9731638 0.9717514
3  0.9717115 0.9717115 0.9717115 0.9702970 0.9717115 0.9702970 0.9717115 0.9702970 0.9717115
4  0.9745763 0.9759887 0.9759887 0.9759887 0.9759887 0.9774011 0.9788136 0.9774011 0.9774011
5  0.9774011 0.9717514 0.9745763 0.9745763 0.9731638 0.9717514 0.9745763 0.9731638 0.9731638
6  0.9731259 0.9688826 0.9688826 0.9717115 0.9717115 0.9688826 0.9688826 0.9660537 0.9688826
7  0.9703390 0.9717514 0.9745763 0.9745763 0.9731638 0.9731638 0.9731638 0.9731638 0.9731638
8  0.9745403 0.9787836 0.9801980 0.9801980 0.9830269 0.9858557 0.9886846 0.9872702 0.9858557
9  0.9802260 0.9802260 0.9844633 0.9844633 0.9830508 0.9802260 0.9802260 0.9844633 0.9858757
10 0.9771755 0.9786020 0.9757489 0.9771755 0.9786020 0.9786020 0.9800285 0.9786020 0.9786020
          20        21        22        23        24        25        26        27        28
1  0.9757489 0.9771755 0.9786020 0.9786020 0.9743224 0.9757489 0.9771755 0.9757489 0.9714693
2  0.9745763 0.9774011 0.9774011 0.9788136 0.9802260 0.9759887 0.9774011 0.9802260 0.9759887
3  0.9717115 0.9717115 0.9745403 0.9759547 0.9745403 0.9731259 0.9731259 0.9731259 0.9731259
4  0.9788136 0.9774011 0.9759887 0.9774011 0.9802260 0.9802260 0.9788136 0.9816384 0.9816384
5  0.9759887 0.9745763 0.9731638 0.9745763 0.9745763 0.9745763 0.9717514 0.9745763 0.9759887
6  0.9702970 0.9702970 0.9717115 0.9717115 0.9717115 0.9731259 0.9731259 0.9731259 0.9745403
7  0.9731638 0.9731638 0.9745763 0.9731638 0.9745763 0.9717514 0.9717514 0.9731638 0.9745763
8  0.9830269 0.9858557 0.9844413 0.9844413 0.9844413 0.9844413 0.9844413 0.9830269 0.9801980
9  0.9844633 0.9844633 0.9844633 0.9844633 0.9816384 0.9830508 0.9816384 0.9802260 0.9774011
10 0.9800285 0.9786020 0.9786020 0.9786020 0.9757489 0.9757489 0.9757489 0.9771755 0.9771755
          29        30        31        32        33        34        35        36        37
1  0.9728959 0.9728959 0.9728959 0.9728959 0.9728959 0.9728959 0.9728959 0.9714693 0.9714693
2  0.9717514 0.9703390 0.9703390 0.9689266 0.9689266 0.9689266 0.9689266 0.9689266 0.9689266
3  0.9702970 0.9731259 0.9745403 0.9717115 0.9731259 0.9731259 0.9717115 0.9717115 0.9717115
4  0.9788136 0.9788136 0.9774011 0.9774011 0.9774011 0.9774011 0.9774011 0.9745763 0.9759887
5  0.9745763 0.9745763 0.9731638 0.9802260 0.9774011 0.9788136 0.9774011 0.9745763 0.9759887
6  0.9745403 0.9745403 0.9745403 0.9731259 0.9745403 0.9702970 0.9717115 0.9674682 0.9674682
7  0.9675141 0.9689266 0.9703390 0.9675141 0.9661017 0.9661017 0.9661017 0.9661017 0.9661017
8  0.9816124 0.9787836 0.9745403 0.9702970 0.9688826 0.9702970 0.9702970 0.9674682 0.9660537
9  0.9731638 0.9717514 0.9703390 0.9689266 0.9675141 0.9661017 0.9661017 0.9661017 0.9661017
10 0.9757489 0.9757489 0.9757489 0.9786020 0.9743224 0.9743224 0.9757489 0.9743224 0.9743224
          38        39        40        41        42        43        44        45        46
1  0.9714693 0.9700428 0.9700428 0.9700428 0.9700428 0.9700428 0.9700428 0.9700428 0.9700428
2  0.9689266 0.9661017 0.9661017 0.9661017 0.9661017 0.9661017 0.9661017 0.9661017 0.9661017
3  0.9717115 0.9717115 0.9717115 0.9717115 0.9717115 0.9717115 0.9717115 0.9717115 0.9717115
4  0.9759887 0.9759887 0.9759887 0.9759887 0.9759887 0.9759887 0.9759887 0.9745763 0.9745763
5  0.9759887 0.9759887 0.9759887 0.9759887 0.9759887 0.9759887 0.9759887 0.9759887 0.9759887
6  0.9674682 0.9674682 0.9674682 0.9674682 0.9674682 0.9660537 0.9646393 0.9646393 0.9646393
7  0.9646893 0.9646893 0.9646893 0.9646893 0.9646893 0.9646893 0.9646893 0.9646893 0.9646893
8  0.9632249 0.9632249 0.9618105 0.9618105 0.9632249 0.9646393 0.9632249 0.9632249 0.9632249
9  0.9646893 0.9646893 0.9646893 0.9646893 0.9646893 0.9661017 0.9661017 0.9661017 0.9661017
10 0.9686163 0.9686163 0.9671897 0.9671897 0.9657632 0.9657632 0.9657632 0.9657632 0.9657632
          47        48        49        50
1  0.9700428 0.9700428 0.9700428 0.9700428
2  0.9661017 0.9661017 0.9675141 0.9661017
3  0.9731259 0.9717115 0.9717115 0.9717115
4  0.9745763 0.9731638 0.9731638 0.9731638
5  0.9759887 0.9759887 0.9759887 0.9759887
6  0.9646393 0.9646393 0.9646393 0.9646393
7  0.9646893 0.9646893 0.9646893 0.9646893
8  0.9632249 0.9632249 0.9618105 0.9632249
9  0.9661017 0.9661017 0.9661017 0.9661017
10 0.9657632 0.9657632 0.9657632 0.9657632

$SVM$`Mean Accuracy`
        1         2         3         4         5         6         7         8         9 
0.0000000 0.9667256 0.9688546 0.9743727 0.9732379 0.9752207 0.9728136 0.9729580 0.9733856 
       10        11        12        13        14        15        16        17        18 
0.9739526 0.9743757 0.9742344 0.9756499 0.9759354 0.9757948 0.9752268 0.9760720 0.9757901 
       19        20        21        22        23        24        25        26        27 
0.9763583 0.9767818 0.9770647 0.9773490 0.9777730 0.9772007 0.9767784 0.9764973 0.9772034 
       28        29        30        31        32        33        34        35        36 
0.9762102 0.9740914 0.9739501 0.9733848 0.9729627 0.9721112 0.9718283 0.9718297 0.9702722 
       37        38        39        40        41        42        43        44        45 
0.9704132 0.9692773 0.9688521 0.9685680 0.9685680 0.9685668 0.9687081 0.9684252 0.9682839 
       46        47        48        49        50 
0.9682839 0.9684254 0.9681427 0.9681425 0.9681427 

$SVM$`St Dev Accuracy`
          1           2           3           4           5           6           7           8 
0.000000000 0.004140228 0.005480961 0.004081512 0.003697988 0.003017545 0.004218756 0.004775526 
          9          10          11          12          13          14          15          16 
0.004017894 0.003507780 0.003206562 0.003859218 0.004546203 0.004640836 0.004888939 0.005365886 
         17          18          19          20          21          22          23          24 
0.005874062 0.006371238 0.005837459 0.004715056 0.005060639 0.004356107 0.004260065 0.004106923 
         25          26          27          28          29          30          31          32 
0.004339668 0.004275511 0.003807050 0.003077942 0.004047935 0.003264170 0.002445961 0.004412446 
         33          34          35          36          37          38          39          40 
0.004030647 0.004315243 0.004150022 0.003484582 0.004045867 0.004513936 0.004562105 0.004797398 
         41          42          43          44          45          46          47          48 
0.004797398 0.004666513 0.004457535 0.004726357 0.004490430 0.004490430 0.004630481 0.004288176 
         49          50 
0.004442695 0.004288176 

$SVM$`Precisions per Fold`
   1         2         3         4         5         6         7         8         9        10
1  0 0.7727273 0.7692308 0.7931034 0.7741935 0.7878788 0.7741935 0.8064516 0.8275862 0.8214286
2  0 0.7500000 0.6818182 0.6800000 0.7037037 0.6896552 0.6666667 0.6071429 0.6333333 0.6551724
3  0 0.7777778 0.7391304 0.8928571 0.8333333 0.8846154 0.8400000 0.8400000 0.8148148 0.8275862
4  0 0.8571429 0.8823529 0.8571429 0.8571429 0.8260870 0.8571429 0.7826087 0.7391304 0.7391304
5  0 0.6500000 0.6521739 0.7727273 0.8000000 0.7391304 0.7391304 0.7826087 0.7727273 0.6800000
6  0 0.7333333 0.6363636 0.6923077 0.7142857 0.7692308 0.7307692 0.7241379 0.7600000 0.7600000
7  0 0.8500000 0.7600000 0.8214286 0.7857143 0.8333333 0.7878788 0.7741935 0.7187500 0.7419355
8  0 0.7407407 0.7419355 0.7941176 0.7741935 0.8000000 0.7931034 0.7812500 0.8709677 0.8750000
9  0 0.8888889 0.8400000 0.8275862 0.8148148 0.8275862 0.7931034 0.8275862 0.8518519 0.8846154
10 0 0.7000000 0.8421053 0.7916667 0.7391304 0.7142857 0.6774194 0.6774194 0.7096774 0.7272727
          11        12        13        14        15        16        17        18        19
1  0.8000000 0.7931034 0.8620690 0.8666667 0.8620690 0.8275862 0.7500000 0.8000000 0.8571429
2  0.6896552 0.7142857 0.7142857 0.6774194 0.6666667 0.6774194 0.6969697 0.6969697 0.6875000
3  0.8064516 0.8064516 0.8064516 0.7812500 0.7878788 0.7647059 0.7878788 0.7647059 0.7878788
4  0.7272727 0.7391304 0.7391304 0.7391304 0.7391304 0.7500000 0.7826087 0.7500000 0.7500000
5  0.7500000 0.6818182 0.7272727 0.7272727 0.7142857 0.6666667 0.7272727 0.6956522 0.6956522
6  0.7600000 0.6923077 0.7083333 0.7142857 0.7000000 0.6470588 0.6470588 0.6176471 0.6562500
7  0.7272727 0.7500000 0.8000000 0.8000000 0.7931034 0.8148148 0.8148148 0.8148148 0.8148148
8  0.8000000 0.8333333 0.8378378 0.8205128 0.8461538 0.8717949 0.9189189 0.8947368 0.8918919
9  0.8666667 0.8666667 0.9032258 0.9032258 0.8750000 0.8437500 0.8666667 0.9032258 0.9333333
10 0.7419355 0.7666667 0.7058824 0.7272727 0.7500000 0.7352941 0.7575758 0.7500000 0.7500000
          20        21        22        23        24        25        26        27        28
1  0.8518519 0.8571429 0.8888889 0.8888889 0.8461538 0.8518519 0.8571429 0.8800000 0.8636364
2  0.7187500 0.7500000 0.7500000 0.7575758 0.8000000 0.7586207 0.7857143 0.8461538 0.8000000
3  0.7878788 0.7878788 0.8181818 0.8235294 0.8181818 0.8125000 0.8125000 0.8125000 0.8125000
4  0.7826087 0.7727273 0.7619048 0.8000000 0.8181818 0.8181818 0.7826087 0.8947368 0.8947368
5  0.7619048 0.7272727 0.7142857 0.7272727 0.7272727 0.7272727 0.6666667 0.7083333 0.7391304
6  0.6774194 0.6774194 0.7142857 0.7142857 0.7142857 0.7407407 0.7407407 0.7407407 0.7500000
7  0.8148148 0.8148148 0.8461538 0.8148148 0.8214286 0.7857143 0.7857143 0.8148148 0.8461538
8  0.8461538 0.8918919 0.9117647 0.9117647 0.9117647 0.9117647 0.9117647 0.8857143 0.8787879
9  0.9032258 0.9032258 0.9032258 0.9032258 0.8965517 0.9000000 0.9259259 0.9230769 0.9166667
10 0.7741935 0.7500000 0.7500000 0.7500000 0.7058824 0.7187500 0.7187500 0.7419355 0.7586207
          29        30        31        32        33        34        35        36        37
1  0.8695652 0.9047619 0.9047619 0.9047619 0.9047619 0.9047619 0.9047619 0.9444444 0.9444444
2  0.7500000 0.7894737 0.7894737 0.7777778 0.7777778 0.7777778 0.7777778 0.7777778 0.7777778
3  0.8000000 0.8571429 0.8888889 0.8800000 0.8846154 0.8846154 0.8800000 0.8800000 0.8800000
4  0.8823529 0.8823529 0.8333333 0.8333333 0.8333333 0.8333333 0.8333333 0.8125000 0.8666667
5  0.7272727 0.7272727 0.7368421 0.9375000 0.9285714 0.9333333 1.0000000 1.0000000 1.0000000
6  0.7500000 0.7500000 0.7500000 0.7407407 0.7500000 0.7619048 0.8000000 0.8000000 0.8000000
7  0.8095238 0.8500000 0.8571429 0.8421053 0.8333333 0.8333333 0.8333333 0.8333333 0.8333333
8  0.9062500 0.9000000 0.9200000 0.9090909 0.9047619 0.9090909 0.9090909 0.9000000 0.8947368
9  0.9047619 0.9000000 0.8947368 0.8888889 0.8823529 0.8750000 0.8750000 0.8750000 0.8750000
10 0.7333333 0.7333333 0.7333333 0.7857143 0.8095238 0.8095238 0.8500000 0.8421053 0.8421053
          38        39        40        41        42        43        44        45        46
1  0.9444444 0.9411765 0.8947368 0.8947368 0.8947368 0.8947368 0.8947368 0.8947368 0.8947368
2  0.8125000 0.7222222 0.7222222 0.7222222 0.7222222 0.7222222 0.7222222 0.7222222 0.7222222
3  0.8800000 0.8800000 0.8800000 0.8800000 0.8800000 0.8800000 0.8800000 0.8800000 0.8800000
4  0.8666667 0.8666667 0.8666667 0.8666667 0.8666667 0.8666667 0.8666667 0.8571429 0.8571429
5  1.0000000 1.0000000 1.0000000 1.0000000 1.0000000 1.0000000 1.0000000 1.0000000 1.0000000
6  0.8000000 0.8000000 0.8000000 0.8000000 0.8000000 0.7857143 0.7692308 0.7692308 0.7692308
7  0.8235294 0.8235294 0.8235294 0.8235294 0.8235294 0.8235294 0.8235294 0.8235294 0.8235294
8  0.8823529 0.8421053 0.8333333 0.8333333 0.8823529 0.8888889 0.8823529 0.8823529 0.8823529
9  0.8666667 0.8666667 0.8666667 0.8666667 0.8666667 0.8750000 0.8750000 0.8750000 0.8750000
10 0.7142857 0.7142857 0.7000000 0.7000000 0.6842105 0.6842105 0.6842105 0.6842105 0.6842105
          47        48        49        50
1  0.8947368 0.8947368 0.8947368 0.8947368
2  0.7222222 0.7222222 0.7368421 0.7222222
3  0.9166667 0.8800000 0.8800000 0.8800000
4  0.8571429 0.8461538 0.8461538 0.8461538
5  1.0000000 1.0000000 1.0000000 1.0000000
6  0.7692308 0.7692308 0.7692308 0.7692308
7  0.8235294 0.8235294 0.8235294 0.8235294
8  0.8823529 0.8823529 0.8750000 0.8823529
9  0.8750000 0.8750000 0.8750000 0.8750000
10 0.6842105 0.6842105 0.6842105 0.6842105

$SVM$`Mean Precisions`
        1         2         3         4         5         6         7         8         9 
0.0000000 0.7720611 0.7545111 0.7922938 0.7796512 0.7871803 0.7659408 0.7603399 0.7698839 
       10        11        12        13        14        15        16        17        18 
0.7712141 0.7669254 0.7643764 0.7804489 0.7757036 0.7734288 0.7599091 0.7749765 0.7687752 
       19        20        21        22        23        24        25        26        27 
0.7824464 0.7918801 0.7932374 0.8058691 0.8091358 0.8059703 0.8025397 0.7987528 0.8248006 
       28        29        30        31        32        33        34        35        36 
0.8260233 0.8133060 0.8294337 0.8308513 0.8499913 0.8509032 0.8522675 0.8663297 0.8665161 
       37        38        39        40        41        42        43        44        45 
0.8714064 0.8590446 0.8456652 0.8387155 0.8387155 0.8420385 0.8420969 0.8397949 0.8388426 
       46        47        48        49        50 
0.8388426 0.8425092 0.8377437 0.8384704 0.8377437 

$SVM$`St Dev Precisions`
         1          2          3          4          5          6          7          8 
0.00000000 0.07457617 0.08278628 0.06617075 0.04979538 0.05999133 0.06278253 0.07170214 
         9         10         11         12         13         14         15         16 
0.07319846 0.07821591 0.05139475 0.06071980 0.07130622 0.07197668 0.07154777 0.07895395 
        17         18         19         20         21         22         23         24 
0.07929451 0.08888334 0.09188223 0.06602078 0.07328266 0.07768138 0.07297081 0.07164882 
        25         26         27         28         29         30         31         32 
0.06905803 0.08189174 0.07417027 0.06348663 0.07221831 0.07242116 0.07314667 0.06513711 
        33         34         35         36         37         38         39         40 
0.05945858 0.05809719 0.06335141 0.06845870 0.06557245 0.07897207 0.08824798 0.08627422 
        41         42         43         44         45         46         47         48 
0.08627422 0.09029815 0.09179601 0.09270450 0.09244632 0.09244632 0.09495327 0.09226976 
        49         50 
0.08997041 0.09226976 

$SVM$`Micro Ave Precisions`
        1         2         3         4         5         6         7         8         9 
      NaN 0.7684211 0.7510730 0.7932331 0.7781955 0.7872340 0.7636364 0.7588652 0.7689531 
       10        11        12        13        14        15        16        17        18 
0.7722420 0.7689655 0.7700348 0.7854671 0.7792642 0.7785235 0.7629870 0.7763158 0.7712418 
       19        20        21        22        23        24        25        26        27 
0.7852349 0.7932203 0.7966102 0.8105263 0.8125000 0.8076923 0.8056537 0.8021201 0.8235294 
       28        29        30        31        32        33        34        35        36 
0.8237548 0.8104839 0.8255319 0.8281938 0.8443396 0.8465347 0.8520408 0.8631579 0.8628571 
       37        38        39        40        41        42        43        44        45 
0.8678161 0.8529412 0.8381503 0.8323699 0.8323699 0.8362573 0.8372093 0.8352941 0.8343195 
       46        47        48        49        50 
0.8343195 0.8392857 0.8333333 0.8333333 0.8333333 

$SVM$`Recalls per Fold`
   1         2         3         4         5         6         7         8         9        10
1  0 0.4722222 0.5555556 0.6388889 0.6666667 0.7222222 0.6666667 0.6944444 0.6666667 0.6388889
2  0 0.3750000 0.4687500 0.5312500 0.5937500 0.6250000 0.5625000 0.5312500 0.5937500 0.5937500
3  0 0.3589744 0.4358974 0.6410256 0.6410256 0.5897436 0.5384615 0.5384615 0.5641026 0.6153846
4  0 0.4285714 0.5357143 0.6428571 0.6428571 0.6785714 0.6428571 0.6428571 0.6071429 0.6071429
5  0 0.4642857 0.5357143 0.6071429 0.5714286 0.6071429 0.6071429 0.6428571 0.6071429 0.6071429
6  0 0.3437500 0.4375000 0.5625000 0.6250000 0.6250000 0.5937500 0.6562500 0.5937500 0.5937500
7  0 0.4722222 0.5277778 0.6388889 0.6111111 0.6944444 0.7222222 0.6666667 0.6388889 0.6388889
8  0 0.5128205 0.5897436 0.6923077 0.6153846 0.7179487 0.5897436 0.6410256 0.6923077 0.7179487
9  0 0.4444444 0.5833333 0.6666667 0.6111111 0.6666667 0.6388889 0.6666667 0.6388889 0.6388889
10 0 0.4516129 0.5161290 0.6129032 0.5483871 0.6451613 0.6774194 0.6774194 0.7096774 0.7741935
          11        12        13        14        15        16        17        18        19
1  0.6666667 0.6388889 0.6944444 0.7222222 0.6944444 0.6666667 0.6666667 0.6666667 0.6666667
2  0.6250000 0.6250000 0.6250000 0.6562500 0.6250000 0.6562500 0.7187500 0.7187500 0.6875000
3  0.6410256 0.6410256 0.6410256 0.6410256 0.6666667 0.6666667 0.6666667 0.6666667 0.6666667
4  0.5714286 0.6071429 0.6071429 0.6071429 0.6071429 0.6428571 0.6428571 0.6428571 0.6428571
5  0.6428571 0.5357143 0.5714286 0.5714286 0.5357143 0.5714286 0.5714286 0.5714286 0.5714286
6  0.5937500 0.5625000 0.5312500 0.6250000 0.6562500 0.6875000 0.6875000 0.6562500 0.6562500
7  0.6666667 0.6666667 0.6666667 0.6666667 0.6388889 0.6111111 0.6111111 0.6111111 0.6111111
8  0.7179487 0.7692308 0.7948718 0.8205128 0.8461538 0.8717949 0.8717949 0.8717949 0.8461538
9  0.7222222 0.7222222 0.7777778 0.7777778 0.7777778 0.7500000 0.7222222 0.7777778 0.7777778
10 0.7419355 0.7419355 0.7741935 0.7741935 0.7741935 0.8064516 0.8064516 0.7741935 0.7741935
          20        21        22        23        24        25        26        27        28
1  0.6388889 0.6666667 0.6666667 0.6666667 0.6111111 0.6388889 0.6666667 0.6111111 0.5277778
2  0.7187500 0.7500000 0.7500000 0.7812500 0.7500000 0.6875000 0.6875000 0.6875000 0.6250000
3  0.6666667 0.6666667 0.6923077 0.7179487 0.6923077 0.6666667 0.6666667 0.6666667 0.6666667
4  0.6428571 0.6071429 0.5714286 0.5714286 0.6428571 0.6428571 0.6428571 0.6071429 0.6071429
5  0.5714286 0.5714286 0.5357143 0.5714286 0.5714286 0.5714286 0.5714286 0.6071429 0.6071429
6  0.6562500 0.6562500 0.6250000 0.6250000 0.6250000 0.6250000 0.6250000 0.6250000 0.6562500
7  0.6111111 0.6111111 0.6111111 0.6111111 0.6388889 0.6111111 0.6111111 0.6111111 0.6111111
8  0.8461538 0.8461538 0.7948718 0.7948718 0.7948718 0.7948718 0.7948718 0.7948718 0.7435897
9  0.7777778 0.7777778 0.7777778 0.7777778 0.7222222 0.7500000 0.6944444 0.6666667 0.6111111
10 0.7741935 0.7741935 0.7741935 0.7741935 0.7741935 0.7419355 0.7419355 0.7419355 0.7096774
          29        30        31        32        33        34        35        36        37
1  0.5555556 0.5277778 0.5277778 0.5277778 0.5277778 0.5277778 0.5277778 0.4722222 0.4722222
2  0.5625000 0.4687500 0.4687500 0.4375000 0.4375000 0.4375000 0.4375000 0.4375000 0.4375000
3  0.6153846 0.6153846 0.6153846 0.5641026 0.5897436 0.5897436 0.5641026 0.5641026 0.5641026
4  0.5357143 0.5357143 0.5357143 0.5357143 0.5357143 0.5357143 0.5357143 0.4642857 0.4642857
5  0.5714286 0.5714286 0.5000000 0.5357143 0.4642857 0.5000000 0.4285714 0.3571429 0.3928571
6  0.6562500 0.6562500 0.6562500 0.6250000 0.6562500 0.5000000 0.5000000 0.3750000 0.3750000
7  0.4722222 0.4722222 0.5000000 0.4444444 0.4166667 0.4166667 0.4166667 0.4166667 0.4166667
8  0.7435897 0.6923077 0.5897436 0.5128205 0.4871795 0.5128205 0.5128205 0.4615385 0.4358974
9  0.5277778 0.5000000 0.4722222 0.4444444 0.4166667 0.3888889 0.3888889 0.3888889 0.3888889
10 0.7096774 0.7096774 0.7096774 0.7096774 0.5483871 0.5483871 0.5483871 0.5161290 0.5161290
          38        39        40        41        42        43        44        45        46
1  0.4722222 0.4444444 0.4722222 0.4722222 0.4722222 0.4722222 0.4722222 0.4722222 0.4722222
2  0.4062500 0.4062500 0.4062500 0.4062500 0.4062500 0.4062500 0.4062500 0.4062500 0.4062500
3  0.5641026 0.5641026 0.5641026 0.5641026 0.5641026 0.5641026 0.5641026 0.5641026 0.5641026
4  0.4642857 0.4642857 0.4642857 0.4642857 0.4642857 0.4642857 0.4642857 0.4285714 0.4285714
5  0.3928571 0.3928571 0.3928571 0.3928571 0.3928571 0.3928571 0.3928571 0.3928571 0.3928571
6  0.3750000 0.3750000 0.3750000 0.3750000 0.3750000 0.3437500 0.3125000 0.3125000 0.3125000
7  0.3888889 0.3888889 0.3888889 0.3888889 0.3888889 0.3888889 0.3888889 0.3888889 0.3888889
8  0.3846154 0.4102564 0.3846154 0.3846154 0.3846154 0.4102564 0.3846154 0.3846154 0.3846154
9  0.3611111 0.3611111 0.3611111 0.3611111 0.3611111 0.3888889 0.3888889 0.3888889 0.3888889
10 0.4838710 0.4838710 0.4516129 0.4516129 0.4193548 0.4193548 0.4193548 0.4193548 0.4193548
          47        48        49        50
1  0.4722222 0.4722222 0.4722222 0.4722222
2  0.4062500 0.4062500 0.4375000 0.4062500
3  0.5641026 0.5641026 0.5641026 0.5641026
4  0.4285714 0.3928571 0.3928571 0.3928571
5  0.3928571 0.3928571 0.3928571 0.3928571
6  0.3125000 0.3125000 0.3125000 0.3125000
7  0.3888889 0.3888889 0.3888889 0.3888889
8  0.3846154 0.3846154 0.3589744 0.3846154
9  0.3888889 0.3888889 0.3888889 0.3888889
10 0.4193548 0.4193548 0.4193548 0.4193548

$SVM$`Mean Recalls`
        1         2         3         4         5         6         7         8         9 
0.0000000 0.4323904 0.5186115 0.6234431 0.6126722 0.6571901 0.6239652 0.6357899 0.6312318 
       10        11        12        13        14        15        16        17        18 
0.6425979 0.6589501 0.6510327 0.6683801 0.6862220 0.6822232 0.6930727 0.6965449 0.6957496 
       19        20        21        22        23        24        25        26        27 
0.6900605 0.6904078 0.6927391 0.6799071 0.6891677 0.6822881 0.6730260 0.6702482 0.6619149 
       28        29        30        31        32        33        34        35        36 
0.6365470 0.5950100 0.5749513 0.5575520 0.5337196 0.5080171 0.4957499 0.4860429 0.4453476 
       37        38        39        40        41        42        43        44        45 
0.4463550 0.4293204 0.4291067 0.4260946 0.4260946 0.4228688 0.4250857 0.4193966 0.4158251 
       46        47        48        49        50 
0.4158251 0.4158251 0.4122537 0.4128146 0.4122537 

$SVM$`St Dev Recalls`
         1          2          3          4          5          6          7          8 
0.00000000 0.05550730 0.05497030 0.04756775 0.03493855 0.04609952 0.05614539 0.05580466 
         9         10         11         12         13         14         15         16 
0.04682536 0.05874932 0.05591046 0.07567069 0.09094023 0.08296861 0.09296518 0.09119895 
        17         18         19         20         21         22         23         24 
0.08922323 0.09010604 0.08427255 0.08615448 0.08949139 0.09263694 0.09067869 0.07562917 
        25         26         27         28         29         30         31         32 
0.07016436 0.06466927 0.06438193 0.06063448 0.08542225 0.08906611 0.08193437 0.08556657 
        33         34         35         36         37         38         39         40 
0.07849181 0.06291303 0.06237195 0.06433974 0.05967375 0.06438030 0.06151424 0.06211149 
        41         42         43         44         45         46         47         48 
0.06211149 0.06147332 0.06143317 0.06759407 0.06588055 0.06588055 0.06588055 0.06608053 
        49         50 
0.06829082 0.06608053 

$SVM$`Micro Ave Recalls`
        1         2         3         4         5         6         7         8         9 
      NaN 0.4332344 0.5192878 0.6261128 0.6142433 0.6587537 0.6231454 0.6350148 0.6320475 
       10        11        12        13        14        15        16        17        18 
0.6439169 0.6617211 0.6557864 0.6735905 0.6913947 0.6884273 0.6973294 0.7002967 0.7002967 
       19        20        21        22        23        24        25        26        27 
0.6943620 0.6943620 0.6973294 0.6854599 0.6943620 0.6854599 0.6765579 0.6735905 0.6646884 
       28        29        30        31        32        33        34        35        36 
0.6379822 0.5964392 0.5756677 0.5578635 0.5311573 0.5074184 0.4955490 0.4866469 0.4480712 
       37        38        39        40        41        42        43        44        45 
0.4480712 0.4302671 0.4302671 0.4272997 0.4272997 0.4243323 0.4272997 0.4213650 0.4183976 
       46        47        48        49        50 
0.4183976 0.4183976 0.4154303 0.4154303 0.4154303 

$SVM$`F1 Measure`
   1         2         3         4         5         6         7         8         9        10
1  0 0.5862069 0.6451613 0.7076923 0.7164179 0.7536232 0.7164179 0.7462687 0.7384615 0.7187500
2  0 0.5000000 0.5555556 0.5964912 0.6440678 0.6557377 0.6101695 0.5666667 0.6129032 0.6229508
3  0 0.4912281 0.5483871 0.7462687 0.7246377 0.7076923 0.6562500 0.6562500 0.6666667 0.7058824
4  0 0.5714286 0.6666667 0.7346939 0.7346939 0.7450980 0.7346939 0.7058824 0.6666667 0.6666667
5  0 0.5416667 0.5882353 0.6800000 0.6666667 0.6666667 0.6666667 0.7058824 0.6800000 0.6415094
6  0 0.4680851 0.5185185 0.6206897 0.6666667 0.6896552 0.6551724 0.6885246 0.6666667 0.6666667
7  0 0.6071429 0.6229508 0.7187500 0.6875000 0.7575758 0.7536232 0.7164179 0.6764706 0.6865672
8  0 0.6060606 0.6571429 0.7397260 0.6857143 0.7567568 0.6764706 0.7042254 0.7714286 0.7887324
9  0 0.5925926 0.6885246 0.7384615 0.6984127 0.7384615 0.7076923 0.7384615 0.7301587 0.7419355
10 0 0.5490196 0.6400000 0.6909091 0.6296296 0.6779661 0.6774194 0.6774194 0.7096774 0.7500000
          11        12        13        14        15        16        17        18        19
1  0.7272727 0.7076923 0.7692308 0.7878788 0.7692308 0.7384615 0.7058824 0.7272727 0.7500000
2  0.6557377 0.6666667 0.6666667 0.6666667 0.6451613 0.6666667 0.7076923 0.7076923 0.6875000
3  0.7142857 0.7142857 0.7142857 0.7042254 0.7222222 0.7123288 0.7222222 0.7123288 0.7222222
4  0.6400000 0.6666667 0.6666667 0.6666667 0.6666667 0.6923077 0.7058824 0.6923077 0.6923077
5  0.6923077 0.6000000 0.6400000 0.6400000 0.6122449 0.6153846 0.6400000 0.6274510 0.6274510
6  0.6666667 0.6206897 0.6071429 0.6666667 0.6774194 0.6666667 0.6666667 0.6363636 0.6562500
7  0.6956522 0.7058824 0.7272727 0.7272727 0.7076923 0.6984127 0.6984127 0.6984127 0.6984127
8  0.7567568 0.8000000 0.8157895 0.8205128 0.8461538 0.8717949 0.8947368 0.8831169 0.8684211
9  0.7878788 0.7878788 0.8358209 0.8358209 0.8235294 0.7941176 0.7878788 0.8358209 0.8484848
10 0.7419355 0.7540984 0.7384615 0.7500000 0.7619048 0.7692308 0.7812500 0.7619048 0.7619048
          20        21        22        23        24        25        26        27        28
1  0.7301587 0.7500000 0.7619048 0.7619048 0.7096774 0.7301587 0.7500000 0.7213115 0.6551724
2  0.7187500 0.7500000 0.7500000 0.7692308 0.7741935 0.7213115 0.7333333 0.7586207 0.7017544
3  0.7222222 0.7222222 0.7500000 0.7671233 0.7500000 0.7323944 0.7323944 0.7323944 0.7323944
4  0.7058824 0.6800000 0.6530612 0.6666667 0.7200000 0.7200000 0.7058824 0.7234043 0.7234043
5  0.6530612 0.6400000 0.6122449 0.6400000 0.6400000 0.6400000 0.6153846 0.6538462 0.6666667
6  0.6666667 0.6666667 0.6666667 0.6666667 0.6666667 0.6779661 0.6779661 0.6779661 0.7000000
7  0.6984127 0.6984127 0.7096774 0.6984127 0.7187500 0.6875000 0.6875000 0.6984127 0.7096774
8  0.8461538 0.8684211 0.8493151 0.8493151 0.8493151 0.8493151 0.8493151 0.8378378 0.8055556
9  0.8358209 0.8358209 0.8358209 0.8358209 0.8000000 0.8181818 0.7936508 0.7741935 0.7333333
10 0.7741935 0.7619048 0.7619048 0.7619048 0.7384615 0.7301587 0.7301587 0.7419355 0.7333333
          29        30        31        32        33        34        35        36        37
1  0.6779661 0.6666667 0.6666667 0.6666667 0.6666667 0.6666667 0.6666667 0.6296296 0.6296296
2  0.6428571 0.5882353 0.5882353 0.5600000 0.5600000 0.5600000 0.5600000 0.5600000 0.5600000
3  0.6956522 0.7164179 0.7272727 0.6875000 0.7076923 0.7076923 0.6875000 0.6875000 0.6875000
4  0.6666667 0.6666667 0.6521739 0.6521739 0.6521739 0.6521739 0.6521739 0.5909091 0.6046512
5  0.6400000 0.6400000 0.5957447 0.6818182 0.6190476 0.6511628 0.6000000 0.5263158 0.5641026
6  0.7000000 0.7000000 0.7000000 0.6779661 0.7000000 0.6037736 0.6153846 0.5106383 0.5106383
7  0.5964912 0.6071429 0.6315789 0.5818182 0.5555556 0.5555556 0.5555556 0.5555556 0.5555556
8  0.8169014 0.7826087 0.7187500 0.6557377 0.6333333 0.6557377 0.6557377 0.6101695 0.5862069
9  0.6666667 0.6428571 0.6181818 0.5925926 0.5660377 0.5384615 0.5384615 0.5384615 0.5384615
10 0.7213115 0.7213115 0.7213115 0.7457627 0.6538462 0.6538462 0.6666667 0.6400000 0.6400000
          38        39        40        41        42        43        44        45        46
1  0.6296296 0.6037736 0.6181818 0.6181818 0.6181818 0.6181818 0.6181818 0.6181818 0.6181818
2  0.5416667 0.5200000 0.5200000 0.5200000 0.5200000 0.5200000 0.5200000 0.5200000 0.5200000
3  0.6875000 0.6875000 0.6875000 0.6875000 0.6875000 0.6875000 0.6875000 0.6875000 0.6875000
4  0.6046512 0.6046512 0.6046512 0.6046512 0.6046512 0.6046512 0.6046512 0.5714286 0.5714286
5  0.5641026 0.5641026 0.5641026 0.5641026 0.5641026 0.5641026 0.5641026 0.5641026 0.5641026
6  0.5106383 0.5106383 0.5106383 0.5106383 0.5106383 0.4782609 0.4444444 0.4444444 0.4444444
7  0.5283019 0.5283019 0.5283019 0.5283019 0.5283019 0.5283019 0.5283019 0.5283019 0.5283019
8  0.5357143 0.5517241 0.5263158 0.5263158 0.5357143 0.5614035 0.5357143 0.5357143 0.5357143
9  0.5098039 0.5098039 0.5098039 0.5098039 0.5098039 0.5384615 0.5384615 0.5384615 0.5384615
10 0.5769231 0.5769231 0.5490196 0.5490196 0.5200000 0.5200000 0.5200000 0.5200000 0.5200000
          47        48        49        50
1  0.6181818 0.6181818 0.6181818 0.6181818
2  0.5200000 0.5200000 0.5490196 0.5200000
3  0.6984127 0.6875000 0.6875000 0.6875000
4  0.5714286 0.5365854 0.5365854 0.5365854
5  0.5641026 0.5641026 0.5641026 0.5641026
6  0.4444444 0.4444444 0.4444444 0.4444444
7  0.5283019 0.5283019 0.5283019 0.5283019
8  0.5357143 0.5357143 0.5090909 0.5357143
9  0.5384615 0.5384615 0.5384615 0.5384615
10 0.5200000 0.5200000 0.5200000 0.5200000

$SVM$`Mean F1 Measure`
        1         2         3         4         5         6         7         8         9 
0.0000000 0.5513431 0.6131143 0.6973682 0.6854407 0.7149233 0.6854576 0.6905999 0.6919100 
       10        11        12        13        14        15        16        17        18 
0.6989661 0.7078494 0.7023861 0.7181337 0.7265711 0.7232226 0.7225372 0.7310624 0.7282671 
       19        20        21        22        23        24        25        26        27 
0.7312954 0.7351322 0.7373448 0.7350596 0.7417046 0.7367064 0.7306986 0.7275585 0.7319923 
       28        29        30        31        32        33        34        35        36 
0.7161292 0.6824513 0.6731907 0.6619916 0.6502036 0.6314353 0.6245070 0.6198147 0.5849179 
       37        38        39        40        41        42        43        44        45 
0.5876746 0.5688931 0.5657419 0.5618515 0.5618515 0.5598894 0.5620863 0.5561358 0.5528135 
       46        47        48        49        50 
0.5528135 0.5539048 0.5493292 0.5495688 0.5493292 

$SVM$`St Dev F1 Measure`
         1          2          3          4          5          6          7          8 
0.00000000 0.05023158 0.05716413 0.05188686 0.03436079 0.04002742 0.04276647 0.05101903 
         9         10         11         12         13         14         15         16 
0.04570785 0.05192717 0.04688365 0.06616695 0.07470753 0.06978388 0.07654696 0.07390702 
        17         18         19         20         21         22         23         24 
0.07297928 0.08038146 0.07806034 0.06504412 0.07250001 0.07617519 0.07159856 0.06133847 
        25         26         27         28         29         30         31         32 
0.06218457 0.06401119 0.05178309 0.04160289 0.05901651 0.05827316 0.05295464 0.05650037 
        33         34         35         36         37         38         39         40 
0.05576187 0.05652779 0.05379665 0.05659084 0.05319076 0.05724946 0.05554690 0.05815099 
        41         42         43         44         45         46         47         48 
0.05815099 0.05906926 0.06051660 0.06676174 0.06487931 0.06487931 0.06743778 0.06470390 
        49         50 
0.06519409 0.06470390 

$SVM$`Micro Ave F1 Measure`
        1         2         3         4         5         6         7         8         9 
      NaN 0.5540797 0.6140351 0.6998342 0.6865672 0.7172859 0.6862745 0.6914378 0.6938111 
       10        11        12        13        14        15        16        17        18 
0.7022654 0.7113238 0.7083333 0.7252396 0.7327044 0.7307087 0.7286822 0.7363495 0.7340591 
       19        20        21        22        23        24        25        26        27 
0.7370079 0.7405063 0.7436709 0.7427653 0.7488000 0.7415730 0.7354839 0.7322581 0.7356322 
       28        29        30        31        32        33        34        35        36 
0.7190635 0.6871795 0.6783217 0.6666667 0.6520947 0.6345083 0.6266417 0.6223909 0.5898438 
       37        38        39        40        41        42        43        44        45 
0.5909980 0.5719921 0.5686275 0.5647059 0.5647059 0.5629921 0.5658153 0.5601578 0.5573123 
       46        47        48        49        50 
0.5573123 0.5584158 0.5544554 0.5544554 0.5544554 

