> ig_7
$`NAIVE BAYES`
$`NAIVE BAYES`$`Accuracy per Fold`
   1         2         3         4         5         6         7         8         9        10
1  0 0.9457917 0.9372325 0.9300999 0.9372325 0.9372325 0.9400856 0.9415121 0.9500713 0.9514979
2  0 0.9590395 0.9576271 0.9548023 0.9562147 0.9604520 0.9590395 0.9618644 0.9590395 0.9604520
3  0 0.9462518 0.9448373 0.9405941 0.9434229 0.9405941 0.9391796 0.9434229 0.9476662 0.9476662
4  0 0.9590395 0.9604520 0.9576271 0.9519774 0.9491525 0.9505650 0.9533898 0.9562147 0.9576271
5  0 0.9548023 0.9533898 0.9420904 0.9463277 0.9463277 0.9463277 0.9406780 0.9420904 0.9463277
6  0 0.9547383 0.9589816 0.9476662 0.9420085 0.9448373 0.9547383 0.9547383 0.9561528 0.9561528
7  0 0.9491525 0.9576271 0.9505650 0.9533898 0.9548023 0.9533898 0.9533898 0.9576271 0.9548023
8  0 0.9646393 0.9646393 0.9603960 0.9589816 0.9618105 0.9632249 0.9632249 0.9646393 0.9660537
9  0 0.9505650 0.9420904 0.9336158 0.9350282 0.9364407 0.9293785 0.9279661 0.9322034 0.9435028
10 0 0.9700428 0.9643367 0.9572040 0.9572040 0.9543509 0.9443652 0.9486448 0.9472183 0.9472183
          11        12        13        14        15        16        17        18        19
1  0.9457917 0.9400856 0.9343795 0.9300999 0.9300999 0.9272468 0.9229672 0.9158345 0.9186876
2  0.9604520 0.9576271 0.9548023 0.9505650 0.9491525 0.9519774 0.9477401 0.9463277 0.9420904
3  0.9476662 0.9504950 0.9519095 0.9533239 0.9561528 0.9561528 0.9561528 0.9504950 0.9504950
4  0.9576271 0.9576271 0.9576271 0.9548023 0.9533898 0.9491525 0.9449153 0.9420904 0.9420904
5  0.9477401 0.9477401 0.9505650 0.9491525 0.9519774 0.9477401 0.9477401 0.9505650 0.9477401
6  0.9589816 0.9632249 0.9589816 0.9561528 0.9561528 0.9519095 0.9490806 0.9519095 0.9547383
7  0.9533898 0.9576271 0.9548023 0.9562147 0.9533898 0.9533898 0.9519774 0.9505650 0.9505650
8  0.9632249 0.9646393 0.9646393 0.9589816 0.9504950 0.9519095 0.9533239 0.9519095 0.9490806
9  0.9463277 0.9463277 0.9491525 0.9491525 0.9477401 0.9477401 0.9420904 0.9435028 0.9449153
10 0.9457917 0.9500713 0.9543509 0.9514979 0.9543509 0.9514979 0.9514979 0.9514979 0.9557775
          20        21        22        23        24        25        26        27        28
1  0.9158345 0.9158345 0.9101284 0.9101284 0.9101284 0.9115549 0.9101284 0.9129815 0.9072753
2  0.9392655 0.9378531 0.9336158 0.9364407 0.9350282 0.9350282 0.9364407 0.9378531 0.9364407
3  0.9504950 0.9476662 0.9434229 0.9476662 0.9448373 0.9434229 0.9434229 0.9434229 0.9420085
4  0.9435028 0.9449153 0.9477401 0.9463277 0.9449153 0.9435028 0.9435028 0.9435028 0.9435028
5  0.9477401 0.9463277 0.9435028 0.9406780 0.9435028 0.9406780 0.9406780 0.9420904 0.9392655
6  0.9533239 0.9533239 0.9533239 0.9490806 0.9504950 0.9519095 0.9490806 0.9476662 0.9504950
7  0.9491525 0.9519774 0.9562147 0.9548023 0.9576271 0.9604520 0.9604520 0.9618644 0.9604520
8  0.9476662 0.9504950 0.9561528 0.9575672 0.9589816 0.9519095 0.9547383 0.9561528 0.9547383
9  0.9435028 0.9505650 0.9491525 0.9505650 0.9519774 0.9519774 0.9519774 0.9505650 0.9449153
10 0.9600571 0.9600571 0.9557775 0.9586305 0.9586305 0.9586305 0.9586305 0.9572040 0.9572040
          29        30        31        32        33        34        35        36        37
1  0.9115549 0.9129815 0.9158345 0.9158345 0.9172611 0.9144080 0.9144080 0.9172611 0.9129815
2  0.9392655 0.9406780 0.9420904 0.9420904 0.9420904 0.9420904 0.9406780 0.9392655 0.9392655
3  0.9405941 0.9377652 0.9391796 0.9391796 0.9420085 0.9377652 0.9363508 0.9321075 0.9306931
4  0.9420904 0.9420904 0.9449153 0.9463277 0.9420904 0.9449153 0.9406780 0.9406780 0.9406780
5  0.9420904 0.9420904 0.9420904 0.9392655 0.9435028 0.9392655 0.9406780 0.9392655 0.9392655
6  0.9504950 0.9519095 0.9490806 0.9490806 0.9490806 0.9504950 0.9462518 0.9476662 0.9448373
7  0.9562147 0.9562147 0.9562147 0.9548023 0.9505650 0.9519774 0.9519774 0.9505650 0.9505650
8  0.9603960 0.9589816 0.9589816 0.9603960 0.9533239 0.9504950 0.9490806 0.9490806 0.9476662
9  0.9491525 0.9449153 0.9378531 0.9364407 0.9364407 0.9378531 0.9307910 0.9293785 0.9293785
10 0.9557775 0.9543509 0.9543509 0.9557775 0.9586305 0.9586305 0.9543509 0.9514979 0.9514979
          38        39        40        41        42        43        44        45        46
1  0.9144080 0.9087019 0.9087019 0.9087019 0.9087019 0.9101284 0.9029957 0.8930100 0.8844508
2  0.9378531 0.9378531 0.9350282 0.9336158 0.9251412 0.9223164 0.9138418 0.9053672 0.8997175
3  0.9292786 0.9278642 0.9250354 0.9250354 0.9222065 0.9179632 0.9151344 0.9038190 0.8925035
4  0.9406780 0.9392655 0.9392655 0.9350282 0.9307910 0.9265537 0.9110169 0.9053672 0.8912429
5  0.9307910 0.9265537 0.9251412 0.9251412 0.9237288 0.9166667 0.9124294 0.9081921 0.8983051
6  0.9405941 0.9391796 0.9377652 0.9377652 0.9363508 0.9306931 0.9321075 0.9236209 0.9222065
7  0.9463277 0.9449153 0.9420904 0.9322034 0.9223164 0.9152542 0.9039548 0.8870056 0.8742938
8  0.9476662 0.9462518 0.9377652 0.9321075 0.9236209 0.9165488 0.9108911 0.8953324 0.8826025
9  0.9180791 0.9096045 0.8954802 0.8870056 0.8785311 0.8601695 0.8460452 0.8460452 0.8474576
10 0.9529244 0.9529244 0.9429387 0.9400856 0.9300999 0.9229672 0.9144080 0.9029957 0.8901569
          47        48        49        50
1  0.8773181 0.8730385 0.8587732 0.8530670
2  0.8940678 0.8940678 0.8940678 0.8940678
3  0.8854314 0.8783593 0.8769448 0.8769448
4  0.8813559 0.8785311 0.8757062 0.8757062
5  0.8940678 0.8841808 0.8799435 0.8742938
6  0.9137199 0.9080622 0.9052334 0.8967468
7  0.8644068 0.8601695 0.8559322 0.8573446
8  0.8811881 0.8783593 0.8797737 0.8698727
9  0.8488701 0.8460452 0.8460452 0.8460452
10 0.8901569 0.8887304 0.8887304 0.8873039

$`NAIVE BAYES`$`Mean Accuracy`
        1         2         3         4         5         6         7         8         9 
0.0000000 0.9554063 0.9541214 0.9474661 0.9481787 0.9486000 0.9480294 0.9488831 0.9512923 
       10        11        12        13        14        15        16        17        18 
0.9531301 0.9526993 0.9535465 0.9531210 0.9509943 0.9502901 0.9488716 0.9467486 0.9454697 
       19        20        21        22        23        24        25        26        27 
0.9456180 0.9450541 0.9459015 0.9449031 0.9451886 0.9456124 0.9449066 0.9449052 0.9453303 
       28        29        30        31        32        33        34        35        36 
0.9436297 0.9447631 0.9441977 0.9440591 0.9439195 0.9434994 0.9427896 0.9405244 0.9396766 
       37        38        39        40        41        42        43        44        45 
0.9386828 0.9358600 0.9333114 0.9289212 0.9256690 0.9201488 0.9139261 0.9062825 0.8970755 
       46        47        48        49        50 
0.8882937 0.8830583 0.8789544 0.8761150 0.8731393 

$`NAIVE BAYES`$`St Dev Accuracy`
          1           2           3           4           5           6           7           8 
0.000000000 0.007926616 0.009545007 0.010531742 0.008571208 0.009112366 0.010208380 0.010740128 
          9          10          11          12          13          14          15          16 
0.009465995 0.007143077 0.006840014 0.007853421 0.007954626 0.008037321 0.007621460 0.008018743 
         17          18          19          20          21          22          23          24 
0.009307038 0.011008714 0.010550278 0.011766343 0.012056835 0.014183754 0.014157514 0.014657538 
         25          26          27          28          29          30          31          32 
0.014181566 0.014519472 0.013679571 0.015034963 0.013798713 0.013178886 0.012333388 0.012715383 
         33          34          35          36          37          38          39          40 
0.011308865 0.012141089 0.011655482 0.010942816 0.011736059 0.012627604 0.014982477 0.015730930 
         41          42          43          44          45          46          47          48 
0.016236020 0.016318293 0.019802840 0.022594603 0.020470379 0.019210650 0.017621442 0.017225109 
         49          50 
0.018167453 0.017047265 

$`NAIVE BAYES`$`Precisions per Fold`
   1         2         3         4         5         6         7         8         9        10
1  0 0.2307692 0.2244898 0.2037037 0.2244898 0.2244898 0.2340426 0.2500000 0.3043478 0.3111111
2  0 0.5128205 0.5000000 0.4814815 0.4897959 0.5227273 0.5106383 0.5294118 0.5090909 0.5185185
3  0 0.4565217 0.4576271 0.4375000 0.4500000 0.4333333 0.4307692 0.4545455 0.4769231 0.4769231
4  0 0.4687500 0.4864865 0.4651163 0.4255319 0.4081633 0.4166667 0.4375000 0.4583333 0.4693878
5  0 0.5000000 0.4878049 0.4081633 0.4347826 0.4347826 0.4347826 0.4000000 0.4117647 0.4444444
6  0 0.4571429 0.5000000 0.4230769 0.3846154 0.4000000 0.4680851 0.4680851 0.4791667 0.4791667
7  0 0.4500000 0.5192308 0.4745763 0.4912281 0.5000000 0.4915254 0.4915254 0.5178571 0.5000000
8  0 0.5588235 0.5476190 0.5102041 0.5000000 0.5200000 0.5306122 0.5306122 0.5416667 0.5531915
9  0 0.5348837 0.4693878 0.4181818 0.4259259 0.4363636 0.3965517 0.3968254 0.4166667 0.4843750
10 0 0.5000000 0.4230769 0.3714286 0.3636364 0.3428571 0.2857143 0.3255814 0.3181818 0.3095238
          11        12        13        14        15        16        17        18        19
1  0.2857143 0.2641509 0.2456140 0.2333333 0.2333333 0.2258065 0.2153846 0.2000000 0.2058824
2  0.5192308 0.5000000 0.4827586 0.4590164 0.4516129 0.4666667 0.4444444 0.4375000 0.4179104
3  0.4769231 0.4920635 0.5000000 0.5081967 0.5245902 0.5245902 0.5245902 0.4920635 0.4920635
4  0.4693878 0.4680851 0.4680851 0.4509804 0.4400000 0.4210526 0.4000000 0.3833333 0.3833333
5  0.4545455 0.4545455 0.4705882 0.4629630 0.4807692 0.4545455 0.4545455 0.4727273 0.4576271
6  0.5000000 0.5283019 0.5000000 0.4827586 0.4827586 0.4561404 0.4406780 0.4561404 0.4727273
7  0.4915254 0.5178571 0.5000000 0.5087719 0.4915254 0.4915254 0.4833333 0.4754098 0.4754098
8  0.5306122 0.5400000 0.5400000 0.5000000 0.4482759 0.4561404 0.4655172 0.4576271 0.4426230
9  0.5000000 0.5000000 0.5156250 0.5161290 0.5079365 0.5079365 0.4769231 0.4848485 0.4923077
10 0.3023256 0.3250000 0.3513514 0.3414634 0.3589744 0.3414634 0.3414634 0.3488372 0.3750000
          20        21        22        23        24        25        26        27        28
1  0.2000000 0.2000000 0.1891892 0.1891892 0.1891892 0.1917808 0.1891892 0.1944444 0.1842105
2  0.4057971 0.4000000 0.3802817 0.3913043 0.3823529 0.3823529 0.3880597 0.3939394 0.3880597
3  0.4923077 0.4776119 0.4571429 0.4776119 0.4637681 0.4558824 0.4558824 0.4558824 0.4492754
4  0.3898305 0.3965517 0.4107143 0.4067797 0.3965517 0.3859649 0.3859649 0.3818182 0.3818182
5  0.4576271 0.4500000 0.4354839 0.4218750 0.4354839 0.4218750 0.4218750 0.4285714 0.4153846
6  0.4642857 0.4642857 0.4655172 0.4385965 0.4482759 0.4561404 0.4406780 0.4310345 0.4464286
7  0.4677419 0.4833333 0.5090909 0.5000000 0.5172414 0.5357143 0.5357143 0.5454545 0.5357143
8  0.4354839 0.4500000 0.4821429 0.4909091 0.5000000 0.4576271 0.4736842 0.4821429 0.4736842
9  0.4848485 0.5238095 0.5156250 0.5238095 0.5322581 0.5333333 0.5333333 0.5254237 0.4915254
10 0.4054054 0.4054054 0.3750000 0.3947368 0.3947368 0.3947368 0.3947368 0.3846154 0.3846154
          29        30        31        32        33        34        35        36        37
1  0.1917808 0.1944444 0.2000000 0.2000000 0.2028986 0.1971831 0.1884058 0.1940299 0.1857143
2  0.4000000 0.4062500 0.4126984 0.4126984 0.4126984 0.4126984 0.4062500 0.4000000 0.4000000
3  0.4428571 0.4285714 0.4347826 0.4347826 0.4477612 0.4285714 0.4225352 0.4054054 0.4000000
4  0.3750000 0.3750000 0.3888889 0.3962264 0.3750000 0.3928571 0.3728814 0.3728814 0.3728814
5  0.4285714 0.4285714 0.4285714 0.4153846 0.4354839 0.4153846 0.4218750 0.4153846 0.4153846
6  0.4464286 0.4545455 0.4385965 0.4385965 0.4385965 0.4464286 0.4237288 0.4310345 0.4166667
7  0.5087719 0.5087719 0.5087719 0.5000000 0.4754098 0.4833333 0.4838710 0.4761905 0.4761905
8  0.5094340 0.5000000 0.5000000 0.5094340 0.4655172 0.4500000 0.4444444 0.4444444 0.4375000
9  0.5178571 0.4920635 0.4545455 0.4492754 0.4492754 0.4571429 0.4266667 0.4210526 0.4268293
10 0.3750000 0.3589744 0.3589744 0.3684211 0.3888889 0.3888889 0.3589744 0.3414634 0.3414634
          38        39        40        41        42        43        44        45        46
1  0.1884058 0.1780822 0.1780822 0.1780822 0.1780822 0.1891892 0.1772152 0.1627907 0.1521739
2  0.3939394 0.3939394 0.3823529 0.3768116 0.3466667 0.3376623 0.3176471 0.3010753 0.2886598
3  0.3947368 0.3896104 0.3797468 0.3827160 0.3734940 0.3636364 0.3555556 0.3265306 0.3018868
4  0.3728814 0.3620690 0.3666667 0.3492063 0.3333333 0.3239437 0.2804878 0.2727273 0.2448980
5  0.3802817 0.3648649 0.3600000 0.3600000 0.3552632 0.3333333 0.3214286 0.3103448 0.2872340
6  0.3968254 0.3906250 0.3846154 0.3846154 0.3787879 0.3571429 0.3623188 0.3333333 0.3289474
7  0.4531250 0.4477612 0.4347826 0.3947368 0.3614458 0.3409091 0.3163265 0.2818182 0.2605042
8  0.4375000 0.4307692 0.3943662 0.3733333 0.3456790 0.3255814 0.3152174 0.2815534 0.2589286
9  0.3888889 0.3645833 0.3301887 0.3189655 0.3032787 0.2773723 0.2585034 0.2585034 0.2602740
10 0.3500000 0.3500000 0.2978723 0.2941176 0.2586207 0.2380952 0.2173913 0.1948052 0.1744186
          47        48        49        50
1  0.1443299 0.1400000 0.1272727 0.1228070
2  0.2772277 0.2772277 0.2772277 0.2772277
3  0.2882883 0.2796610 0.2773109 0.2773109
4  0.2285714 0.2242991 0.2201835 0.2201835
5  0.2828283 0.2641509 0.2568807 0.2477876
6  0.3095238 0.2954545 0.2934783 0.2755102
7  0.2460317 0.2403101 0.2348485 0.2366412
8  0.2566372 0.2521739 0.2543860 0.2396694
9  0.2620690 0.2585034 0.2585034 0.2585034
10 0.1744186 0.1724138 0.1724138 0.1704545

$`NAIVE BAYES`$`Mean Precisions`
        1         2         3         4         5         6         7         8         9 
0.0000000 0.4669712 0.4615723 0.4193432 0.4190006 0.4222717 0.4199388 0.4284087 0.4433999 
       10        11        12        13        14        15        16        17        18 
0.4546642 0.4530265 0.4590004 0.4574022 0.4463613 0.4419776 0.4345867 0.4246880 0.4208487 
       19        20        21        22        23        24        25        26        27 
0.4214884 0.4203328 0.4250998 0.4220188 0.4234812 0.4259858 0.4215408 0.4219118 0.4223327 
       28        29        30        31        32        33        34        35        36 
0.4150716 0.4195701 0.4147193 0.4125830 0.4124819 0.4091530 0.4072488 0.3949633 0.3901887 
       37        38        39        40        41        42        43        44        45 
0.3872630 0.3756584 0.3672305 0.3508674 0.3412585 0.3234651 0.3086866 0.2922092 0.2723482 
       46        47        48        49        50 
0.2557925 0.2469926 0.2404194 0.2372505 0.2326096 

$`NAIVE BAYES`$`St Dev Precisions`
         1          2          3          4          5          6          7          8 
0.00000000 0.09044413 0.08991195 0.08597731 0.08176683 0.08961692 0.09509449 0.08893105 
         9         10         11         12         13         14         15         16 
0.08087859 0.08152256 0.08682225 0.09147413 0.08986902 0.09044931 0.08651054 0.08914641 
        17         18         19         20         21         22         23         24 
0.08862935 0.09011009 0.08653682 0.08501870 0.08892608 0.09519329 0.09467012 0.09828155 
        25         26         27         28         29         30         31         32 
0.09748014 0.09825633 0.09798383 0.09548030 0.09619508 0.09270537 0.08737333 0.08625209 
        33         34         35         36         37         38         39         40 
0.07913284 0.07948679 0.08044748 0.07822730 0.07951486 0.07218626 0.07333114 0.07096324 
        41         42         43         44         45         46         47         48 
0.06541445 0.06226715 0.05638597 0.05928726 0.05508167 0.05484775 0.05194125 0.04935214 
        49         50 
0.05173779 0.05041017 

$`NAIVE BAYES`$`Micro Ave Precisions`
        1         2         3         4         5         6         7         8         9 
      NaN 0.4644809 0.4608501 0.4202335 0.4225352 0.4254032 0.4232283 0.4312977 0.4472169 
       10        11        12        13        14        15        16        17        18 
0.4600760 0.4579439 0.4635514 0.4608209 0.4488330 0.4448399 0.4370629 0.4258944 0.4197324 
       19        20        21        22        23        24        25        26        27 
0.4207012 0.4181818 0.4226290 0.4174917 0.4186047 0.4209651 0.4166667 0.4166667 0.4179357 
       28        29        30        31        32        33        34        35        36 
0.4090150 0.4142615 0.4114671 0.4104730 0.4100840 0.4080268 0.4052718 0.3952000 0.3914422 
       37        38        39        40        41        42        43        44        45 
0.3881988 0.3761329 0.3661765 0.3506311 0.3413978 0.3243934 0.3089820 0.2916201 0.2728216 
       46        47        48        49        50 
0.2563353 0.2483599 0.2422587 0.2383929 0.2340053 

$`NAIVE BAYES`$`Recalls per Fold`
   1         2         3         4         5         6         7         8         9        10
1  0 0.5294118 0.6470588 0.6470588 0.6470588 0.6470588 0.6470588 0.7058824 0.8235294 0.8235294
2  0 0.6666667 0.8333333 0.8666667 0.8000000 0.7666667 0.8000000 0.9000000 0.9333333 0.9333333
3  0 0.6176471 0.7941176 0.8235294 0.7941176 0.7647059 0.8235294 0.8823529 0.9117647 0.9117647
4  0 0.5555556 0.6666667 0.7407407 0.7407407 0.7407407 0.7407407 0.7777778 0.8148148 0.8518519
5  0 0.5625000 0.6250000 0.6250000 0.6250000 0.6250000 0.6250000 0.6250000 0.6562500 0.7500000
6  0 0.5517241 0.7241379 0.7586207 0.6896552 0.6896552 0.7586207 0.7586207 0.7931034 0.7931034
7  0 0.5625000 0.8437500 0.8750000 0.8750000 0.9062500 0.9062500 0.9062500 0.9062500 0.9062500
8  0 0.6551724 0.7931034 0.8620690 0.8620690 0.8965517 0.8965517 0.8965517 0.8965517 0.8965517
9  0 0.6052632 0.6052632 0.6052632 0.6052632 0.6315789 0.6052632 0.6578947 0.6578947 0.8157895
10 0 0.5238095 0.5238095 0.6190476 0.5714286 0.5714286 0.5714286 0.6666667 0.6666667 0.6190476
          11        12        13        14        15        16        17        18        19
1  0.8235294 0.8235294 0.8235294 0.8235294 0.8235294 0.8235294 0.8235294 0.8235294 0.8235294
2  0.9000000 0.9000000 0.9333333 0.9333333 0.9333333 0.9333333 0.9333333 0.9333333 0.9333333
3  0.9117647 0.9117647 0.8823529 0.9117647 0.9411765 0.9411765 0.9411765 0.9117647 0.9117647
4  0.8518519 0.8148148 0.8148148 0.8518519 0.8148148 0.8888889 0.8888889 0.8518519 0.8518519
5  0.7812500 0.7812500 0.7500000 0.7812500 0.7812500 0.7812500 0.7812500 0.8125000 0.8437500
6  0.8620690 0.9655172 0.9310345 0.9655172 0.9655172 0.8965517 0.8965517 0.8965517 0.8965517
7  0.9062500 0.9062500 0.9062500 0.9062500 0.9062500 0.9062500 0.9062500 0.9062500 0.9062500
8  0.8965517 0.9310345 0.9310345 0.8965517 0.8965517 0.8965517 0.9310345 0.9310345 0.9310345
9  0.8421053 0.8421053 0.8684211 0.8421053 0.8421053 0.8421053 0.8157895 0.8421053 0.8421053
10 0.6190476 0.6190476 0.6190476 0.6666667 0.6666667 0.6666667 0.6666667 0.7142857 0.7142857
          20        21        22        23        24        25        26        27        28
1  0.8235294 0.8235294 0.8235294 0.8235294 0.8235294 0.8235294 0.8235294 0.8235294 0.8235294
2  0.9333333 0.9333333 0.9000000 0.9000000 0.8666667 0.8666667 0.8666667 0.8666667 0.8666667
3  0.9411765 0.9411765 0.9411765 0.9411765 0.9411765 0.9117647 0.9117647 0.9117647 0.9117647
4  0.8518519 0.8518519 0.8518519 0.8888889 0.8518519 0.8148148 0.8148148 0.7777778 0.7777778
5  0.8437500 0.8437500 0.8437500 0.8437500 0.8437500 0.8437500 0.8437500 0.8437500 0.8437500
6  0.8965517 0.8965517 0.9310345 0.8620690 0.8965517 0.8965517 0.8965517 0.8620690 0.8620690
7  0.9062500 0.9062500 0.8750000 0.8750000 0.9375000 0.9375000 0.9375000 0.9375000 0.9375000
8  0.9310345 0.9310345 0.9310345 0.9310345 0.9310345 0.9310345 0.9310345 0.9310345 0.9310345
9  0.8421053 0.8684211 0.8684211 0.8684211 0.8684211 0.8421053 0.8421053 0.8157895 0.7631579
10 0.7142857 0.7142857 0.7142857 0.7142857 0.7142857 0.7142857 0.7142857 0.7142857 0.7142857
          29        30        31        32        33        34        35        36        37
1  0.8235294 0.8235294 0.8235294 0.8235294 0.8235294 0.8235294 0.7647059 0.7647059 0.7647059
2  0.8666667 0.8666667 0.8666667 0.8666667 0.8666667 0.8666667 0.8666667 0.8666667 0.8666667
3  0.9117647 0.8823529 0.8823529 0.8823529 0.8823529 0.8823529 0.8823529 0.8823529 0.8823529
4  0.7777778 0.7777778 0.7777778 0.7777778 0.7777778 0.8148148 0.8148148 0.8148148 0.8148148
5  0.8437500 0.8437500 0.8437500 0.8437500 0.8437500 0.8437500 0.8437500 0.8437500 0.8437500
6  0.8620690 0.8620690 0.8620690 0.8620690 0.8620690 0.8620690 0.8620690 0.8620690 0.8620690
7  0.9062500 0.9062500 0.9062500 0.9062500 0.9062500 0.9062500 0.9375000 0.9375000 0.9375000
8  0.9310345 0.9310345 0.9310345 0.9310345 0.9310345 0.9310345 0.9655172 0.9655172 0.9655172
9  0.7631579 0.8157895 0.7894737 0.8157895 0.8157895 0.8421053 0.8421053 0.8421053 0.9210526
10 0.7142857 0.6666667 0.6666667 0.6666667 0.6666667 0.6666667 0.6666667 0.6666667 0.6666667
          38        39        40        41        42        43        44        45        46
1  0.7647059 0.7647059 0.7647059 0.7647059 0.7647059 0.8235294 0.8235294 0.8235294 0.8235294
2  0.8666667 0.8666667 0.8666667 0.8666667 0.8666667 0.8666667 0.9000000 0.9333333 0.9333333
3  0.8823529 0.8823529 0.8823529 0.9117647 0.9117647 0.9411765 0.9411765 0.9411765 0.9411765
4  0.8148148 0.7777778 0.8148148 0.8148148 0.8148148 0.8518519 0.8518519 0.8888889 0.8888889
5  0.8437500 0.8437500 0.8437500 0.8437500 0.8437500 0.8437500 0.8437500 0.8437500 0.8437500
6  0.8620690 0.8620690 0.8620690 0.8620690 0.8620690 0.8620690 0.8620690 0.8620690 0.8620690
7  0.9062500 0.9375000 0.9375000 0.9375000 0.9375000 0.9375000 0.9687500 0.9687500 0.9687500
8  0.9655172 0.9655172 0.9655172 0.9655172 0.9655172 0.9655172 1.0000000 1.0000000 1.0000000
9  0.9210526 0.9210526 0.9210526 0.9736842 0.9736842 1.0000000 1.0000000 1.0000000 1.0000000
10 0.6666667 0.6666667 0.6666667 0.7142857 0.7142857 0.7142857 0.7142857 0.7142857 0.7142857
          47        48        49        50
1  0.8235294 0.8235294 0.8235294 0.8235294
2  0.9333333 0.9333333 0.9333333 0.9333333
3  0.9411765 0.9705882 0.9705882 0.9705882
4  0.8888889 0.8888889 0.8888889 0.8888889
5  0.8750000 0.8750000 0.8750000 0.8750000
6  0.8965517 0.8965517 0.9310345 0.9310345
7  0.9687500 0.9687500 0.9687500 0.9687500
8  1.0000000 1.0000000 1.0000000 1.0000000
9  1.0000000 1.0000000 1.0000000 1.0000000
10 0.7142857 0.7142857 0.7142857 0.7142857

$`NAIVE BAYES`$`Mean Recalls`
        1         2         3         4         5         6         7         8         9 
0.0000000 0.5830250 0.7056241 0.7422996 0.7210333 0.7239637 0.7374443 0.7776997 0.8060159 
       10        11        12        13        14        15        16        17        18 
0.8301222 0.8394420 0.8495314 0.8459818 0.8578820 0.8571195 0.8576303 0.8584470 0.8623206 
       19        20        21        22        23        24        25        26        27 
0.8654456 0.8683868 0.8710184 0.8680083 0.8648155 0.8674767 0.8582003 0.8582003 0.8484167 
       28        29        30        31        32        33        34        35        36 
0.8431536 0.8400286 0.8375886 0.8349571 0.8375886 0.8375886 0.8439239 0.8446148 0.8446148 
       37        38        39        40        41        42        43        44        45 
0.8525096 0.8493846 0.8488059 0.8525096 0.8654758 0.8654758 0.8806346 0.8905412 0.8975783 
       46        47        48        49        50 
0.8975783 0.9041516 0.9070927 0.9105410 0.9105410 

$`NAIVE BAYES`$`St Dev Recalls`
         1          2          3          4          5          6          7          8 
0.00000000 0.05038972 0.10841873 0.11109975 0.10904930 0.11326813 0.12084887 0.11159508 
         9         10         11         12         13         14         15         16 
0.11054156 0.09462785 0.08788184 0.09969629 0.09985766 0.08686998 0.09053223 0.08352418 
        17         18         19         20         21         22         23         24 
0.08702672 0.06809317 0.06624469 0.06912021 0.06850666 0.06735413 0.06408779 0.06784570 
        25         26         27         28         29         30         31         32 
0.06689009 0.06689009 0.06990519 0.07446710 0.07062451 0.07483141 0.07613457 0.07483141 
        33         34         35         36         37         38         39         40 
0.07483141 0.07186624 0.08459460 0.08459460 0.08795162 0.08510542 0.09045942 0.08795162 
        41         42         43         44         45         46         47         48 
0.08505690 0.08505690 0.08300858 0.08992960 0.08977649 0.08977649 0.08721539 0.08907874 
        49         50 
0.08929252 0.08929252 

$`NAIVE BAYES`$`Micro Ave Recalls`
        1         2         3         4         5         6         7         8         9 
      NaN 0.5882353 0.7128028 0.7474048 0.7266436 0.7301038 0.7439446 0.7820069 0.8062284 
       10        11        12        13        14        15        16        17        18 
0.8373702 0.8477509 0.8581315 0.8546713 0.8650519 0.8650519 0.8650519 0.8650519 0.8685121 
       19        20        21        22        23        24        25        26        27 
0.8719723 0.8754325 0.8788927 0.8754325 0.8719723 0.8754325 0.8650519 0.8650519 0.8546713 
       28        29        30        31        32        33        34        35        36 
0.8477509 0.8442907 0.8442907 0.8408304 0.8442907 0.8442907 0.8512111 0.8546713 0.8546713 
       37        38        39        40        41        42        43        44        45 
0.8650519 0.8615917 0.8615917 0.8650519 0.8788927 0.8788927 0.8927336 0.9031142 0.9100346 
       46        47        48        49        50 
0.9100346 0.9169550 0.9204152 0.9238754 0.9238754 

$`NAIVE BAYES`$`F1 Measure`
   1         2         3         4         5         6         7         8         9        10
1  0 0.3214286 0.3333333 0.3098592 0.3333333 0.3333333 0.3437500 0.3692308 0.4444444 0.4516129
2  0 0.5797101 0.6250000 0.6190476 0.6075949 0.6216216 0.6233766 0.6666667 0.6588235 0.6666667
3  0 0.5250000 0.5806452 0.5714286 0.5744681 0.5531915 0.5656566 0.6000000 0.6262626 0.6262626
4  0 0.5084746 0.5625000 0.5714286 0.5405405 0.5263158 0.5333333 0.5600000 0.5866667 0.6052632
5  0 0.5294118 0.5479452 0.4938272 0.5128205 0.5128205 0.5128205 0.4878049 0.5060241 0.5581395
6  0 0.5000000 0.5915493 0.5432099 0.4938272 0.5063291 0.5789474 0.5789474 0.5974026 0.5974026
7  0 0.5000000 0.6428571 0.6153846 0.6292135 0.6444444 0.6373626 0.6373626 0.6590909 0.6444444
8  0 0.6031746 0.6478873 0.6410256 0.6329114 0.6582278 0.6666667 0.6666667 0.6753247 0.6842105
9  0 0.5679012 0.5287356 0.4946237 0.5000000 0.5161290 0.4791667 0.4950495 0.5102041 0.6078431
10 0 0.5116279 0.4680851 0.4642857 0.4444444 0.4285714 0.3809524 0.4375000 0.4307692 0.4126984
          11        12        13        14        15        16        17        18        19
1  0.4242424 0.4000000 0.3783784 0.3636364 0.3636364 0.3544304 0.3414634 0.3218391 0.3294118
2  0.6585366 0.6428571 0.6363636 0.6153846 0.6086957 0.6222222 0.6021505 0.5957447 0.5773196
3  0.6262626 0.6391753 0.6382979 0.6526316 0.6736842 0.6736842 0.6736842 0.6391753 0.6391753
4  0.6052632 0.5945946 0.5945946 0.5897436 0.5714286 0.5714286 0.5517241 0.5287356 0.5287356
5  0.5747126 0.5747126 0.5783133 0.5813953 0.5952381 0.5747126 0.5747126 0.5977011 0.5934066
6  0.6329114 0.6829268 0.6506024 0.6436782 0.6436782 0.6046512 0.5909091 0.6046512 0.6190476
7  0.6373626 0.6590909 0.6444444 0.6516854 0.6373626 0.6373626 0.6304348 0.6236559 0.6236559
8  0.6666667 0.6835443 0.6835443 0.6419753 0.5977011 0.6046512 0.6206897 0.6136364 0.6000000
9  0.6274510 0.6274510 0.6470588 0.6400000 0.6336634 0.6336634 0.6019417 0.6153846 0.6213592
10 0.4062500 0.4262295 0.4482759 0.4516129 0.4666667 0.4516129 0.4516129 0.4687500 0.4918033
          20        21        22        23        24        25        26        27        28
1  0.3218391 0.3218391 0.3076923 0.3076923 0.3076923 0.3111111 0.3076923 0.3146067 0.3010753
2  0.5656566 0.5600000 0.5346535 0.5454545 0.5306122 0.5306122 0.5360825 0.5416667 0.5360825
3  0.6464646 0.6336634 0.6153846 0.6336634 0.6213592 0.6078431 0.6078431 0.6078431 0.6019417
4  0.5348837 0.5411765 0.5542169 0.5581395 0.5411765 0.5238095 0.5238095 0.5121951 0.5121951
5  0.5934066 0.5869565 0.5744681 0.5625000 0.5744681 0.5625000 0.5625000 0.5684211 0.5567010
6  0.6117647 0.6117647 0.6206897 0.5813953 0.5977011 0.6046512 0.5909091 0.5747126 0.5882353
7  0.6170213 0.6304348 0.6436782 0.6363636 0.6666667 0.6818182 0.6818182 0.6896552 0.6818182
8  0.5934066 0.6067416 0.6352941 0.6428571 0.6506024 0.6136364 0.6279070 0.6352941 0.6279070
9  0.6153846 0.6534653 0.6470588 0.6534653 0.6600000 0.6530612 0.6530612 0.6391753 0.5979381
10 0.5172414 0.5172414 0.4918033 0.5084746 0.5084746 0.5084746 0.5084746 0.5000000 0.5000000
          29        30        31        32        33        34        35        36        37
1  0.3111111 0.3146067 0.3218391 0.3218391 0.3255814 0.3181818 0.3023256 0.3095238 0.2988506
2  0.5473684 0.5531915 0.5591398 0.5591398 0.5591398 0.5591398 0.5531915 0.5473684 0.5473684
3  0.5961538 0.5769231 0.5825243 0.5825243 0.5940594 0.5769231 0.5714286 0.5555556 0.5504587
4  0.5060241 0.5060241 0.5185185 0.5250000 0.5060241 0.5301205 0.5116279 0.5116279 0.5116279
5  0.5684211 0.5684211 0.5684211 0.5567010 0.5744681 0.5567010 0.5625000 0.5567010 0.5567010
6  0.5882353 0.5952381 0.5813953 0.5813953 0.5813953 0.5882353 0.5681818 0.5747126 0.5617978
7  0.6516854 0.6516854 0.6516854 0.6444444 0.6236559 0.6304348 0.6382979 0.6315789 0.6315789
8  0.6585366 0.6506024 0.6506024 0.6585366 0.6206897 0.6067416 0.6086957 0.6086957 0.6021505
9  0.6170213 0.6138614 0.5769231 0.5794393 0.5794393 0.5925926 0.5663717 0.5614035 0.5833333
10 0.4918033 0.4666667 0.4666667 0.4745763 0.4912281 0.4912281 0.4666667 0.4516129 0.4516129
          38        39        40        41        42        43        44        45        46
1  0.3023256 0.2888889 0.2888889 0.2888889 0.2888889 0.3076923 0.2916667 0.2718447 0.2568807
2  0.5416667 0.5416667 0.5306122 0.5252525 0.4952381 0.4859813 0.4695652 0.4552846 0.4409449
3  0.5454545 0.5405405 0.5309735 0.5391304 0.5299145 0.5245902 0.5161290 0.4848485 0.4571429
4  0.5116279 0.4941176 0.5057471 0.4888889 0.4731183 0.4693878 0.4220183 0.4173913 0.3840000
5  0.5242718 0.5094340 0.5046729 0.5046729 0.5000000 0.4778761 0.4655172 0.4537815 0.4285714
6  0.5434783 0.5376344 0.5319149 0.5319149 0.5263158 0.5050505 0.5102041 0.4807692 0.4761905
7  0.6041667 0.6060606 0.5940594 0.5555556 0.5217391 0.5000000 0.4769231 0.4366197 0.4105960
8  0.6021505 0.5957447 0.5600000 0.5384615 0.5090909 0.4869565 0.4793388 0.4393939 0.4113475
9  0.5468750 0.5223881 0.4861111 0.4805195 0.4625000 0.4342857 0.4108108 0.4108108 0.4130435
10 0.4590164 0.4590164 0.4117647 0.4166667 0.3797468 0.3571429 0.3333333 0.3061224 0.2803738
          47        48        49        50
1  0.2456140 0.2393162 0.2204724 0.2137405
2  0.4274809 0.4274809 0.4274809 0.4274809
3  0.4413793 0.4342105 0.4313725 0.4313725
4  0.3636364 0.3582090 0.3529412 0.3529412
5  0.4274809 0.4057971 0.3971631 0.3862069
6  0.4601770 0.4444444 0.4462810 0.4251969
7  0.3924051 0.3850932 0.3780488 0.3803681
8  0.4084507 0.4027778 0.4055944 0.3866667
9  0.4153005 0.4108108 0.4108108 0.4108108
10 0.2803738 0.2777778 0.2777778 0.2752294

$`NAIVE BAYES`$`Mean F1 Measure`
        1         2         3         4         5         6         7         8         9 
0.0000000 0.5146729 0.5528538 0.5324121 0.5269154 0.5300985 0.5322033 0.5499228 0.5695013 
       10        11        12        13        14        15        16        17        18 
0.5854544 0.5859659 0.5930582 0.5899874 0.5831743 0.5791755 0.5728419 0.5639323 0.5609274 
       19        20        21        22        23        24        25        26        27 
0.5623915 0.5617069 0.5663283 0.5624939 0.5630006 0.5658753 0.5597518 0.5600097 0.5583570 
       28        29        30        31        32        33        34        35        36 
0.5503894 0.5536360 0.5497220 0.5477716 0.5483596 0.5455681 0.5450299 0.5349287 0.5308780 
       37        38        39        40        41        42        43        44        45 
0.5295480 0.5181033 0.5095492 0.4944745 0.4869952 0.4686552 0.4548963 0.4375507 0.4156867 
       46        47        48        49        50 
0.3959091 0.3862299 0.3785918 0.3747943 0.3690014 

$`NAIVE BAYES`$`St Dev F1 Measure`
         1          2          3          4          5          6          7          8 
0.00000000 0.07676891 0.09468107 0.09800000 0.09246594 0.09916268 0.10663381 0.10028509 
         9         10         11         12         13         14         15         16 
0.09063336 0.08884070 0.09364280 0.10102596 0.09896829 0.09801057 0.09433697 0.09712477 
        17         18         19         20         21         22         23         24 
0.09757952 0.09830448 0.09388547 0.09302880 0.09615780 0.10335169 0.10206851 0.10654631 
        25         26         27         28         29         30         31         32 
0.10405083 0.10517596 0.10420973 0.10329746 0.10154734 0.10107612 0.09637615 0.09550031 
        33         34         35         36         37         38         39         40 
0.08847682 0.08891988 0.09425378 0.09204377 0.09470585 0.08652368 0.08892719 0.08670385 
        41         42         43         44         45         46         47         48 
0.08034580 0.07709876 0.06975256 0.07427894 0.07130533 0.07215452 0.07053661 0.06847724 
        49         50 
0.07268587 0.07157773 

$`NAIVE BAYES`$`Micro Ave F1 Measure`
        1         2         3         4         5         6         7         8         9 
      NaN 0.5190840 0.5597826 0.5379826 0.5343511 0.5375796 0.5395232 0.5559656 0.5753086 
       10        11        12        13        14        15        16        17        18 
0.5938650 0.5946602 0.6019417 0.5987879 0.5910165 0.5875441 0.5807201 0.5707763 0.5659526 
       19        20        21        22        23        24        25        26        27 
0.5675676 0.5659955 0.5707865 0.5653631 0.5656566 0.5685393 0.5624297 0.5624297 0.5613636 
       28        29        30        31        32        33        34        35        36 
0.5518018 0.5558087 0.5532880 0.5516459 0.5520362 0.5501691 0.5491071 0.5404814 0.5369565 
       37        38        39        40        41        42        43        44        45 
0.5359057 0.5236593 0.5139319 0.4990020 0.4917715 0.4738806 0.4590747 0.4408784 0.4197925 
       46        47        48        49        50 
0.4000000 0.3908555 0.3835616 0.3789922 0.3734266 


$SVM
$SVM$`Accuracy per Fold`
   1         2         3         4         5         6         7         8         9        10
1  0 0.9728959 0.9714693 0.9786020 0.9800285 0.9843081 0.9843081 0.9900143 0.9900143 0.9928673
2  0 0.9703390 0.9717514 0.9745763 0.9731638 0.9717514 0.9717514 0.9689266 0.9759887 0.9774011
3  0 0.9603960 0.9731259 0.9702970 0.9702970 0.9688826 0.9702970 0.9717115 0.9717115 0.9702970
4  0 0.9675141 0.9689266 0.9675141 0.9661017 0.9703390 0.9731638 0.9731638 0.9788136 0.9816384
5  0 0.9675141 0.9646893 0.9689266 0.9689266 0.9717514 0.9717514 0.9717514 0.9731638 0.9802260
6  0 0.9717115 0.9688826 0.9717115 0.9731259 0.9759547 0.9787836 0.9773692 0.9759547 0.9801980
7  0 0.9618644 0.9661017 0.9745763 0.9759887 0.9788136 0.9802260 0.9816384 0.9774011 0.9788136
8  0 0.9731259 0.9731259 0.9674682 0.9688826 0.9674682 0.9688826 0.9745403 0.9759547 0.9787836
9  0 0.9562147 0.9548023 0.9590395 0.9590395 0.9576271 0.9604520 0.9618644 0.9618644 0.9675141
10 0 0.9771755 0.9786020 0.9771755 0.9771755 0.9757489 0.9800285 0.9786020 0.9786020 0.9771755
          11        12        13        14        15        16        17        18        19
1  0.9914408 0.9857347 0.9843081 0.9814551 0.9843081 0.9843081 0.9857347 0.9871612 0.9871612
2  0.9774011 0.9788136 0.9802260 0.9802260 0.9816384 0.9816384 0.9802260 0.9802260 0.9788136
3  0.9702970 0.9717115 0.9717115 0.9759547 0.9745403 0.9745403 0.9759547 0.9759547 0.9745403
4  0.9788136 0.9788136 0.9759887 0.9759887 0.9774011 0.9759887 0.9802260 0.9816384 0.9830508
5  0.9830508 0.9830508 0.9788136 0.9788136 0.9788136 0.9759887 0.9759887 0.9774011 0.9759887
6  0.9801980 0.9844413 0.9801980 0.9759547 0.9759547 0.9759547 0.9745403 0.9731259 0.9731259
7  0.9802260 0.9802260 0.9802260 0.9816384 0.9816384 0.9816384 0.9802260 0.9816384 0.9816384
8  0.9787836 0.9787836 0.9830269 0.9830269 0.9830269 0.9872702 0.9858557 0.9858557 0.9858557
9  0.9703390 0.9675141 0.9717514 0.9703390 0.9703390 0.9717514 0.9717514 0.9731638 0.9731638
10 0.9771755 0.9786020 0.9786020 0.9771755 0.9771755 0.9757489 0.9743224 0.9771755 0.9771755
          20        21        22        23        24        25        26        27        28
1  0.9871612 0.9871612 0.9857347 0.9857347 0.9857347 0.9814551 0.9786020 0.9786020 0.9828816
2  0.9802260 0.9802260 0.9802260 0.9802260 0.9816384 0.9802260 0.9788136 0.9788136 0.9816384
3  0.9759547 0.9745403 0.9759547 0.9773692 0.9773692 0.9759547 0.9787836 0.9787836 0.9787836
4  0.9830508 0.9816384 0.9816384 0.9830508 0.9830508 0.9830508 0.9830508 0.9844633 0.9844633
5  0.9759887 0.9774011 0.9774011 0.9774011 0.9774011 0.9788136 0.9802260 0.9788136 0.9788136
6  0.9731259 0.9745403 0.9731259 0.9731259 0.9745403 0.9773692 0.9759547 0.9759547 0.9759547
7  0.9802260 0.9802260 0.9802260 0.9802260 0.9788136 0.9802260 0.9788136 0.9802260 0.9802260
8  0.9858557 0.9844413 0.9844413 0.9844413 0.9844413 0.9858557 0.9872702 0.9886846 0.9872702
9  0.9759887 0.9759887 0.9774011 0.9788136 0.9731638 0.9731638 0.9745763 0.9759887 0.9745763
10 0.9757489 0.9757489 0.9757489 0.9757489 0.9757489 0.9771755 0.9771755 0.9786020 0.9786020
          29        30        31        32        33        34        35        36        37
1  0.9828816 0.9843081 0.9828816 0.9814551 0.9814551 0.9800285 0.9800285 0.9800285 0.9828816
2  0.9816384 0.9830508 0.9816384 0.9816384 0.9816384 0.9816384 0.9830508 0.9774011 0.9774011
3  0.9787836 0.9773692 0.9773692 0.9773692 0.9773692 0.9773692 0.9773692 0.9773692 0.9759547
4  0.9844633 0.9816384 0.9844633 0.9858757 0.9816384 0.9816384 0.9802260 0.9816384 0.9802260
5  0.9788136 0.9788136 0.9788136 0.9774011 0.9788136 0.9802260 0.9759887 0.9759887 0.9745763
6  0.9773692 0.9773692 0.9773692 0.9773692 0.9759547 0.9787836 0.9759547 0.9773692 0.9745403
7  0.9788136 0.9802260 0.9788136 0.9774011 0.9774011 0.9788136 0.9759887 0.9759887 0.9759887
8  0.9872702 0.9872702 0.9872702 0.9872702 0.9858557 0.9858557 0.9858557 0.9830269 0.9816124
9  0.9731638 0.9745763 0.9759887 0.9759887 0.9745763 0.9745763 0.9731638 0.9731638 0.9731638
10 0.9786020 0.9786020 0.9786020 0.9771755 0.9757489 0.9757489 0.9757489 0.9771755 0.9771755
          38        39        40        41        42        43        44        45        46
1  0.9843081 0.9843081 0.9857347 0.9871612 0.9871612 0.9871612 0.9871612 0.9871612 0.9871612
2  0.9759887 0.9759887 0.9759887 0.9745763 0.9731638 0.9731638 0.9731638 0.9745763 0.9745763
3  0.9745403 0.9688826 0.9688826 0.9688826 0.9688826 0.9688826 0.9702970 0.9660537 0.9660537
4  0.9802260 0.9774011 0.9774011 0.9774011 0.9774011 0.9759887 0.9759887 0.9745763 0.9745763
5  0.9759887 0.9759887 0.9759887 0.9745763 0.9745763 0.9745763 0.9745763 0.9745763 0.9745763
6  0.9731259 0.9731259 0.9731259 0.9717115 0.9717115 0.9717115 0.9717115 0.9717115 0.9717115
7  0.9759887 0.9759887 0.9759887 0.9759887 0.9759887 0.9759887 0.9759887 0.9759887 0.9759887
8  0.9816124 0.9801980 0.9801980 0.9801980 0.9801980 0.9801980 0.9801980 0.9801980 0.9801980
9  0.9745763 0.9703390 0.9689266 0.9689266 0.9689266 0.9689266 0.9689266 0.9675141 0.9661017
10 0.9800285 0.9800285 0.9786020 0.9771755 0.9757489 0.9757489 0.9757489 0.9757489 0.9757489
          47        48        49        50
1  0.9871612 0.9871612 0.9871612 0.9871612
2  0.9745763 0.9745763 0.9717514 0.9717514
3  0.9660537 0.9660537 0.9660537 0.9646393
4  0.9745763 0.9745763 0.9745763 0.9745763
5  0.9717514 0.9703390 0.9703390 0.9703390
6  0.9717115 0.9717115 0.9717115 0.9717115
7  0.9759887 0.9759887 0.9759887 0.9759887
8  0.9787836 0.9787836 0.9787836 0.9787836
9  0.9661017 0.9661017 0.9661017 0.9661017
10 0.9757489 0.9757489 0.9743224 0.9743224

$SVM$`Mean Accuracy`
        1         2         3         4         5         6         7         8         9 
0.0000000 0.9678751 0.9691477 0.9709887 0.9712730 0.9722645 0.9739645 0.9749582 0.9759469 
       10        11        12        13        14        15        16        17        18 
0.9784915 0.9787725 0.9787691 0.9784852 0.9780573 0.9784836 0.9784828 0.9784826 0.9793341 
       19        20        21        22        23        24        25        26        27 
0.9790514 0.9793327 0.9791912 0.9791898 0.9796137 0.9791902 0.9793290 0.9793266 0.9798932 
       28        29        30        31        32        33        34        35        36 
0.9803210 0.9801799 0.9803224 0.9803210 0.9798944 0.9790451 0.9794679 0.9783375 0.9779150 
       37        38        39        40        41        42        43        44        45 
0.9773520 0.9776384 0.9762249 0.9760837 0.9756598 0.9753759 0.9752346 0.9753761 0.9748105 
       46        47        48        49        50 
0.9746693 0.9742453 0.9741041 0.9736789 0.9735375 

$SVM$`St Dev Accuracy`
          1           2           3           4           5           6           7           8 
0.000000000 0.006568904 0.006396801 0.005720158 0.006049029 0.007200520 0.006980082 0.007619039 
          9          10          11          12          13          14          15          16 
0.006986302 0.006776186 0.006058287 0.005554435 0.004230960 0.003768461 0.004291381 0.004924191 
         17          18          19          20          21          22          23          24 
0.004793991 0.004849290 0.005140653 0.004765607 0.004317741 0.004000439 0.003957237 0.004317176 
         25          26          27          28          29          30          31          32 
0.003662404 0.003616133 0.003886419 0.003850074 0.003990879 0.003786534 0.003612273 0.003992891 
         33          34          35          36          37          38          39          40 
0.003521264 0.003234803 0.003891326 0.002903326 0.003231496 0.003654355 0.004658327 0.005055278 
         41          42          43          44          45          46          47          48 
0.005452010 0.005471949 0.005431947 0.005263987 0.005995557 0.006199705 0.006137278 0.006216788 
         49          50 
0.006224351 0.006429567 

$SVM$`Precisions per Fold`
   1         2         3         4         5         6         7         8         9        10
1  0 0.4375000 0.4000000 0.5714286 0.6000000 0.7142857 0.7142857 0.8571429 0.8571429 0.9285714
2  0 0.8461538 0.7777778 0.7727273 0.7391304 0.7272727 0.7500000 0.6666667 0.7241379 0.7500000
3  0 0.6875000 0.8260870 0.7600000 0.7600000 0.7727273 0.7407407 0.7333333 0.7333333 0.7096774
4  0 0.6666667 0.6315789 0.6000000 0.5882353 0.6875000 0.7857143 0.7222222 0.7727273 0.8181818
5  0 0.8000000 0.7333333 0.7500000 0.7777778 0.8333333 0.8000000 0.8000000 0.8421053 0.9090909
6  0 1.0000000 0.8888889 0.9090909 0.9166667 0.9285714 0.9375000 0.9333333 0.8750000 0.8571429
7  0 0.6470588 0.6666667 0.7692308 0.8260870 0.8148148 0.8214286 0.8518519 0.8076923 0.8148148
8  0 0.8571429 0.8125000 0.6875000 0.7333333 0.6875000 0.7058824 0.7200000 0.7500000 0.7692308
9  0 0.7058824 0.6363636 0.7647059 0.7368421 0.7000000 0.7500000 0.7391304 0.7391304 0.7419355
10 0 0.7272727 0.8000000 0.6923077 0.6923077 0.6428571 0.7692308 0.6875000 0.6666667 0.6315789
          11        12        13        14        15        16        17        18        19
1  0.8666667 0.6842105 0.6500000 0.5909091 0.6500000 0.6500000 0.6842105 0.7222222 0.7222222
2  0.7500000 0.7419355 0.7500000 0.7500000 0.7741935 0.7741935 0.7666667 0.7500000 0.7586207
3  0.7096774 0.7187500 0.7333333 0.7741935 0.7500000 0.7500000 0.7741935 0.7931034 0.7857143
4  0.8000000 0.8000000 0.8125000 0.7777778 0.7894737 0.7777778 0.8421053 0.8888889 0.9411765
5  0.9545455 0.9545455 0.8400000 0.8400000 0.8400000 0.7777778 0.7777778 0.7857143 0.7586207
6  0.8571429 0.8750000 0.8260870 0.7307692 0.7307692 0.7307692 0.7200000 0.7083333 0.7083333
7  0.8461538 0.8461538 0.8214286 0.8275862 0.8275862 0.8275862 0.8214286 0.8275862 0.8275862
8  0.7692308 0.7692308 0.8148148 0.7931034 0.7931034 0.8571429 0.8518519 0.8518519 0.8518519
9  0.7931034 0.7419355 0.7647059 0.7428571 0.7428571 0.7500000 0.7500000 0.7435897 0.7567568
10 0.6315789 0.6666667 0.6666667 0.6315789 0.6315789 0.6000000 0.5789474 0.6315789 0.6315789
          20        21        22        23        24        25        26        27        28
1  0.7222222 0.7222222 0.6842105 0.6842105 0.6842105 0.5909091 0.5416667 0.5416667 0.6190476
2  0.7666667 0.7666667 0.7666667 0.7666667 0.7931034 0.7666667 0.7586207 0.7586207 0.8148148
3  0.7931034 0.7666667 0.7931034 0.7812500 0.7812500 0.7741935 0.8064516 0.8064516 0.8064516
4  0.9411765 0.8888889 0.8888889 0.8571429 0.8571429 0.8571429 0.8571429 0.9000000 0.9000000
5  0.7777778 0.8076923 0.8076923 0.8076923 0.8076923 0.8695652 0.9090909 0.9047619 0.9047619
6  0.7083333 0.7391304 0.6923077 0.6923077 0.7200000 0.7407407 0.7500000 0.7307692 0.7307692
7  0.8000000 0.8000000 0.8000000 0.8000000 0.7931034 0.8000000 0.7741935 0.8000000 0.8000000
8  0.8518519 0.8214286 0.8214286 0.8214286 0.8000000 0.8275862 0.8846154 0.8888889 0.8846154
9  0.7837838 0.7837838 0.8055556 0.8285714 0.7878788 0.7878788 0.8125000 0.8387097 0.8125000
10 0.6000000 0.5909091 0.5909091 0.5909091 0.5909091 0.6190476 0.6190476 0.6500000 0.6500000
          29        30        31        32        33        34        35        36        37
1  0.6190476 0.6500000 0.6190476 0.5909091 0.5909091 0.5714286 0.5714286 0.5714286 0.6315789
2  0.8148148 0.8214286 0.8148148 0.8148148 0.8148148 0.8148148 0.8461538 0.8888889 0.8888889
3  0.8064516 0.8000000 0.8000000 0.8000000 0.8000000 0.8000000 0.8461538 0.8461538 0.8400000
4  0.9000000 0.9375000 0.9000000 0.9473684 0.9375000 0.9375000 0.9333333 0.9375000 0.9333333
5  0.8695652 0.8695652 0.8695652 0.8333333 0.8695652 0.9090909 0.8947368 0.8947368 0.8888889
6  0.7407407 0.7407407 0.7407407 0.7407407 0.7142857 0.7916667 0.8333333 0.8421053 0.8235294
7  0.7931034 0.8214286 0.8148148 0.8333333 0.9000000 0.9047619 0.8947368 0.8947368 0.8947368
8  0.8846154 0.8846154 0.8846154 0.8846154 0.8800000 0.8800000 0.8800000 0.8695652 0.9000000
9  0.8064516 0.8333333 0.8620690 0.8620690 0.8571429 0.8571429 0.8518519 0.8518519 0.8800000
10 0.6666667 0.6666667 0.6666667 0.6470588 0.6111111 0.6111111 0.6111111 0.6470588 0.6470588
          38        39        40        41        42        43        44        45        46
1  0.6666667 0.6666667 0.7333333 0.7857143 0.8333333 0.8333333 0.8333333 0.8333333 0.8333333
2  0.8421053 0.8421053 0.8421053 0.8333333 0.8235294 0.8235294 0.8235294 0.8750000 0.8750000
3  0.8333333 0.8000000 0.8000000 0.8000000 0.8000000 0.8000000 0.8421053 0.8125000 0.8125000
4  0.9333333 0.9230769 0.9230769 0.9230769 0.9230769 0.9166667 0.9166667 0.9090909 0.9090909
5  0.8947368 0.9411765 0.9411765 0.9375000 0.9375000 0.9375000 0.9375000 0.9375000 0.9375000
6  0.8125000 0.8125000 0.8571429 0.8461538 0.8461538 0.8461538 0.8461538 0.8461538 0.8461538
7  0.8947368 0.8947368 0.8947368 0.8947368 0.8947368 0.8947368 0.8947368 0.8947368 0.8947368
8  0.9000000 0.8947368 0.8947368 0.8947368 0.8947368 0.8947368 0.8947368 0.8947368 0.8947368
9  0.9166667 0.9047619 0.9000000 0.9000000 0.9000000 0.9000000 0.9000000 0.8947368 0.8888889
10 0.7692308 0.8181818 0.8000000 0.7777778 0.7500000 0.7500000 0.7500000 0.7500000 0.7500000
          47        48        49        50
1  0.8333333 0.8333333 0.8333333 0.8333333
2  0.8750000 0.8750000 0.8571429 0.8571429
3  0.8125000 0.8125000 0.8125000 0.8000000
4  0.9090909 0.9090909 0.9090909 0.9090909
5  0.9285714 0.9230769 0.9230769 0.9230769
6  0.8461538 0.8461538 0.8461538 0.8461538
7  0.8947368 0.8947368 0.8947368 0.8947368
8  0.8888889 0.8888889 0.8888889 0.8888889
9  0.8888889 0.8888889 0.8888889 0.8888889
10 0.7500000 0.7500000 0.7142857 0.7142857

$SVM$`Mean Precisions`
        1         2         3         4         5         6         7         8         9 
0.0000000 0.7375177 0.7173196 0.7276991 0.7370380 0.7508862 0.7774782 0.7711181 0.7767936 
       10        11        12        13        14        15        16        17        18 
0.7930224 0.7978099 0.7798428 0.7679536 0.7458775 0.7529562 0.7495247 0.7567182 0.7702869 
       19        20        21        22        23        24        25        26        27 
0.7742461 0.7744916 0.7687389 0.7650763 0.7630179 0.7615290 0.7633731 0.7713329 0.7819869 
       28        29        30        31        32        33        34        35        36 
0.7922961 0.7901457 0.8025278 0.7972334 0.7954243 0.7975329 0.8077517 0.8162840 0.8244026 
       37        38        39        40        41        42        43        44        45 
0.8328015 0.8463310 0.8497943 0.8586309 0.8593030 0.8603067 0.8596657 0.8638762 0.8647789 
       46        47        48        49        50 
0.8641941 0.8627164 0.8621670 0.8568098 0.8555598 

$SVM$`St Dev Precisions`
         1          2          3          4          5          6          7          8 
0.00000000 0.15119296 0.14072673 0.09612587 0.09736744 0.08636226 0.06680045 0.08590887 
         9         10         11         12         13         14         15         16 
0.06688559 0.09134914 0.09048904 0.09009416 0.06775252 0.07952555 0.06870066 0.07637285 
        17         18         19         20         21         22         23         24 
0.08139741 0.07547901 0.08502559 0.08974051 0.07789287 0.08572327 0.08240129 0.07648105 
        25         26         27         28         29         30         31         32 
0.09270548 0.11482540 0.11686311 0.09888002 0.09153718 0.09229202 0.09442649 0.10831219 
        33         34         35         36         37         38         39         40 
0.12033031 0.12430222 0.12268308 0.11826036 0.10651354 0.08140310 0.08113547 0.06509454 
        41         42         43         44         45         46         47         48 
0.05847609 0.05956344 0.05884298 0.05551132 0.05506745 0.05474406 0.05312253 0.05238906 
        49         50 
0.06106692 0.06219226 

$SVM$`Micro Ave Precisions`
        1         2         3         4         5         6         7         8         9 
      NaN 0.7214286 0.7076023 0.7282609 0.7388889 0.7540984 0.7777778 0.7641509 0.7692308 
       10        11        12        13        14        15        16        17        18 
0.7842324 0.7932489 0.7791165 0.7707510 0.7518797 0.7584906 0.7565543 0.7624521 0.7718631 
       19        20        21        22        23        24        25        26        27 
0.7743191 0.7760618 0.7709924 0.7689394 0.7695167 0.7669173 0.7677903 0.7739464 0.7837838 
       28        29        30        31        32        33        34        35        36 
0.7952756 0.7944664 0.8048780 0.8024194 0.8000000 0.7974684 0.8103448 0.8177570 0.8243902 
       37        38        39        40        41        42        43        44        45 
0.8341969 0.8502674 0.8497110 0.8614458 0.8633540 0.8662420 0.8653846 0.8709677 0.8724832 
       46        47        48        49        50 
0.8716216 0.8689655 0.8680556 0.8652482 0.8642857 

$SVM$`Recalls per Fold`
   1         2         3         4         5         6         7         8         9        10
1  0 0.4117647 0.3529412 0.4705882 0.5294118 0.5882353 0.5882353 0.7058824 0.7058824 0.7647059
2  0 0.3666667 0.4666667 0.5666667 0.5666667 0.5333333 0.5000000 0.5333333 0.7000000 0.7000000
3  0 0.3235294 0.5588235 0.5588235 0.5588235 0.5000000 0.5882353 0.6470588 0.6470588 0.6470588
4  0 0.2962963 0.4444444 0.4444444 0.3703704 0.4074074 0.4074074 0.4814815 0.6296296 0.6666667
5  0 0.3750000 0.3437500 0.4687500 0.4375000 0.4687500 0.5000000 0.5000000 0.5000000 0.6250000
6  0 0.3103448 0.2758621 0.3448276 0.3793103 0.4482759 0.5172414 0.4827586 0.4827586 0.6206897
7  0 0.3437500 0.5000000 0.6250000 0.5937500 0.6875000 0.7187500 0.7187500 0.6562500 0.6875000
8  0 0.4137931 0.4482759 0.3793103 0.3793103 0.3793103 0.4137931 0.6206897 0.6206897 0.6896552
9  0 0.3157895 0.3684211 0.3421053 0.3684211 0.3684211 0.3947368 0.4473684 0.4473684 0.6052632
10 0 0.3809524 0.3809524 0.4285714 0.4285714 0.4285714 0.4761905 0.5238095 0.5714286 0.5714286
          11        12        13        14        15        16        17        18        19
1  0.7647059 0.7647059 0.7647059 0.7647059 0.7647059 0.7647059 0.7647059 0.7647059 0.7647059
2  0.7000000 0.7666667 0.8000000 0.8000000 0.8000000 0.8000000 0.7666667 0.8000000 0.7333333
3  0.6470588 0.6764706 0.6470588 0.7058824 0.7058824 0.7058824 0.7058824 0.6764706 0.6470588
4  0.5925926 0.5925926 0.4814815 0.5185185 0.5555556 0.5185185 0.5925926 0.5925926 0.5925926
5  0.6562500 0.6562500 0.6562500 0.6562500 0.6562500 0.6562500 0.6562500 0.6875000 0.6875000
6  0.6206897 0.7241379 0.6551724 0.6551724 0.6551724 0.6551724 0.6206897 0.5862069 0.5862069
7  0.6875000 0.6875000 0.7187500 0.7500000 0.7500000 0.7500000 0.7187500 0.7500000 0.7500000
8  0.6896552 0.6896552 0.7586207 0.7931034 0.7931034 0.8275862 0.7931034 0.7931034 0.7931034
9  0.6052632 0.6052632 0.6842105 0.6842105 0.6842105 0.7105263 0.7105263 0.7631579 0.7368421
10 0.5714286 0.5714286 0.5714286 0.5714286 0.5714286 0.5714286 0.5238095 0.5714286 0.5714286
          20        21        22        23        24        25        26        27        28
1  0.7647059 0.7647059 0.7647059 0.7647059 0.7647059 0.7647059 0.7647059 0.7647059 0.7647059
2  0.7666667 0.7666667 0.7666667 0.7666667 0.7666667 0.7666667 0.7333333 0.7333333 0.7333333
3  0.6764706 0.6764706 0.6764706 0.7352941 0.7352941 0.7058824 0.7352941 0.7352941 0.7352941
4  0.5925926 0.5925926 0.5925926 0.6666667 0.6666667 0.6666667 0.6666667 0.6666667 0.6666667
5  0.6562500 0.6562500 0.6562500 0.6562500 0.6562500 0.6250000 0.6250000 0.5937500 0.5937500
6  0.5862069 0.5862069 0.6206897 0.6206897 0.6206897 0.6896552 0.6206897 0.6551724 0.6551724
7  0.7500000 0.7500000 0.7500000 0.7500000 0.7187500 0.7500000 0.7500000 0.7500000 0.7500000
8  0.7931034 0.7931034 0.7931034 0.7931034 0.8275862 0.8275862 0.7931034 0.8275862 0.7931034
9  0.7631579 0.7631579 0.7631579 0.7631579 0.6842105 0.6842105 0.6842105 0.6842105 0.6842105
10 0.5714286 0.6190476 0.6190476 0.6190476 0.6190476 0.6190476 0.6190476 0.6190476 0.6190476
          29        30        31        32        33        34        35        36        37
1  0.7647059 0.7647059 0.7647059 0.7647059 0.7647059 0.7058824 0.7058824 0.7058824 0.7058824
2  0.7333333 0.7666667 0.7333333 0.7333333 0.7333333 0.7333333 0.7333333 0.5333333 0.5333333
3  0.7352941 0.7058824 0.7058824 0.7058824 0.7058824 0.7058824 0.6470588 0.6470588 0.6176471
4  0.6666667 0.5555556 0.6666667 0.6666667 0.5555556 0.5555556 0.5185185 0.5555556 0.5185185
5  0.6250000 0.6250000 0.6250000 0.6250000 0.6250000 0.6250000 0.5312500 0.5312500 0.5000000
6  0.6896552 0.6896552 0.6896552 0.6896552 0.6896552 0.6551724 0.5172414 0.5517241 0.4827586
7  0.7187500 0.7187500 0.6875000 0.6250000 0.5625000 0.5937500 0.5312500 0.5312500 0.5312500
8  0.7931034 0.7931034 0.7931034 0.7931034 0.7586207 0.7586207 0.7586207 0.6896552 0.6206897
9  0.6578947 0.6578947 0.6578947 0.6578947 0.6315789 0.6315789 0.6052632 0.6052632 0.5789474
10 0.5714286 0.5714286 0.5714286 0.5238095 0.5238095 0.5238095 0.5238095 0.5238095 0.5238095
          38        39        40        41        42        43        44        45        46
1  0.7058824 0.7058824 0.6470588 0.6470588 0.5882353 0.5882353 0.5882353 0.5882353 0.5882353
2  0.5333333 0.5333333 0.5333333 0.5000000 0.4666667 0.4666667 0.4666667 0.4666667 0.4666667
3  0.5882353 0.4705882 0.4705882 0.4705882 0.4705882 0.4705882 0.4705882 0.3823529 0.3823529
4  0.5185185 0.4444444 0.4444444 0.4444444 0.4444444 0.4074074 0.4074074 0.3703704 0.3703704
5  0.5312500 0.5000000 0.5000000 0.4687500 0.4687500 0.4687500 0.4687500 0.4687500 0.4687500
6  0.4482759 0.4482759 0.4137931 0.3793103 0.3793103 0.3793103 0.3793103 0.3793103 0.3793103
7  0.5312500 0.5312500 0.5312500 0.5312500 0.5312500 0.5312500 0.5312500 0.5312500 0.5312500
8  0.6206897 0.5862069 0.5862069 0.5862069 0.5862069 0.5862069 0.5862069 0.5862069 0.5862069
9  0.5789474 0.5000000 0.4736842 0.4736842 0.4736842 0.4736842 0.4736842 0.4473684 0.4210526
10 0.4761905 0.4285714 0.3809524 0.3333333 0.2857143 0.2857143 0.2857143 0.2857143 0.2857143
          47        48        49        50
1  0.5882353 0.5882353 0.5882353 0.5882353
2  0.4666667 0.4666667 0.4000000 0.4000000
3  0.3823529 0.3823529 0.3823529 0.3529412
4  0.3703704 0.3703704 0.3703704 0.3703704
5  0.4062500 0.3750000 0.3750000 0.3750000
6  0.3793103 0.3793103 0.3793103 0.3793103
7  0.5312500 0.5312500 0.5312500 0.5312500
8  0.5517241 0.5517241 0.5517241 0.5517241
9  0.4210526 0.4210526 0.4210526 0.4210526
10 0.2857143 0.2857143 0.2380952 0.2380952

$SVM$`Mean Recalls`
        1         2         3         4         5         6         7         8         9 
0.0000000 0.3537887 0.4140137 0.4629087 0.4612136 0.4809805 0.5104590 0.5661132 0.5961066 
       10        11        12        13        14        15        16        17        18 
0.6577968 0.6535144 0.6734671 0.6737678 0.6899272 0.6936309 0.6960070 0.6852976 0.6985166 
       19        20        21        22        23        24        25        26        27 
0.6862772 0.6920583 0.6968202 0.7002684 0.7135582 0.7059867 0.7099421 0.6992051 0.7029767 
       28        29        30        31        32        33        34        35        36 
0.6995284 0.6955832 0.6848642 0.6895170 0.6785051 0.6550641 0.6488585 0.6072228 0.5874782 
       37        38        39        40        41        42        43        44        45 
0.5612836 0.5532573 0.5148553 0.4981311 0.4834626 0.4694850 0.4657813 0.4657813 0.4506225 
       46        47        48        49        50 
0.4479909 0.4382927 0.4351677 0.4237391 0.4207979 

$SVM$`St Dev Recalls`
         1          2          3          4          5          6          7          8 
0.00000000 0.04212212 0.08443291 0.09625045 0.09114824 0.09980080 0.10015438 0.09877590 
         9         10         11         12         13         14         15         16 
0.09165292 0.05575113 0.05858516 0.06826986 0.09565571 0.09310335 0.08599208 0.09794600 
        17         18         19         20         21         22         23         24 
0.08590599 0.08884927 0.08159197 0.08604991 0.07971725 0.07500756 0.06588246 0.06852920 
        25         26         27         28         29         30         31         32 
0.06675112 0.06457933 0.07183743 0.06576215 0.06709443 0.08184978 0.06515343 0.07793486 
        33         34         35         36         37         38         39         40 
0.08806792 0.07744136 0.09696291 0.06986640 0.06893231 0.07398030 0.08261622 0.07983221 
        41         42         43         44         45         46         47         48 
0.09144760 0.09073653 0.09260878 0.09260878 0.09876971 0.09921561 0.09464634 0.09632291 
        49         50 
0.10485048 0.10653932 

$SVM$`Micro Ave Recalls`
        1         2         3         4         5         6         7         8         9 
      NaN 0.3494810 0.4186851 0.4636678 0.4602076 0.4775087 0.5086505 0.5605536 0.5882353 
       10        11        12        13        14        15        16        17        18 
0.6539792 0.6505190 0.6712803 0.6747405 0.6920415 0.6955017 0.6989619 0.6885813 0.7024221 
       19        20        21        22        23        24        25        26        27 
0.6885813 0.6955017 0.6989619 0.7024221 0.7162630 0.7058824 0.7093426 0.6989619 0.7024221 
       28        29        30        31        32        33        34        35        36 
0.6989619 0.6955017 0.6851211 0.6885813 0.6782007 0.6539792 0.6505190 0.6055363 0.5847751 
       37        38        39        40        41        42        43        44        45 
0.5570934 0.5501730 0.5086505 0.4948097 0.4809689 0.4705882 0.4671280 0.4671280 0.4498270 
       46        47        48        49        50 
0.4463668 0.4359862 0.4325260 0.4221453 0.4186851 

$SVM$`F1 Measure`
   1         2         3         4         5         6         7         8         9        10
1  0 0.4242424 0.3750000 0.5161290 0.5625000 0.6451613 0.6451613 0.7741935 0.7741935 0.8387097
2  0 0.5116279 0.5833333 0.6538462 0.6415094 0.6153846 0.6000000 0.5925926 0.7118644 0.7241379
3  0 0.4400000 0.6666667 0.6440678 0.6440678 0.6071429 0.6557377 0.6875000 0.6875000 0.6769231
4  0 0.4102564 0.5217391 0.5106383 0.4545455 0.5116279 0.5365854 0.5777778 0.6938776 0.7346939
5  0 0.5106383 0.4680851 0.5769231 0.5600000 0.6000000 0.6153846 0.6153846 0.6274510 0.7407407
6  0 0.4736842 0.4210526 0.5000000 0.5365854 0.6046512 0.6666667 0.6363636 0.6222222 0.7200000
7  0 0.4489796 0.5714286 0.6896552 0.6909091 0.7457627 0.7666667 0.7796610 0.7241379 0.7457627
8  0 0.5581395 0.5777778 0.4888889 0.5000000 0.4888889 0.5217391 0.6666667 0.6792453 0.7272727
9  0 0.4363636 0.4666667 0.4727273 0.4912281 0.4827586 0.5172414 0.5573770 0.5573770 0.6666667
10 0 0.5000000 0.5161290 0.5294118 0.5294118 0.5142857 0.5882353 0.5945946 0.6153846 0.6000000
          11        12        13        14        15        16        17        18        19
1  0.8125000 0.7222222 0.7027027 0.6666667 0.7027027 0.7027027 0.7222222 0.7428571 0.7428571
2  0.7241379 0.7540984 0.7741935 0.7741935 0.7868852 0.7868852 0.7666667 0.7741935 0.7457627
3  0.6769231 0.6969697 0.6875000 0.7384615 0.7272727 0.7272727 0.7384615 0.7301587 0.7096774
4  0.6808511 0.6808511 0.6046512 0.6222222 0.6521739 0.6222222 0.6956522 0.7111111 0.7272727
5  0.7777778 0.7777778 0.7368421 0.7368421 0.7368421 0.7118644 0.7118644 0.7333333 0.7213115
6  0.7200000 0.7924528 0.7307692 0.6909091 0.6909091 0.6909091 0.6666667 0.6415094 0.6415094
7  0.7586207 0.7586207 0.7666667 0.7868852 0.7868852 0.7868852 0.7666667 0.7868852 0.7868852
8  0.7272727 0.7272727 0.7857143 0.7931034 0.7931034 0.8421053 0.8214286 0.8214286 0.8214286
9  0.6865672 0.6666667 0.7222222 0.7123288 0.7123288 0.7297297 0.7297297 0.7532468 0.7466667
10 0.6000000 0.6153846 0.6153846 0.6000000 0.6000000 0.5853659 0.5500000 0.6000000 0.6000000
          20        21        22        23        24        25        26        27        28
1  0.7428571 0.7428571 0.7222222 0.7222222 0.7222222 0.6666667 0.6341463 0.6341463 0.6842105
2  0.7666667 0.7666667 0.7666667 0.7666667 0.7796610 0.7666667 0.7457627 0.7457627 0.7719298
3  0.7301587 0.7187500 0.7301587 0.7575758 0.7575758 0.7384615 0.7692308 0.7692308 0.7692308
4  0.7272727 0.7111111 0.7111111 0.7500000 0.7500000 0.7500000 0.7500000 0.7659574 0.7659574
5  0.7118644 0.7241379 0.7241379 0.7241379 0.7241379 0.7272727 0.7407407 0.7169811 0.7169811
6  0.6415094 0.6538462 0.6545455 0.6545455 0.6666667 0.7142857 0.6792453 0.6909091 0.6909091
7  0.7741935 0.7741935 0.7741935 0.7741935 0.7540984 0.7741935 0.7619048 0.7741935 0.7741935
8  0.8214286 0.8070175 0.8070175 0.8070175 0.8135593 0.8275862 0.8363636 0.8571429 0.8363636
9  0.7733333 0.7733333 0.7837838 0.7945205 0.7323944 0.7323944 0.7428571 0.7536232 0.7428571
10 0.5853659 0.6046512 0.6046512 0.6046512 0.6046512 0.6190476 0.6190476 0.6341463 0.6341463
          29        30        31        32        33        34        35        36        37
1  0.6842105 0.7027027 0.6842105 0.6666667 0.6666667 0.6315789 0.6315789 0.6315789 0.6666667
2  0.7719298 0.7931034 0.7719298 0.7719298 0.7719298 0.7719298 0.7857143 0.6666667 0.6666667
3  0.7692308 0.7500000 0.7500000 0.7500000 0.7500000 0.7500000 0.7333333 0.7333333 0.7118644
4  0.7659574 0.6976744 0.7659574 0.7826087 0.6976744 0.6976744 0.6666667 0.6976744 0.6666667
5  0.7272727 0.7272727 0.7272727 0.7142857 0.7272727 0.7407407 0.6666667 0.6666667 0.6400000
6  0.7142857 0.7142857 0.7142857 0.7142857 0.7017544 0.7169811 0.6382979 0.6666667 0.6086957
7  0.7540984 0.7666667 0.7457627 0.7142857 0.6923077 0.7169811 0.6666667 0.6666667 0.6666667
8  0.8363636 0.8363636 0.8363636 0.8363636 0.8148148 0.8148148 0.8148148 0.7692308 0.7346939
9  0.7246377 0.7352941 0.7462687 0.7462687 0.7272727 0.7272727 0.7076923 0.7076923 0.6984127
10 0.6153846 0.6153846 0.6153846 0.5789474 0.5641026 0.5641026 0.5641026 0.5789474 0.5789474
          38        39        40        41        42        43        44        45        46
1  0.6857143 0.6857143 0.6875000 0.7096774 0.6896552 0.6896552 0.6896552 0.6896552 0.6896552
2  0.6530612 0.6530612 0.6530612 0.6250000 0.5957447 0.5957447 0.5957447 0.6086957 0.6086957
3  0.6896552 0.5925926 0.5925926 0.5925926 0.5925926 0.5925926 0.6037736 0.5200000 0.5200000
4  0.6666667 0.6000000 0.6000000 0.6000000 0.6000000 0.5641026 0.5641026 0.5263158 0.5263158
5  0.6666667 0.6530612 0.6530612 0.6250000 0.6250000 0.6250000 0.6250000 0.6250000 0.6250000
6  0.5777778 0.5777778 0.5581395 0.5238095 0.5238095 0.5238095 0.5238095 0.5238095 0.5238095
7  0.6666667 0.6666667 0.6666667 0.6666667 0.6666667 0.6666667 0.6666667 0.6666667 0.6666667
8  0.7346939 0.7083333 0.7083333 0.7083333 0.7083333 0.7083333 0.7083333 0.7083333 0.7083333
9  0.7096774 0.6440678 0.6206897 0.6206897 0.6206897 0.6206897 0.6206897 0.5964912 0.5714286
10 0.5882353 0.5625000 0.5161290 0.4666667 0.4137931 0.4137931 0.4137931 0.4137931 0.4137931
          47        48        49        50
1  0.6896552 0.6896552 0.6896552 0.6896552
2  0.6086957 0.6086957 0.5454545 0.5454545
3  0.5200000 0.5200000 0.5200000 0.4897959
4  0.5263158 0.5263158 0.5263158 0.5263158
5  0.5652174 0.5333333 0.5333333 0.5333333
6  0.5238095 0.5238095 0.5238095 0.5238095
7  0.6666667 0.6666667 0.6666667 0.6666667
8  0.6808511 0.6808511 0.6808511 0.6808511
9  0.5714286 0.5714286 0.5714286 0.5714286
10 0.4137931 0.4137931 0.3571429 0.3571429

$SVM$`Mean F1 Measure`
        1         2         3         4         5         6         7         8         9 
0.0000000 0.4713932 0.5167879 0.5582287 0.5610757 0.5815664 0.6113418 0.6482111 0.6693254 
       10        11        12        13        14        15        16        17        18 
0.7174907 0.7164650 0.7192317 0.7126647 0.7121613 0.7189103 0.7185942 0.7169359 0.7294724 
       19        20        21        22        23        24        25        26        27 
0.7243371 0.7274650 0.7276565 0.7278488 0.7355531 0.7304967 0.7316575 0.7279299 0.7342093 
       28        29        30        31        32        33        34        35        36 
0.7386779 0.7363371 0.7338748 0.7357436 0.7275642 0.7113796 0.7132076 0.6875534 0.6785124 
       37        38        39        40        41        42        43        44        45 
0.6639281 0.6638815 0.6343775 0.6256173 0.6138436 0.6036285 0.6000387 0.6011568 0.5878760 
       46        47        48        49        50 
0.5853698 0.5766433 0.5734549 0.5614658 0.5584453 

$SVM$`St Dev F1 Measure`
         1          2          3          4          5          6          7          8 
0.00000000 0.04735611 0.08677903 0.07782471 0.07584866 0.08262731 0.07706588 0.07848046 
         9         10         11         12         13         14         15         16 
0.06347095 0.06192191 0.05984902 0.05491987 0.06227606 0.06706115 0.06220108 0.07665455 
        17         18         19         20         21         22         23         24 
0.07256668 0.06612247 0.06428452 0.06889727 0.06077905 0.06140307 0.06302094 0.05869989 
        25         26         27         28         29         30         31         32 
0.05758700 0.06568516 0.06803033 0.05797588 0.05925365 0.05972041 0.05815234 0.06993105 
        33         34         35         36         37         38         39         40 
0.06724406 0.07090464 0.07486323 0.05284257 0.04639178 0.04890940 0.04857672 0.05979120 
        41         42         43         44         45         46         47         48 
0.07572534 0.08543417 0.08635280 0.08631805 0.09175389 0.09183468 0.08690554 0.08794993 
        49         50 
0.09945430 0.10129514 

$SVM$`Micro Ave F1 Measure`
        1         2         3         4         5         6         7         8         9 
      NaN 0.4708625 0.5260870 0.5665962 0.5671642 0.5847458 0.6150628 0.6467066 0.6666667 
       10        11        12        13        14        15        16        17        18 
0.7132075 0.7148289 0.7211896 0.7195572 0.7207207 0.7256318 0.7266187 0.7236364 0.7355072 
       19        20        21        22        23        24        25        26        27 
0.7289377 0.7335766 0.7332123 0.7341772 0.7419355 0.7351351 0.7374101 0.7345455 0.7408759 
       28        29        30        31        32        33        34        35        36 
0.7440147 0.7416974 0.7401869 0.7411546 0.7340824 0.7186312 0.7216891 0.6958250 0.6842105 
       37        38        39        40        41        42        43        44        45 
0.6680498 0.6680672 0.6363636 0.6285714 0.6177778 0.6098655 0.6067416 0.6081081 0.5936073 
       46        47        48        49        50 
0.5903890 0.5806452 0.5773672 0.5674419 0.5641026 
