> ig_8
$`NAIVE BAYES`
$`NAIVE BAYES`$`Accuracy per Fold`
   1         2         3         4         5         6         7         8         9        10
1  0 0.9771755 0.9743224 0.9743224 0.9686163 0.9757489 0.9757489 0.9757489 0.9757489 0.9771755
2  0 0.9759887 0.9731638 0.9759887 0.9774011 0.9759887 0.9745763 0.9675141 0.9661017 0.9661017
3  0 0.9816124 0.9773692 0.9801980 0.9801980 0.9816124 0.9787836 0.9816124 0.9801980 0.9816124
4  0 0.9858757 0.9816384 0.9816384 0.9844633 0.9872881 0.9872881 0.9872881 0.9858757 0.9872881
5  0 0.9858757 0.9816384 0.9802260 0.9788136 0.9788136 0.9774011 0.9759887 0.9731638 0.9717514
6  0 0.9773692 0.9759547 0.9773692 0.9801980 0.9801980 0.9787836 0.9787836 0.9787836 0.9759547
7  0 0.9788136 0.9774011 0.9788136 0.9774011 0.9774011 0.9731638 0.9703390 0.9703390 0.9661017
8  0 0.9816124 0.9731259 0.9745403 0.9773692 0.9773692 0.9745403 0.9745403 0.9745403 0.9745403
9  0 0.9816384 0.9788136 0.9802260 0.9858757 0.9830508 0.9830508 0.9830508 0.9816384 0.9816384
10 0 0.9714693 0.9800285 0.9843081 0.9828816 0.9828816 0.9828816 0.9814551 0.9814551 0.9814551
          11        12        13        14        15        16        17        18        19
1  0.9743224 0.9757489 0.9757489 0.9757489 0.9743224 0.9743224 0.9700428 0.9728959 0.9714693
2  0.9661017 0.9661017 0.9646893 0.9646893 0.9618644 0.9632768 0.9576271 0.9576271 0.9562147
3  0.9816124 0.9787836 0.9787836 0.9773692 0.9745403 0.9745403 0.9731259 0.9731259 0.9717115
4  0.9844633 0.9844633 0.9844633 0.9830508 0.9816384 0.9802260 0.9802260 0.9802260 0.9774011
5  0.9731638 0.9731638 0.9731638 0.9745763 0.9745763 0.9745763 0.9703390 0.9703390 0.9689266
6  0.9773692 0.9773692 0.9773692 0.9717115 0.9717115 0.9717115 0.9717115 0.9688826 0.9674682
7  0.9675141 0.9675141 0.9675141 0.9675141 0.9661017 0.9661017 0.9661017 0.9661017 0.9661017
8  0.9745403 0.9745403 0.9717115 0.9717115 0.9717115 0.9717115 0.9702970 0.9702970 0.9688826
9  0.9788136 0.9774011 0.9788136 0.9802260 0.9816384 0.9816384 0.9816384 0.9802260 0.9788136
10 0.9800285 0.9800285 0.9800285 0.9800285 0.9800285 0.9800285 0.9786020 0.9800285 0.9728959
          20        21        22        23        24        25        26        27        28
1  0.9700428 0.9686163 0.9671897 0.9671897 0.9600571 0.9543509 0.9514979 0.9500713 0.9457917
2  0.9533898 0.9505650 0.9505650 0.9491525 0.9420904 0.9378531 0.9364407 0.9364407 0.9279661
3  0.9717115 0.9717115 0.9702970 0.9688826 0.9660537 0.9632249 0.9618105 0.9632249 0.9618105
4  0.9745763 0.9703390 0.9703390 0.9703390 0.9661017 0.9661017 0.9661017 0.9661017 0.9646893
5  0.9689266 0.9661017 0.9618644 0.9604520 0.9562147 0.9548023 0.9533898 0.9491525 0.9463277
6  0.9646393 0.9618105 0.9561528 0.9533239 0.9490806 0.9504950 0.9504950 0.9490806 0.9476662
7  0.9618644 0.9618644 0.9548023 0.9519774 0.9491525 0.9491525 0.9435028 0.9420904 0.9378531
8  0.9674682 0.9674682 0.9646393 0.9646393 0.9618105 0.9589816 0.9589816 0.9575672 0.9575672
9  0.9788136 0.9774011 0.9759887 0.9731638 0.9646893 0.9646893 0.9632768 0.9632768 0.9632768
10 0.9728959 0.9714693 0.9714693 0.9714693 0.9686163 0.9557775 0.9557775 0.9557775 0.9472183
          29        30        31        32        33        34        35        36        37
1  0.9443652 0.9443652 0.9429387 0.9443652 0.9443652 0.9400856 0.9300999 0.9300999 0.9272468
2  0.9293785 0.9265537 0.9237288 0.9209040 0.9152542 0.9152542 0.9053672 0.9039548 0.9039548
3  0.9575672 0.9533239 0.9504950 0.9476662 0.9434229 0.9434229 0.9434229 0.9420085 0.9405941
4  0.9646893 0.9604520 0.9590395 0.9590395 0.9576271 0.9562147 0.9519774 0.9491525 0.9350282
5  0.9435028 0.9378531 0.9378531 0.9392655 0.9392655 0.9364407 0.9350282 0.9279661 0.9194915
6  0.9462518 0.9420085 0.9335219 0.9335219 0.9292786 0.9236209 0.9222065 0.9151344 0.9108911
7  0.9350282 0.9293785 0.9265537 0.9265537 0.9251412 0.9223164 0.9223164 0.9209040 0.9011299
8  0.9547383 0.9533239 0.9476662 0.9462518 0.9462518 0.9448373 0.9448373 0.9448373 0.9448373
9  0.9519774 0.9463277 0.9463277 0.9463277 0.9435028 0.9435028 0.9420904 0.9378531 0.9364407
10 0.9472183 0.9443652 0.9429387 0.9258203 0.9201141 0.9115549 0.9072753 0.9087019 0.9044223
          38        39        40        41        42        43        44        45        46
1  0.9186876 0.9115549 0.9115549 0.9058488 0.8972896 0.8944365 0.8944365 0.8873039 0.8887304
2  0.8997175 0.8898305 0.8912429 0.8827684 0.8615819 0.8615819 0.8700565 0.8700565 0.8629944
3  0.9405941 0.9391796 0.9292786 0.9292786 0.9264498 0.9222065 0.9080622 0.9052334 0.9066478
4  0.9350282 0.9336158 0.9251412 0.9053672 0.9053672 0.8983051 0.8983051 0.8983051 0.8926554
5  0.9152542 0.9124294 0.9011299 0.8728814 0.8728814 0.8418079 0.2274011 0.8107345 0.8107345
6  0.9108911 0.9066478 0.8896747 0.8882603 0.8868458 0.8613861 0.2531825 0.2673267 0.2489392
7  0.9011299 0.9039548 0.8785311 0.8361582 0.8389831 0.2344633 0.2161017 0.2189266 0.2217514
8  0.9434229 0.9434229 0.9391796 0.9420085 0.9391796 0.9349364 0.9264498 0.9264498 0.9222065
9  0.9350282 0.9237288 0.9265537 0.9237288 0.9138418 0.8855932 0.8841808 0.8559322 0.8658192
10 0.9044223 0.8744650 0.8773181 0.2168331 0.2039943 0.2039943 0.2082739 0.2125535 0.2154066
          47        48        49        50
1  0.8858773 0.8773181 0.8701854 0.8687589
2  0.8516949 0.8573446 0.8446328 0.8347458
3  0.8953324 0.8981612 0.8939180 0.8896747
4  0.8926554 0.8813559 0.8771186 0.8714689
5  0.8093220 0.2330508 0.7980226 0.2598870
6  0.2404526 0.2404526 0.2418670 0.2489392
7  0.2217514 0.2245763 0.2330508 0.2302260
8  0.9151344 0.9123055 0.9108911 0.9108911
9  0.8658192 0.8672316 0.2584746 0.2598870
10 0.2425107 0.2339515 0.2382311 0.2396576

$`NAIVE BAYES`$`Mean Accuracy`
        1         2         3         4         5         6         7         8         9 
0.0000000 0.9797431 0.9773456 0.9787631 0.9793218 0.9800353 0.9786218 0.9776321 0.9767845 
       10        11        12        13        14        15        16        17        18 
0.9763619 0.9757929 0.9755115 0.9752286 0.9746626 0.9738133 0.9738133 0.9719711 0.9719750 
       19        20        21        22        23        24        25        26        27 
0.9699885 0.9684328 0.9667347 0.9643307 0.9630590 0.9583867 0.9555429 0.9541274 0.9532784 
       28        29        30        31        32        33        34        35        36 
0.9500167 0.9474717 0.9437952 0.9411063 0.9389716 0.9364224 0.9337251 0.9304622 0.9280612 
       37        38        39        40        41        42        43        44        45 
0.9224037 0.9204176 0.9138830 0.9069605 0.8303133 0.8246414 0.7538711 0.6286450 0.6852822 
       46        47        48        49        50 
0.6835885 0.6820550 0.6225748 0.6166392 0.5614136 

$`NAIVE BAYES`$`St Dev Accuracy`
          1           2           3           4           5           6           7           8 
0.000000000 0.004490014 0.003207294 0.003206739 0.004826475 0.003690832 0.004539673 0.006016230 
          9          10          11          12          13          14          15          16 
0.005949399 0.006965621 0.005884943 0.005550572 0.006017433 0.005836731 0.006442431 0.005978437 
         17          18          19          20          21          22          23          24 
0.007120817 0.007138331 0.006324299 0.007178382 0.007362482 0.008300486 0.008800722 0.008940192 
         25          26          27          28          29          30          31          32 
0.008480386 0.009181901 0.009670040 0.011861307 0.010438315 0.010592006 0.010896596 0.012008840 
         33          34          35          36          37          38          39          40 
0.013370433 0.014650323 0.015970888 0.015617258 0.016570780 0.016799610 0.021831673 0.022456012 
         41          42          43          44          45          46          47          48 
0.217727827 0.220152645 0.283261744 0.346822727 0.314002804 0.315428209 0.309936270 0.335642770 
         49          50 
0.323101758 0.331307971 

$`NAIVE BAYES`$`Precisions per Fold`
   1         2         3         4         5         6         7         8         9        10
1  0 0.7500000 0.6666667 0.6000000 0.4285714 0.5789474 0.5789474 0.5789474 0.5714286 0.5833333
2  0 0.7333333 0.6923077 0.7058824 0.6666667 0.6521739 0.6153846 0.5161290 0.5000000 0.5000000
3  0 1.0000000 0.7142857 0.7272727 0.6666667 0.7500000 0.6250000 0.6666667 0.6086957 0.6363636
4  0 1.0000000 0.6363636 0.6153846 0.6666667 0.7692308 0.7692308 0.7692308 0.7142857 0.7692308
5  0 0.6000000 0.4545455 0.4375000 0.4347826 0.4347826 0.4166667 0.4000000 0.3703704 0.3571429
6  0 0.8000000 0.5833333 0.6153846 0.6315789 0.6315789 0.6000000 0.6250000 0.6111111 0.5454545
7  0 0.5833333 0.5454545 0.5833333 0.5263158 0.5263158 0.4545455 0.4166667 0.4166667 0.3703704
8  0 0.9000000 0.5833333 0.6000000 0.6190476 0.6190476 0.5652174 0.5714286 0.5652174 0.5652174
9  0 0.7142857 0.6428571 0.6470588 0.7647059 0.6842105 0.6666667 0.6666667 0.6500000 0.6500000
10 0 1.0000000 1.0000000 1.0000000 0.8750000 0.9285714 0.9285714 0.8666667 0.8666667 0.8666667
          11        12        13        14        15        16        17        18        19
1  0.5384615 0.5600000 0.5600000 0.5600000 0.5384615 0.5384615 0.4827586 0.5185185 0.5000000
2  0.5000000 0.5000000 0.4838710 0.4838710 0.4545455 0.4705882 0.4210526 0.4210526 0.4102564
3  0.6363636 0.5909091 0.5909091 0.5652174 0.5200000 0.5200000 0.5000000 0.5000000 0.4814815
4  0.6666667 0.6666667 0.6666667 0.6111111 0.5789474 0.5500000 0.5500000 0.5500000 0.5000000
5  0.3793103 0.3793103 0.3793103 0.3928571 0.3928571 0.3928571 0.3448276 0.3448276 0.3333333
6  0.5600000 0.5600000 0.5600000 0.4827586 0.4827586 0.4827586 0.4827586 0.4516129 0.4375000
7  0.3928571 0.3928571 0.3928571 0.3928571 0.3793103 0.3793103 0.3793103 0.3793103 0.3793103
8  0.5652174 0.5652174 0.5200000 0.5200000 0.5200000 0.5200000 0.5000000 0.5000000 0.4814815
9  0.5833333 0.5600000 0.5833333 0.6086957 0.6363636 0.6363636 0.6363636 0.6086957 0.5769231
10 0.8571429 0.8571429 0.8125000 0.8125000 0.8125000 0.8125000 0.7647059 0.7777778 0.6086957
          20        21        22        23        24        25        26        27        28
1  0.4827586 0.4666667 0.4516129 0.4516129 0.3888889 0.3500000 0.3409091 0.3333333 0.3125000
2  0.3902439 0.3777778 0.3777778 0.3695652 0.3333333 0.3148148 0.3090909 0.3157895 0.2786885
3  0.4814815 0.4814815 0.4642857 0.4482759 0.4193548 0.4000000 0.3888889 0.4000000 0.3888889
4  0.4545455 0.4074074 0.4074074 0.4074074 0.3666667 0.3666667 0.3666667 0.3666667 0.3548387
5  0.3333333 0.3125000 0.2857143 0.2777778 0.2564103 0.2500000 0.2439024 0.2272727 0.2173913
6  0.4062500 0.3823529 0.3421053 0.3250000 0.3023256 0.3095238 0.3095238 0.3023256 0.2954545
7  0.3437500 0.3437500 0.2972973 0.2820513 0.2682927 0.2682927 0.2444444 0.2500000 0.2452830
8  0.4642857 0.4642857 0.4333333 0.4333333 0.4062500 0.3823529 0.3823529 0.3714286 0.3714286
9  0.5769231 0.5555556 0.5357143 0.5000000 0.4166667 0.4166667 0.4054054 0.4054054 0.4054054
10 0.6086957 0.5833333 0.5714286 0.5714286 0.5312500 0.4146341 0.4186047 0.4186047 0.3673469
          29        30        31        32        33        34        35        36        37
1  0.3061224 0.3061224 0.3000000 0.3137255 0.3137255 0.2962963 0.2622951 0.2622951 0.2539683
2  0.2903226 0.2812500 0.2727273 0.2647059 0.2500000 0.2500000 0.2278481 0.2250000 0.2250000
3  0.3589744 0.3333333 0.3260870 0.3125000 0.2857143 0.2941176 0.2941176 0.2884615 0.2830189
4  0.3548387 0.3235294 0.3142857 0.3142857 0.3055556 0.2972973 0.2750000 0.2619048 0.2115385
5  0.2083333 0.1923077 0.1923077 0.1960784 0.1960784 0.1886792 0.1851852 0.1694915 0.1538462
6  0.2888889 0.2708333 0.2407407 0.2407407 0.2280702 0.2131148 0.2096774 0.1940299 0.1857143
7  0.2363636 0.2203390 0.2131148 0.2131148 0.2096774 0.2031250 0.2031250 0.2000000 0.1728395
8  0.3513514 0.3421053 0.3181818 0.3111111 0.3111111 0.3125000 0.3125000 0.3125000 0.3125000
9  0.3333333 0.3061224 0.3061224 0.3137255 0.3018868 0.3018868 0.2962963 0.2807018 0.2758621
10 0.3673469 0.3529412 0.3461538 0.2812500 0.2647059 0.2361111 0.2337662 0.2368421 0.2278481
          38        39        40         41         42         43         44         45
1  0.2318841 0.2162162 0.2162162 0.21250000 0.19767442 0.19318182 0.19318182 0.18279570
2  0.2235294 0.2065217 0.2087912 0.19587629 0.16964286 0.16964286 0.17924528 0.17924528
3  0.2830189 0.2777778 0.2459016 0.24590164 0.23809524 0.22727273 0.19736842 0.19230769
4  0.2115385 0.2075472 0.1864407 0.15068493 0.15068493 0.15853659 0.15853659 0.15853659
5  0.1470588 0.1428571 0.1282051 0.11000000 0.10204082 0.08333333 0.01801802 0.07042254
6  0.1857143 0.1780822 0.1529412 0.15116279 0.14942529 0.12380952 0.02607076 0.02656546
7  0.1728395 0.1772152 0.1443299 0.11023622 0.11200000 0.02702703 0.02640845 0.02650177
8  0.3061224 0.3061224 0.2884615 0.30000000 0.28846154 0.27272727 0.24590164 0.24590164
9  0.2711864 0.2388060 0.2461538 0.23880597 0.21621622 0.17708333 0.17525773 0.14529915
10 0.2278481 0.1862745 0.1900000 0.03703704 0.03645833 0.03645833 0.03664921 0.03684211
           46         47         48         49         50
1  0.18478261 0.18085106 0.17000000 0.16190476 0.16037736
2  0.17117117 0.15966387 0.16521739 0.15322581 0.14503817
3  0.21686747 0.19780220 0.20224719 0.18888889 0.18279570
4  0.14285714 0.15116279 0.13043478 0.13402062 0.13592233
5  0.07042254 0.06993007 0.01814882 0.06622517 0.01879699
6  0.02592593 0.02564103 0.02564103 0.02568807 0.02592593
7  0.02659574 0.02659574 0.02836879 0.02867384 0.02857143
8  0.23437500 0.21739130 0.21126761 0.20833333 0.20833333
9  0.15454545 0.15454545 0.15596330 0.03321033 0.03327172
10 0.03697183 0.03825137 0.03783784 0.03804348 0.03811252

$`NAIVE BAYES`$`Mean Precisions`
         1          2          3          4          5          6          7          8 
0.00000000 0.80809524 0.65191475 0.65318165 0.62800023 0.65748590 0.62202304 0.60774024 
         9         10         11         12         13         14         15         16 
0.58744421 0.58437796 0.56793529 0.56321035 0.55494475 0.54298680 0.53157441 0.53028395 
        17         18         19         20         21         22         23         24 
0.50617773 0.50517954 0.47089818 0.45422672 0.43751109 0.41666768 0.40664524 0.36894389 
        25         26         27         28         29         30         31         32 
0.34729517 0.34097892 0.33908264 0.32372259 0.30958756 0.29288841 0.28297212 0.27612376 
        33         34         35         36         37         38         39         40 
0.26665251 0.25931281 0.24998110 0.24312266 0.23021357 0.22607404 0.21374204 0.20074413 
        41         42         43         44         45         46         47         48 
0.17522049 0.16606996 0.14690728 0.12566379 0.12644179 0.12645149 0.12218349 0.11451268 
        49         50 
0.10382143 0.09771455 

$`NAIVE BAYES`$`St Dev Precisions`
         1          2          3          4          5          6          7          8 
0.00000000 0.16006266 0.14411485 0.14472137 0.13813045 0.13759639 0.14661946 0.14551439 
         9         10         11         12         13         14         15         16 
0.14285267 0.15892142 0.13747502 0.13529255 0.12664886 0.12252343 0.12614049 0.12430576 
        17         18         19         20         21         22         23         24 
0.12304213 0.12417209 0.08449362 0.09054717 0.08859056 0.09454289 0.09457980 0.08263530 
        25         26         27         28         29         30         31         32 
0.05955926 0.06288666 0.06549334 0.06366413 0.05432074 0.05265755 0.05151646 0.04548193 
        33         34         35         36         37         38         39         40 
0.04385233 0.04662960 0.04415944 0.04601987 0.05130845 0.05016249 0.04915341 0.05071637 
        41         42         43         44         45         46         47         48 
0.07829956 0.07305234 0.07967904 0.08809725 0.07964377 0.07993451 0.07434825 0.07829027 
        49         50 
0.07254408 0.07525434 

$`NAIVE BAYES`$`Micro Ave Precisions`
         1          2          3          4          5          6          7          8 
       NaN 0.76666667 0.64485981 0.64963504 0.62295082 0.63736264 0.60101010 0.58128079 
         9         10         11         12         13         14         15         16 
0.56221198 0.55309735 0.54201681 0.53781513 0.53333333 0.52439024 0.51190476 0.51181102 
        17         18         19         20         21         22         23         24 
0.48679245 0.48689139 0.46263345 0.44482759 0.42810458 0.40672783 0.39583333 0.36118598 
        25         26         27         28         29         30         31         32 
0.34351145 0.33660934 0.33333333 0.31590909 0.30434783 0.28806584 0.27897839 0.27272727 
        33         34         35         36         37         38         39         40 
0.26286765 0.25486726 0.24576271 0.23887974 0.22496148 0.22105263 0.20757363 0.19422572 
        41         42         43         44         45         46         47         48 
0.11620795 0.11218425 0.08355795 0.05687204 0.06660974 0.06700594 0.06706031 0.05694842 
        49         50 
0.05641749 0.04986064 

$`NAIVE BAYES`$`Recalls per Fold`
   1         2         3         4         5         6         7         8         9        10
1  0 0.3000000 0.2000000 0.3000000 0.3000000 0.5500000 0.5500000 0.5500000 0.6000000 0.7000000
2  0 0.4583333 0.3750000 0.5000000 0.6666667 0.6250000 0.6666667 0.6666667 0.6666667 0.6666667
3  0 0.3157895 0.2631579 0.4210526 0.5263158 0.4736842 0.5263158 0.6315789 0.7368421 0.7368421
4  0 0.3750000 0.4375000 0.5000000 0.6250000 0.6250000 0.6250000 0.6250000 0.6250000 0.6250000
5  0 0.5000000 0.4166667 0.5833333 0.8333333 0.8333333 0.8333333 0.8333333 0.8333333 0.8333333
6  0 0.2105263 0.3684211 0.4210526 0.6315789 0.6315789 0.6315789 0.5263158 0.5789474 0.6315789
7  0 0.4117647 0.3529412 0.4117647 0.5882353 0.5882353 0.5882353 0.5882353 0.5882353 0.5882353
8  0 0.4285714 0.3333333 0.4285714 0.6190476 0.6190476 0.6190476 0.5714286 0.6190476 0.6190476
9  0 0.5263158 0.4736842 0.5789474 0.6842105 0.6842105 0.7368421 0.7368421 0.6842105 0.6842105
10 0 0.1666667 0.4166667 0.5416667 0.5833333 0.5416667 0.5416667 0.5416667 0.5416667 0.5416667
          11        12        13        14        15        16        17        18        19
1  0.7000000 0.7000000 0.7000000 0.7000000 0.7000000 0.7000000 0.7000000 0.7000000 0.7000000
2  0.6666667 0.6666667 0.6250000 0.6250000 0.6250000 0.6666667 0.6666667 0.6666667 0.6666667
3  0.7368421 0.6842105 0.6842105 0.6842105 0.6842105 0.6842105 0.6842105 0.6842105 0.6842105
4  0.6250000 0.6250000 0.6250000 0.6875000 0.6875000 0.6875000 0.6875000 0.6875000 0.6250000
5  0.9166667 0.9166667 0.9166667 0.9166667 0.9166667 0.9166667 0.8333333 0.8333333 0.8333333
6  0.7368421 0.7368421 0.7368421 0.7368421 0.7368421 0.7368421 0.7368421 0.7368421 0.7368421
7  0.6470588 0.6470588 0.6470588 0.6470588 0.6470588 0.6470588 0.6470588 0.6470588 0.6470588
8  0.6190476 0.6190476 0.6190476 0.6190476 0.6190476 0.6190476 0.6190476 0.6190476 0.6190476
9  0.7368421 0.7368421 0.7368421 0.7368421 0.7368421 0.7368421 0.7368421 0.7368421 0.7894737
10 0.5000000 0.5000000 0.5416667 0.5416667 0.5416667 0.5416667 0.5416667 0.5833333 0.5833333
          20        21        22        23        24        25        26        27        28
1  0.7000000 0.7000000 0.7000000 0.7000000 0.7000000 0.7000000 0.7500000 0.7500000 0.7500000
2  0.6666667 0.7083333 0.7083333 0.7083333 0.7083333 0.7083333 0.7083333 0.7500000 0.7083333
3  0.6842105 0.6842105 0.6842105 0.6842105 0.6842105 0.7368421 0.7368421 0.7368421 0.7368421
4  0.6250000 0.6875000 0.6875000 0.6875000 0.6875000 0.6875000 0.6875000 0.6875000 0.6875000
5  0.8333333 0.8333333 0.8333333 0.8333333 0.8333333 0.8333333 0.8333333 0.8333333 0.8333333
6  0.6842105 0.6842105 0.6842105 0.6842105 0.6842105 0.6842105 0.6842105 0.6842105 0.6842105
7  0.6470588 0.6470588 0.6470588 0.6470588 0.6470588 0.6470588 0.6470588 0.7058824 0.7647059
8  0.6190476 0.6190476 0.6190476 0.6190476 0.6190476 0.6190476 0.6190476 0.6190476 0.6190476
9  0.7894737 0.7894737 0.7894737 0.7894737 0.7894737 0.7894737 0.7894737 0.7894737 0.7894737
10 0.5833333 0.5833333 0.6666667 0.6666667 0.7083333 0.7083333 0.7500000 0.7500000 0.7500000
          29        30        31        32        33        34        35        36        37
1  0.7500000 0.7500000 0.7500000 0.8000000 0.8000000 0.8000000 0.8000000 0.8000000 0.8000000
2  0.7500000 0.7500000 0.7500000 0.7500000 0.7500000 0.7500000 0.7500000 0.7500000 0.7500000
3  0.7368421 0.7368421 0.7894737 0.7894737 0.7368421 0.7894737 0.7894737 0.7894737 0.7894737
4  0.6875000 0.6875000 0.6875000 0.6875000 0.6875000 0.6875000 0.6875000 0.6875000 0.6875000
5  0.8333333 0.8333333 0.8333333 0.8333333 0.8333333 0.8333333 0.8333333 0.8333333 0.8333333
6  0.6842105 0.6842105 0.6842105 0.6842105 0.6842105 0.6842105 0.6842105 0.6842105 0.6842105
7  0.7647059 0.7647059 0.7647059 0.7647059 0.7647059 0.7647059 0.7647059 0.7647059 0.8235294
8  0.6190476 0.6190476 0.6666667 0.6666667 0.6666667 0.7142857 0.7142857 0.7142857 0.7142857
9  0.7894737 0.7894737 0.7894737 0.8421053 0.8421053 0.8421053 0.8421053 0.8421053 0.8421053
10 0.7500000 0.7500000 0.7500000 0.7500000 0.7500000 0.7083333 0.7500000 0.7500000 0.7500000
          38        39        40        41        42        43        44        45        46
1  0.8000000 0.8000000 0.8000000 0.8500000 0.8500000 0.8500000 0.8500000 0.8500000 0.8500000
2  0.7916667 0.7916667 0.7916667 0.7916667 0.7916667 0.7916667 0.7916667 0.7916667 0.7916667
3  0.7894737 0.7894737 0.7894737 0.7894737 0.7894737 0.7894737 0.7894737 0.7894737 0.9473684
4  0.6875000 0.6875000 0.6875000 0.6875000 0.6875000 0.8125000 0.8125000 0.8125000 0.7500000
5  0.8333333 0.8333333 0.8333333 0.9166667 0.8333333 0.8333333 0.8333333 0.8333333 0.8333333
6  0.6842105 0.6842105 0.6842105 0.6842105 0.6842105 0.6842105 0.7368421 0.7368421 0.7368421
7  0.8235294 0.8235294 0.8235294 0.8235294 0.8235294 0.8823529 0.8823529 0.8823529 0.8823529
8  0.7142857 0.7142857 0.7142857 0.7142857 0.7142857 0.7142857 0.7142857 0.7142857 0.7142857
9  0.8421053 0.8421053 0.8421053 0.8421053 0.8421053 0.8947368 0.8947368 0.8947368 0.8947368
10 0.7500000 0.7916667 0.7916667 0.8750000 0.8750000 0.8750000 0.8750000 0.8750000 0.8750000
          47        48        49        50
1  0.8500000 0.8500000 0.8500000 0.8500000
2  0.7916667 0.7916667 0.7916667 0.7916667
3  0.9473684 0.9473684 0.8947368 0.8947368
4  0.8125000 0.7500000 0.8125000 0.8750000
5  0.8333333 0.8333333 0.8333333 0.8333333
6  0.7368421 0.7368421 0.7368421 0.7368421
7  0.8823529 0.9411765 0.9411765 0.9411765
8  0.7142857 0.7142857 0.7142857 0.7142857
9  0.8947368 0.8947368 0.9473684 0.9473684
10 0.8750000 0.8750000 0.8750000 0.8750000

$`NAIVE BAYES`$`Mean Recalls`
        1         2         3         4         5         6         7         8         9 
0.0000000 0.3692968 0.3637371 0.4686389 0.6057722 0.6171757 0.6318686 0.6271067 0.6473950 
       10        11        12        13        14        15        16        17        18 
0.6626581 0.6884966 0.6832335 0.6832335 0.6894835 0.6894835 0.6936501 0.6853168 0.6894835 
       19        20        21        22        23        24        25        26        27 
0.6884966 0.6832335 0.6936501 0.7019835 0.7019835 0.7061501 0.7114133 0.7205799 0.7306290 
       28        29        30        31        32        33        34        35        36 
0.7323446 0.7365113 0.7365113 0.7465364 0.7567995 0.7515364 0.7573948 0.7615614 0.7615614 
       37        38        39        40        41        42        43        44        45 
0.7674438 0.7716105 0.7757771 0.7757771 0.7974438 0.7891105 0.8127560 0.8180191 0.8180191 
       46        47        48        49        50 
0.8275586 0.8338086 0.8334410 0.8396910 0.8459410 

$`NAIVE BAYES`$`St Dev Recalls`
         1          2          3          4          5          6          7          8 
0.00000000 0.11969751 0.08249455 0.08846275 0.13477459 0.09614383 0.09481803 0.09671034 
         9         10         11         12         13         14         15         16 
0.08641981 0.08230829 0.10841553 0.10707704 0.10152874 0.09944804 0.09944804 0.09729570 
        17         18         19         20         21         22         23         24 
0.07765927 0.06981747 0.07871888 0.07686499 0.07384036 0.06406200 0.06406200 0.06285335 
        25         26         27         28         29         30         31         32 
0.06301546 0.06475284 0.05986352 0.06045571 0.06005145 0.06005145 0.05305766 0.06184108 
        33         34         35         36         37         38         39         40 
0.06098503 0.05812014 0.05565330 0.05565330 0.05902893 0.05913128 0.05890690 0.05890690 
        41         42         43         44         45         46         47         48 
0.07999159 0.06989469 0.07028251 0.06093590 0.06093590 0.07675443 0.07214336 0.08338782 
        49         50 
0.07864637 0.07872880 

$`NAIVE BAYES`$`Micro Ave Recalls`
        1         2         3         4         5         6         7         8         9 
      NaN 0.3612565 0.3612565 0.4659686 0.5968586 0.6073298 0.6230366 0.6178010 0.6387435 
       10        11        12        13        14        15        16        17        18 
0.6544503 0.6753927 0.6701571 0.6701571 0.6753927 0.6753927 0.6806283 0.6753927 0.6806283 
       19        20        21        22        23        24        25        26        27 
0.6806283 0.6753927 0.6858639 0.6963351 0.6963351 0.7015707 0.7068063 0.7172775 0.7277487 
       28        29        30        31        32        33        34        35        36 
0.7277487 0.7329843 0.7329843 0.7434555 0.7539267 0.7486911 0.7539267 0.7591623 0.7591623 
       37        38        39        40        41        42        43        44        45 
0.7643979 0.7696335 0.7748691 0.7748691 0.7958115 0.7905759 0.8115183 0.8167539 0.8167539 
       46        47        48        49        50 
0.8272251 0.8324607 0.8324607 0.8376963 0.8429319 

$`NAIVE BAYES`$`F1 Measure`
   1         2         3         4         5         6         7         8         9        10
1  0 0.4285714 0.3076923 0.4000000 0.3529412 0.5641026 0.5641026 0.5641026 0.5853659 0.6363636
2  0 0.5641026 0.4864865 0.5853659 0.6666667 0.6382979 0.6400000 0.5818182 0.5714286 0.5714286
3  0 0.4800000 0.3846154 0.5333333 0.5882353 0.5806452 0.5714286 0.6486486 0.6666667 0.6829268
4  0 0.5454545 0.5185185 0.5517241 0.6451613 0.6896552 0.6896552 0.6896552 0.6666667 0.6896552
5  0 0.5454545 0.4347826 0.5000000 0.5714286 0.5714286 0.5555556 0.5405405 0.5128205 0.5000000
6  0 0.3333333 0.4516129 0.5000000 0.6315789 0.6315789 0.6153846 0.5714286 0.5945946 0.5853659
7  0 0.4827586 0.4285714 0.4827586 0.5555556 0.5555556 0.5128205 0.4878049 0.4878049 0.4545455
8  0 0.5806452 0.4242424 0.5000000 0.6190476 0.6190476 0.5909091 0.5714286 0.5909091 0.5909091
9  0 0.6060606 0.5454545 0.6111111 0.7222222 0.6842105 0.7000000 0.7000000 0.6666667 0.6666667
10 0 0.2857143 0.5882353 0.7027027 0.7000000 0.6842105 0.6842105 0.6666667 0.6666667 0.6666667
          11        12        13        14        15        16        17        18        19
1  0.6086957 0.6222222 0.6222222 0.6222222 0.6086957 0.6086957 0.5714286 0.5957447 0.5833333
2  0.5714286 0.5714286 0.5454545 0.5454545 0.5263158 0.5517241 0.5161290 0.5161290 0.5079365
3  0.6829268 0.6341463 0.6341463 0.6190476 0.5909091 0.5909091 0.5777778 0.5777778 0.5652174
4  0.6451613 0.6451613 0.6451613 0.6470588 0.6285714 0.6111111 0.6111111 0.6111111 0.5555556
5  0.5365854 0.5365854 0.5365854 0.5500000 0.5500000 0.5500000 0.4878049 0.4878049 0.4761905
6  0.6363636 0.6363636 0.6363636 0.5833333 0.5833333 0.5833333 0.5833333 0.5600000 0.5490196
7  0.4888889 0.4888889 0.4888889 0.4888889 0.4782609 0.4782609 0.4782609 0.4782609 0.4782609
8  0.5909091 0.5909091 0.5652174 0.5652174 0.5652174 0.5652174 0.5531915 0.5531915 0.5416667
9  0.6511628 0.6363636 0.6511628 0.6666667 0.6829268 0.6829268 0.6829268 0.6666667 0.6666667
10 0.6315789 0.6315789 0.6500000 0.6500000 0.6500000 0.6500000 0.6341463 0.6666667 0.5957447
          20        21        22        23        24        25        26        27        28
1  0.5714286 0.5600000 0.5490196 0.5490196 0.5000000 0.4666667 0.4687500 0.4615385 0.4411765
2  0.4923077 0.4927536 0.4927536 0.4857143 0.4533333 0.4358974 0.4303797 0.4444444 0.4000000
3  0.5652174 0.5652174 0.5531915 0.5416667 0.5200000 0.5185185 0.5090909 0.5185185 0.5090909
4  0.5263158 0.5116279 0.5116279 0.5116279 0.4782609 0.4782609 0.4782609 0.4782609 0.4680851
5  0.4761905 0.4545455 0.4255319 0.4166667 0.3921569 0.3846154 0.3773585 0.3571429 0.3448276
6  0.5098039 0.4905660 0.4561404 0.4406780 0.4193548 0.4262295 0.4262295 0.4193548 0.4126984
7  0.4489796 0.4489796 0.4074074 0.3928571 0.3793103 0.3793103 0.3548387 0.3692308 0.3714286
8  0.5306122 0.5306122 0.5098039 0.5098039 0.4905660 0.4727273 0.4727273 0.4642857 0.4642857
9  0.6666667 0.6521739 0.6382979 0.6122449 0.5454545 0.5454545 0.5357143 0.5357143 0.5357143
10 0.5957447 0.5833333 0.6153846 0.6153846 0.6071429 0.5230769 0.5373134 0.5373134 0.4931507
          29        30        31        32        33        34        35        36        37
1  0.4347826 0.4347826 0.4285714 0.4507042 0.4507042 0.4324324 0.3950617 0.3950617 0.3855422
2  0.4186047 0.4090909 0.4000000 0.3913043 0.3750000 0.3750000 0.3495146 0.3461538 0.3461538
3  0.4827586 0.4590164 0.4615385 0.4477612 0.4117647 0.4285714 0.4285714 0.4225352 0.4166667
4  0.4680851 0.4400000 0.4313725 0.4313725 0.4230769 0.4150943 0.3928571 0.3793103 0.3235294
5  0.3333333 0.3125000 0.3125000 0.3174603 0.3174603 0.3076923 0.3030303 0.2816901 0.2597403
6  0.4062500 0.3880597 0.3561644 0.3561644 0.3421053 0.3250000 0.3209877 0.3023256 0.2921348
7  0.3611111 0.3421053 0.3333333 0.3333333 0.3291139 0.3209877 0.3209877 0.3170732 0.2857143
8  0.4482759 0.4406780 0.4307692 0.4242424 0.4242424 0.4347826 0.4347826 0.4347826 0.4347826
9  0.4687500 0.4411765 0.4411765 0.4571429 0.4444444 0.4444444 0.4383562 0.4210526 0.4155844
10 0.4931507 0.4800000 0.4736842 0.4090909 0.3913043 0.3541667 0.3564356 0.3600000 0.3495146
          38        39        40         41        42         43         44         45         46
1  0.3595506 0.3404255 0.3404255 0.34000000 0.3207547 0.31481481 0.31481481 0.30088496 0.30357143
2  0.3486239 0.3275862 0.3304348 0.31404959 0.2794118 0.27941176 0.29230769 0.29230769 0.28148148
3  0.4166667 0.4109589 0.3750000 0.37500000 0.3658537 0.35294118 0.31578947 0.30927835 0.35294118
4  0.3235294 0.3188406 0.2933333 0.24719101 0.2471910 0.26530612 0.26530612 0.26530612 0.24000000
5  0.2500000 0.2439024 0.2222222 0.19642857 0.1818182 0.15151515 0.03527337 0.12987013 0.12987013
6  0.2921348 0.2826087 0.2500000 0.24761905 0.2452830 0.20967742 0.05035971 0.05128205 0.05008945
7  0.2857143 0.2916667 0.2456140 0.19444444 0.1971831 0.05244755 0.05128205 0.05145798 0.05163511
8  0.4285714 0.4285714 0.4109589 0.42253521 0.4109589 0.39473684 0.36585366 0.36585366 0.35294118
9  0.4102564 0.3720930 0.3809524 0.37209302 0.3440860 0.29565217 0.29310345 0.25000000 0.26356589
10 0.3495146 0.3015873 0.3064516 0.07106599 0.0700000 0.07000000 0.07035176 0.07070707 0.07094595
           47         48         49         50
1  0.29824561 0.28333333 0.27200000 0.26984127
2  0.26573427 0.27338129 0.25675676 0.24516129
3  0.32727273 0.33333333 0.31192661 0.30357143
4  0.25490196 0.22222222 0.23008850 0.23529412
5  0.12903226 0.03552398 0.12269939 0.03676471
6  0.04955752 0.04955752 0.04964539 0.05008945
7  0.05163511 0.05507745 0.05565217 0.05545927
8  0.33333333 0.32608696 0.32258065 0.32258065
9  0.26356589 0.26562500 0.06417112 0.06428571
10 0.07329843 0.07253886 0.07291667 0.07304348

$`NAIVE BAYES`$`Mean F1 Measure`
        1         2         3         4         5         6         7         8         9 
0.0000000 0.4852095 0.4570212 0.5366996 0.6052837 0.6218733 0.6124067 0.6022094 0.6009590 
       10        11        12        13        14        15        16        17        18 
0.6044528 0.6043701 0.5993648 0.5975202 0.5937889 0.5864230 0.5872178 0.5696110 0.5713353 
       19        20        21        22        23        24        25        26        27 
0.5519592 0.5383267 0.5289809 0.5159159 0.5075664 0.4785580 0.4630757 0.4590663 0.4585804 
       28        29        30        31        32        33        34        35        36 
0.4440458 0.4315102 0.4147409 0.4069110 0.4018577 0.3909217 0.3838172 0.3740585 0.3659985 
       37        38        39        40        41        42        43        44        45 
0.3509363 0.3464562 0.3318241 0.3155393 0.2780427 0.2662540 0.2386503 0.2054442 0.2086948 
       46        47        48        49        50 
0.2097042 0.2046577 0.1916680 0.1758437 0.1656091 

$`NAIVE BAYES`$`St Dev F1 Measure`
         1          2          3          4          5          6          7          8 
0.00000000 0.10713529 0.08140235 0.08255407 0.10353273 0.05240666 0.06428242 0.07005982 
         9         10         11         12         13         14         15         16 
0.06591150 0.07972034 0.05869344 0.05228472 0.05833803 0.05670424 0.06031905 0.05692424 
        17         18         19         20         21         22         23         24 
0.06425026 0.06628321 0.05722562 0.06374054 0.06275058 0.07561996 0.07590755 0.07054332 
        25         26         27         28         29         30         31         32 
0.05682910 0.06199422 0.06340446 0.06153703 0.05253743 0.05281338 0.05497857 0.05054354 
        33         34         35         36         37         38         39         40 
0.04815572 0.05351707 0.05074861 0.05371334 0.06103906 0.05999836 0.05791154 0.06344662 
        41         42         43         44         45         46         47         48 
0.10678420 0.10070854 0.11565948 0.13486920 0.12017265 0.12243168 0.11572093 0.12339881 
        49         50 
0.11306184 0.11861986 

$`NAIVE BAYES`$`Micro Ave F1 Measure`
         1          2          3          4          5          6          7          8 
       NaN 0.49110320 0.46308725 0.54268293 0.60962567 0.62198391 0.61182519 0.59898477 
         9         10         11         12         13         14         15         16 
0.59803922 0.59952038 0.60139860 0.59673660 0.59396752 0.59038902 0.58239278 0.58426966 
        17         18         19         20         21         22         23         24 
0.56578947 0.56768559 0.55084746 0.53638254 0.52716298 0.51351351 0.50474383 0.47686833 
        25         26         27         28         29         30         31         32 
0.46232877 0.45819398 0.45723684 0.44057052 0.43010753 0.41358936 0.40571429 0.40055633 
        33         34         35         36         37         38         39         40 
0.38911565 0.38095238 0.37131882 0.36340852 0.34761905 0.34345794 0.32743363 0.31059811 
        41         42         43         44         45         46         47         48 
0.20280187 0.19648666 0.15151515 0.10633947 0.12317410 0.12397018 0.12412178 0.10660409 
        49         50 
0.10571523 0.09415205 


$SVM
$SVM$`Accuracy per Fold`
   1         2         3         4         5         6         7         8         9        10
1  0 0.9800285 0.9800285 0.9786020 0.9771755 0.9786020 0.9800285 0.9814551 0.9843081 0.9871612
2  0 0.9745763 0.9788136 0.9816384 0.9816384 0.9816384 0.9816384 0.9872881 0.9872881 0.9872881
3  0 0.9830269 0.9830269 0.9858557 0.9858557 0.9886846 0.9872702 0.9900990 0.9886846 0.9900990
4  0 0.9872881 0.9844633 0.9872881 0.9872881 0.9872881 0.9887006 0.9915254 0.9915254 0.9887006
5  0 0.9872881 0.9844633 0.9844633 0.9844633 0.9844633 0.9858757 0.9872881 0.9872881 0.9858757
6  0 0.9844413 0.9858557 0.9858557 0.9872702 0.9872702 0.9886846 0.9900990 0.9900990 0.9915134
7  0 0.9816384 0.9844633 0.9830508 0.9830508 0.9830508 0.9844633 0.9816384 0.9816384 0.9830508
8  0 0.9844413 0.9816124 0.9858557 0.9830269 0.9816124 0.9816124 0.9801980 0.9801980 0.9830269
9  0 0.9830508 0.9830508 0.9872881 0.9915254 0.9887006 0.9887006 0.9887006 0.9915254 0.9915254
10 0 0.9771755 0.9828816 0.9828816 0.9828816 0.9857347 0.9843081 0.9857347 0.9871612 0.9871612
          11        12        13        14        15        16        17        18        19
1  0.9828816 0.9843081 0.9857347 0.9857347 0.9857347 0.9857347 0.9857347 0.9843081 0.9828816
2  0.9872881 0.9858757 0.9858757 0.9844633 0.9844633 0.9844633 0.9844633 0.9844633 0.9844633
3  0.9900990 0.9858557 0.9858557 0.9858557 0.9886846 0.9886846 0.9886846 0.9886846 0.9886846
4  0.9887006 0.9901130 0.9915254 0.9901130 0.9901130 0.9887006 0.9872881 0.9872881 0.9872881
5  0.9872881 0.9872881 0.9872881 0.9887006 0.9901130 0.9901130 0.9901130 0.9901130 0.9901130
6  0.9915134 0.9900990 0.9900990 0.9915134 0.9915134 0.9915134 0.9915134 0.9915134 0.9915134
7  0.9816384 0.9816384 0.9816384 0.9816384 0.9774011 0.9774011 0.9788136 0.9774011 0.9774011
8  0.9830269 0.9830269 0.9830269 0.9830269 0.9816124 0.9801980 0.9801980 0.9801980 0.9816124
9  0.9915254 0.9915254 0.9901130 0.9901130 0.9901130 0.9901130 0.9901130 0.9901130 0.9901130
10 0.9871612 0.9857347 0.9857347 0.9857347 0.9857347 0.9857347 0.9857347 0.9828816 0.9828816
          20        21        22        23        24        25        26        27        28
1  0.9800285 0.9800285 0.9800285 0.9828816 0.9828816 0.9786020 0.9771755 0.9757489 0.9757489
2  0.9844633 0.9844633 0.9830508 0.9830508 0.9844633 0.9802260 0.9802260 0.9802260 0.9802260
3  0.9886846 0.9886846 0.9886846 0.9886846 0.9872702 0.9872702 0.9872702 0.9858557 0.9844413
4  0.9872881 0.9844633 0.9844633 0.9844633 0.9858757 0.9887006 0.9887006 0.9872881 0.9858757
5  0.9915254 0.9901130 0.9901130 0.9901130 0.9901130 0.9901130 0.9901130 0.9872881 0.9872881
6  0.9929279 0.9929279 0.9915134 0.9929279 0.9900990 0.9886846 0.9915134 0.9915134 0.9872702
7  0.9788136 0.9788136 0.9802260 0.9802260 0.9816384 0.9816384 0.9830508 0.9830508 0.9830508
8  0.9830269 0.9830269 0.9830269 0.9830269 0.9830269 0.9830269 0.9830269 0.9830269 0.9830269
9  0.9901130 0.9887006 0.9901130 0.9901130 0.9915254 0.9872881 0.9858757 0.9844633 0.9830508
10 0.9828816 0.9828816 0.9786020 0.9771755 0.9771755 0.9757489 0.9757489 0.9757489 0.9757489
          29        30        31        32        33        34        35        36        37
1  0.9757489 0.9743224 0.9743224 0.9743224 0.9743224 0.9714693 0.9714693 0.9714693 0.9714693
2  0.9802260 0.9802260 0.9802260 0.9802260 0.9802260 0.9788136 0.9788136 0.9788136 0.9788136
3  0.9858557 0.9872702 0.9858557 0.9844413 0.9844413 0.9830269 0.9830269 0.9830269 0.9830269
4  0.9844633 0.9844633 0.9844633 0.9858757 0.9858757 0.9858757 0.9872881 0.9887006 0.9887006
5  0.9872881 0.9887006 0.9887006 0.9887006 0.9887006 0.9887006 0.9887006 0.9872881 0.9887006
6  0.9872702 0.9858557 0.9858557 0.9858557 0.9872702 0.9872702 0.9872702 0.9872702 0.9872702
7  0.9830508 0.9844633 0.9844633 0.9844633 0.9844633 0.9844633 0.9844633 0.9844633 0.9844633
8  0.9787836 0.9801980 0.9801980 0.9801980 0.9801980 0.9801980 0.9787836 0.9787836 0.9787836
9  0.9816384 0.9816384 0.9816384 0.9816384 0.9816384 0.9816384 0.9816384 0.9816384 0.9816384
10 0.9757489 0.9757489 0.9757489 0.9743224 0.9743224 0.9743224 0.9743224 0.9743224 0.9743224
          38        39        40        41        42        43        44        45        46
1  0.9728959 0.9728959 0.9728959 0.9728959 0.9743224 0.9728959 0.9728959 0.9714693 0.9714693
2  0.9788136 0.9788136 0.9774011 0.9774011 0.9774011 0.9774011 0.9774011 0.9774011 0.9774011
3  0.9858557 0.9844413 0.9844413 0.9858557 0.9858557 0.9858557 0.9858557 0.9858557 0.9858557
4  0.9872881 0.9858757 0.9858757 0.9858757 0.9858757 0.9858757 0.9858757 0.9858757 0.9858757
5  0.9887006 0.9887006 0.9887006 0.9887006 0.9858757 0.9858757 0.9858757 0.9858757 0.9858757
6  0.9872702 0.9872702 0.9872702 0.9872702 0.9858557 0.9858557 0.9858557 0.9858557 0.9858557
7  0.9844633 0.9844633 0.9844633 0.9830508 0.9816384 0.9816384 0.9816384 0.9830508 0.9816384
8  0.9787836 0.9759547 0.9759547 0.9759547 0.9745403 0.9759547 0.9759547 0.9759547 0.9773692
9  0.9816384 0.9816384 0.9816384 0.9816384 0.9816384 0.9816384 0.9816384 0.9816384 0.9816384
10 0.9743224 0.9757489 0.9757489 0.9757489 0.9757489 0.9757489 0.9757489 0.9757489 0.9743224
          47        48        49        50
1  0.9728959 0.9728959 0.9743224 0.9728959
2  0.9774011 0.9774011 0.9788136 0.9788136
3  0.9858557 0.9844413 0.9830269 0.9830269
4  0.9858757 0.9858757 0.9858757 0.9858757
5  0.9858757 0.9872881 0.9887006 0.9887006
6  0.9858557 0.9844413 0.9844413 0.9844413
7  0.9816384 0.9802260 0.9802260 0.9802260
8  0.9773692 0.9759547 0.9759547 0.9773692
9  0.9816384 0.9816384 0.9816384 0.9816384
10 0.9743224 0.9743224 0.9743224 0.9743224

$SVM$`Mean Accuracy`
        1         2         3         4         5         6         7         8         9 
0.0000000 0.9822955 0.9828659 0.9842780 0.9844176 0.9847045 0.9851282 0.9864026 0.9869716 
       10        11        12        13        14        15        16        17        18 
0.9875402 0.9871123 0.9865465 0.9866892 0.9866894 0.9865483 0.9862656 0.9862656 0.9856964 
       19        20        21        22        23        24        25        26        27 
0.9856952 0.9859753 0.9854103 0.9849822 0.9852662 0.9854069 0.9841299 0.9842701 0.9834210 
       28        29        30        31        32        33        34        35        36 
0.9825728 0.9820074 0.9822887 0.9821472 0.9820044 0.9821458 0.9815778 0.9815776 0.9815776 
       37        38        39        40        41        42        43        44        45 
0.9817189 0.9820032 0.9815803 0.9814390 0.9814392 0.9808752 0.9808740 0.9808740 0.9808726 
       46        47        48        49        50 
0.9807302 0.9808728 0.9804485 0.9807322 0.9807310 

$SVM$`St Dev Accuracy`
          1           2           3           4           5           6           7           8 
0.000000000 0.004103378 0.002178112 0.002754069 0.003877318 0.003417659 0.003248564 0.004035092 
          9          10          11          12          13          14          15          16 
0.003885075 0.003040620 0.003573138 0.003227545 0.003148169 0.003285630 0.004485063 0.004572037 
         17          18          19          20          21          22          23          24 
0.004219035 0.004651500 0.004560341 0.004859484 0.004552473 0.004769170 0.004994290 0.004474386 
         25          26          27          28          29          30          31          32 
0.004952353 0.005376326 0.005062202 0.004189951 0.004340403 0.004753798 0.004607916 0.004844573 
         33          34          35          36          37          38          39          40 
0.004988035 0.005541811 0.005739190 0.005739190 0.005910176 0.005617741 0.005444156 0.005541365 
         41          42          43          44          45          46          47          48 
0.005580780 0.004968840 0.005022339 0.005022339 0.005332984 0.005336949 0.005074521 0.005095067 
         49          50 
0.004929812 0.005028097 

$SVM$`Precisions per Fold`
   1         2         3         4         5         6         7         8         9        10
1  0 0.8750000 0.8000000 0.7272727 0.6666667 0.6666667 0.6875000 0.7333333 0.7647059 0.7894737
2  0 0.7500000 0.8461538 0.7894737 0.7391304 0.7391304 0.7619048 0.8947368 0.8947368 0.8947368
3  0 1.0000000 0.8888889 0.9090909 0.8000000 0.8666667 0.8125000 0.8750000 0.8235294 0.8750000
4  0 1.0000000 0.7272727 0.7692308 0.7333333 0.7692308 0.7857143 0.9166667 0.9166667 0.7857143
5  0 0.6666667 0.5454545 0.5333333 0.5294118 0.5333333 0.5714286 0.6153846 0.6153846 0.5714286
6  0 0.9000000 0.9090909 0.9090909 0.8125000 0.8125000 0.8666667 0.8750000 0.8750000 0.8823529
7  0 0.7000000 0.7142857 0.6666667 0.6315789 0.6315789 0.6666667 0.6111111 0.6111111 0.6470588
8  0 0.9166667 0.7500000 0.7894737 0.7142857 0.7000000 0.7222222 0.7058824 0.7058824 0.8000000
9  0 0.8888889 0.8888889 0.9166667 0.9333333 0.9230769 0.9230769 0.9230769 1.0000000 1.0000000
10 0 1.0000000 1.0000000 1.0000000 1.0000000 1.0000000 1.0000000 1.0000000 1.0000000 1.0000000
          11        12        13        14        15        16        17        18        19
1  0.7000000 0.7368421 0.7777778 0.7777778 0.7777778 0.7777778 0.7777778 0.7368421 0.7222222
2  0.8947368 0.8500000 0.8500000 0.8421053 0.8421053 0.8421053 0.8421053 0.8421053 0.8421053
3  0.8750000 0.7647059 0.7647059 0.7647059 0.8666667 0.8666667 0.8666667 0.8666667 0.8666667
4  0.7857143 0.8000000 0.8125000 0.8000000 0.8000000 0.7857143 0.7692308 0.7692308 0.7692308
5  0.6000000 0.6000000 0.6000000 0.6428571 0.6666667 0.6666667 0.6666667 0.6666667 0.6666667
6  0.8421053 0.8000000 0.8000000 0.8421053 0.8421053 0.8421053 0.8421053 0.8823529 0.8823529
7  0.6111111 0.6000000 0.6000000 0.6000000 0.5238095 0.5238095 0.5500000 0.5238095 0.5238095
8  0.8000000 0.7647059 0.7647059 0.7647059 0.7222222 0.6842105 0.6842105 0.6842105 0.7222222
9  0.9333333 0.9333333 0.9285714 0.9285714 0.9285714 0.9285714 0.9285714 0.9285714 0.9285714
10 1.0000000 1.0000000 1.0000000 1.0000000 1.0000000 1.0000000 1.0000000 0.9285714 0.9285714
          20        21        22        23        24        25        26        27        28
1  0.6666667 0.6666667 0.6666667 0.7500000 0.7500000 0.7272727 0.7000000 0.7142857 0.7142857
2  0.8421053 0.8421053 0.8333333 0.8333333 0.8823529 0.9166667 0.9166667 0.9166667 0.9166667
3  0.8666667 0.8666667 0.8666667 0.8666667 0.9166667 0.9166667 0.9166667 0.8461538 0.7857143
4  0.7333333 0.6923077 0.6923077 0.6923077 0.7142857 0.8333333 0.8333333 0.8888889 0.8750000
5  0.7142857 0.6666667 0.6666667 0.6666667 0.6666667 0.6666667 0.6666667 0.6363636 0.6363636
6  0.8888889 0.8888889 0.8421053 0.8888889 0.8333333 0.8235294 0.9333333 0.9333333 0.9166667
7  0.5454545 0.5500000 0.5789474 0.5882353 0.6250000 0.6250000 0.7272727 0.7272727 0.7272727
8  0.7647059 0.7647059 0.7647059 0.7647059 0.7647059 0.7647059 0.7647059 0.8000000 0.8461538
9  0.9285714 0.9230769 0.9285714 0.9285714 1.0000000 1.0000000 1.0000000 1.0000000 1.0000000
10 0.9285714 1.0000000 1.0000000 1.0000000 1.0000000 1.0000000 1.0000000 1.0000000 1.0000000
          29        30        31        32        33        34        35        36        37
1  0.7142857 0.6250000 0.6250000 0.6666667 0.6666667 0.5000000 0.5000000 0.5000000 0.5000000
2  0.9166667 0.9166667 0.9166667 0.9166667 0.9166667 0.9090909 0.9090909 0.9090909 0.9090909
3  0.8461538 1.0000000 1.0000000 1.0000000 1.0000000 1.0000000 1.0000000 1.0000000 1.0000000
4  0.8571429 0.8571429 0.8571429 0.8750000 0.8750000 0.8750000 0.8888889 1.0000000 1.0000000
5  0.6363636 0.7000000 0.7000000 0.7000000 0.7000000 0.7500000 0.7500000 0.7142857 0.7500000
6  0.9166667 0.9090909 0.9090909 0.9090909 1.0000000 1.0000000 1.0000000 1.0000000 1.0000000
7  0.7272727 0.7500000 0.7500000 0.7500000 0.7500000 0.7500000 0.7500000 0.7500000 0.7500000
8  0.8000000 0.8888889 0.8888889 0.8888889 0.8888889 0.8888889 0.8750000 0.8750000 0.8750000
9  1.0000000 1.0000000 1.0000000 1.0000000 1.0000000 1.0000000 1.0000000 1.0000000 1.0000000
10 1.0000000 1.0000000 1.0000000 1.0000000 1.0000000 1.0000000 1.0000000 1.0000000 1.0000000
          38        39        40        41        42        43        44        45        46
1  0.6666667 0.6666667 0.6666667 0.6666667 0.7500000 0.6666667 0.6666667 0.5000000 0.5000000
2  0.9090909 0.9090909 0.9000000 0.9000000 0.9000000 0.9000000 0.9000000 0.9000000 0.9000000
3  1.0000000 1.0000000 1.0000000 1.0000000 1.0000000 1.0000000 1.0000000 1.0000000 1.0000000
4  1.0000000 0.8750000 0.8750000 0.8750000 0.8750000 0.8750000 1.0000000 1.0000000 1.0000000
5  0.7500000 0.7500000 0.7500000 0.7500000 0.6666667 0.6666667 0.6666667 0.6666667 0.6666667
6  1.0000000 1.0000000 1.0000000 1.0000000 1.0000000 1.0000000 1.0000000 1.0000000 1.0000000
7  0.7500000 0.7500000 0.7500000 0.7272727 0.6666667 0.6666667 0.6666667 0.6923077 0.6666667
8  0.8750000 0.7500000 0.7500000 0.7500000 0.7142857 0.7500000 0.7500000 0.7500000 0.7777778
9  1.0000000 1.0000000 1.0000000 1.0000000 1.0000000 1.0000000 1.0000000 1.0000000 1.0000000
10 1.0000000 1.0000000 1.0000000 1.0000000 1.0000000 1.0000000 1.0000000 1.0000000 0.8750000
          47        48        49        50
1  1.0000000 1.0000000 1.0000000 0.6666667
2  0.9000000 0.9000000 1.0000000 1.0000000
3  1.0000000 1.0000000 1.0000000 1.0000000
4  1.0000000 1.0000000 1.0000000 1.0000000
5  0.6666667 0.7142857 0.7500000 0.7500000
6  1.0000000 0.9000000 0.9000000 0.9000000
7  0.6666667 0.6363636 0.6363636 0.6363636
8  0.7777778 0.7500000 0.7500000 0.8571429
9  1.0000000 1.0000000 1.0000000 1.0000000
10 0.8750000 0.8750000 0.8750000 0.8750000

$SVM$`Mean Precisions`
        1         2         3         4         5         6         7         8         9 
0.0000000 0.8697222 0.8070036 0.8010299 0.7560240 0.7642184 0.7797680 0.8150192 0.8207017 
       10        11        12        13        14        15        16        17        18 
0.8245765 0.8042001 0.7849587 0.7898261 0.7962829 0.7969925 0.7917627 0.7927334 0.7829027 
       19        20        21        22        23        24        25        26        27 
0.7852419 0.7879250 0.7861085 0.7839971 0.7979376 0.8153011 0.8273841 0.8458645 0.8462965 
       28        29        30        31        32        33        34        35        36 
0.8418124 0.8414552 0.8646789 0.8646789 0.8706313 0.8797222 0.8672980 0.8672980 0.8748377 
       37        38        39        40        41        42        43        44        45 
0.8784091 0.8950758 0.8700758 0.8691667 0.8668939 0.8572619 0.8525000 0.8650000 0.8508974 
       46        47        48        49        50 
0.8386111 0.8886111 0.8775649 0.8911364 0.8685173 

$SVM$`St Dev Precisions`
        1         2         3         4         5         6         7         8         9 
0.0000000 0.1241877 0.1287860 0.1385435 0.1388257 0.1409696 0.1273835 0.1373531 0.1431180 
       10        11        12        13        14        15        16        17        18 
0.1379585 0.1332739 0.1267086 0.1252273 0.1190785 0.1354140 0.1382455 0.1329654 0.1314615 
       19        20        21        22        23        24        25        26        27 
0.1295235 0.1253129 0.1407265 0.1327325 0.1281970 0.1327731 0.1317935 0.1244491 0.1244542 
       28        29        30        31        32        33        34        35        36 
0.1234287 0.1224043 0.1324847 0.1324847 0.1244669 0.1307495 0.1616364 0.1616364 0.1704132 
       37        38        39        40        41        42        43        44        45 
0.1670150 0.1290605 0.1306809 0.1304107 0.1328926 0.1446214 0.1505161 0.1576153 0.1843818 
       46        47        48        49        50 
0.1785019 0.1387064 0.1341995 0.1351310 0.1410275 

$SVM$`Micro Ave Precisions`
        1         2         3         4         5         6         7         8         9 
      NaN 0.8586957 0.8017241 0.7898551 0.7454545 0.7546012 0.7721519 0.8104575 0.8152866 
       10        11        12        13        14        15        16        17        18 
0.8238994 0.8012048 0.7790698 0.7836257 0.7904192 0.7857143 0.7797619 0.7831325 0.7710843 
       19        20        21        22        23        24        25        26        27 
0.7743902 0.7771084 0.7750000 0.7707006 0.7880795 0.8013699 0.8062016 0.8333333 0.8425926 
       28        29        30        31        32        33        34        35        36 
0.8333333 0.8333333 0.8586957 0.8571429 0.8636364 0.8735632 0.8765432 0.8765432 0.8860759 
       37        38        39        40        41        42        43        44        45 
0.8875000 0.9000000 0.8765432 0.8750000 0.8750000 0.8589744 0.8589744 0.8684211 0.8684211 
       46        47        48        49        50 
0.8571429 0.8684211 0.8533333 0.8666667 0.8666667 

$SVM$`Recalls per Fold`
   1         2         3         4         5         6         7         8         9        10
1  0 0.3500000 0.4000000 0.4000000 0.4000000 0.5000000 0.5500000 0.5500000 0.6500000 0.7500000
2  0 0.3750000 0.4583333 0.6250000 0.7083333 0.7083333 0.6666667 0.7083333 0.7083333 0.7083333
3  0 0.3684211 0.4210526 0.5263158 0.6315789 0.6842105 0.6842105 0.7368421 0.7368421 0.7368421
4  0 0.4375000 0.5000000 0.6250000 0.6875000 0.6250000 0.6875000 0.6875000 0.6875000 0.6875000
5  0 0.5000000 0.5000000 0.6666667 0.7500000 0.6666667 0.6666667 0.6666667 0.6666667 0.6666667
6  0 0.4736842 0.5263158 0.5263158 0.6842105 0.6842105 0.6842105 0.7368421 0.7368421 0.7894737
7  0 0.4117647 0.5882353 0.5882353 0.7058824 0.7058824 0.7058824 0.6470588 0.6470588 0.6470588
8  0 0.5238095 0.5714286 0.7142857 0.7142857 0.6666667 0.6190476 0.5714286 0.5714286 0.5714286
9  0 0.4210526 0.4210526 0.5789474 0.7368421 0.6315789 0.6315789 0.6315789 0.6842105 0.6842105
10 0 0.3333333 0.5000000 0.5000000 0.5000000 0.5833333 0.5416667 0.5833333 0.6250000 0.6250000
          11        12        13        14        15        16        17        18        19
1  0.7000000 0.7000000 0.7000000 0.7000000 0.7000000 0.7000000 0.7000000 0.7000000 0.6500000
2  0.7083333 0.7083333 0.7083333 0.6666667 0.6666667 0.6666667 0.6666667 0.6666667 0.6666667
3  0.7368421 0.6842105 0.6842105 0.6842105 0.6842105 0.6842105 0.6842105 0.6842105 0.6842105
4  0.6875000 0.7500000 0.8125000 0.7500000 0.7500000 0.6875000 0.6250000 0.6250000 0.6250000
5  0.7500000 0.7500000 0.7500000 0.7500000 0.8333333 0.8333333 0.8333333 0.8333333 0.8333333
6  0.8421053 0.8421053 0.8421053 0.8421053 0.8421053 0.8421053 0.8421053 0.7894737 0.7894737
7  0.6470588 0.7058824 0.7058824 0.7058824 0.6470588 0.6470588 0.6470588 0.6470588 0.6470588
8  0.5714286 0.6190476 0.6190476 0.6190476 0.6190476 0.6190476 0.6190476 0.6190476 0.6190476
9  0.7368421 0.7368421 0.6842105 0.6842105 0.6842105 0.6842105 0.6842105 0.6842105 0.6842105
10 0.6250000 0.5833333 0.5833333 0.5833333 0.5833333 0.5833333 0.5833333 0.5416667 0.5416667
          20        21        22        23        24        25        26        27        28
1  0.6000000 0.6000000 0.6000000 0.6000000 0.6000000 0.4000000 0.3500000 0.2500000 0.2500000
2  0.6666667 0.6666667 0.6250000 0.6250000 0.6250000 0.4583333 0.4583333 0.4583333 0.4583333
3  0.6842105 0.6842105 0.6842105 0.6842105 0.5789474 0.5789474 0.5789474 0.5789474 0.5789474
4  0.6875000 0.5625000 0.5625000 0.5625000 0.6250000 0.6250000 0.6250000 0.5000000 0.4375000
5  0.8333333 0.8333333 0.8333333 0.8333333 0.8333333 0.8333333 0.8333333 0.5833333 0.5833333
6  0.8421053 0.8421053 0.8421053 0.8421053 0.7894737 0.7368421 0.7368421 0.7368421 0.5789474
7  0.7058824 0.6470588 0.6470588 0.5882353 0.5882353 0.5882353 0.4705882 0.4705882 0.4705882
8  0.6190476 0.6190476 0.6190476 0.6190476 0.6190476 0.6190476 0.6190476 0.5714286 0.5238095
9  0.6842105 0.6315789 0.6842105 0.6842105 0.6842105 0.5263158 0.4736842 0.4210526 0.3684211
10 0.5416667 0.5000000 0.3750000 0.3333333 0.3333333 0.2916667 0.2916667 0.2916667 0.2916667
          29        30        31        32        33        34        35        36        37
1  0.2500000 0.2500000 0.2500000 0.2000000 0.2000000 0.1000000 0.1000000 0.1000000 0.1000000
2  0.4583333 0.4583333 0.4583333 0.4583333 0.4583333 0.4166667 0.4166667 0.4166667 0.4166667
3  0.5789474 0.5263158 0.4736842 0.4210526 0.4210526 0.3684211 0.3684211 0.3684211 0.3684211
4  0.3750000 0.3750000 0.3750000 0.4375000 0.4375000 0.4375000 0.5000000 0.5000000 0.5000000
5  0.5833333 0.5833333 0.5833333 0.5833333 0.5833333 0.5000000 0.5000000 0.4166667 0.5000000
6  0.5789474 0.5263158 0.5263158 0.5263158 0.5263158 0.5263158 0.5263158 0.5263158 0.5263158
7  0.4705882 0.5294118 0.5294118 0.5294118 0.5294118 0.5294118 0.5294118 0.5294118 0.5294118
8  0.3809524 0.3809524 0.3809524 0.3809524 0.3809524 0.3809524 0.3333333 0.3333333 0.3333333
9  0.3157895 0.3157895 0.3157895 0.3157895 0.3157895 0.3157895 0.3157895 0.3157895 0.3157895
10 0.2916667 0.2916667 0.2916667 0.2500000 0.2500000 0.2500000 0.2500000 0.2500000 0.2500000
          38        39        40        41        42        43        44        45        46
1  0.1000000 0.1000000 0.1000000 0.1000000 0.1500000 0.1000000 0.1000000 0.0500000 0.0500000
2  0.4166667 0.4166667 0.3750000 0.3750000 0.3750000 0.3750000 0.3750000 0.3750000 0.3750000
3  0.4736842 0.4210526 0.4210526 0.4736842 0.4736842 0.4736842 0.4736842 0.4736842 0.4736842
4  0.4375000 0.4375000 0.4375000 0.4375000 0.4375000 0.4375000 0.3750000 0.3750000 0.3750000
5  0.5000000 0.5000000 0.5000000 0.5000000 0.3333333 0.3333333 0.3333333 0.3333333 0.3333333
6  0.5263158 0.5263158 0.5263158 0.5263158 0.4736842 0.4736842 0.4736842 0.4736842 0.4736842
7  0.5294118 0.5294118 0.5294118 0.4705882 0.4705882 0.4705882 0.4705882 0.5294118 0.4705882
8  0.3333333 0.2857143 0.2857143 0.2857143 0.2380952 0.2857143 0.2857143 0.2857143 0.3333333
9  0.3157895 0.3157895 0.3157895 0.3157895 0.3157895 0.3157895 0.3157895 0.3157895 0.3157895
10 0.2500000 0.2916667 0.2916667 0.2916667 0.2916667 0.2916667 0.2916667 0.2916667 0.2916667
          47        48        49        50
1  0.0500000 0.0500000 0.1000000 0.1000000
2  0.3750000 0.3750000 0.3750000 0.3750000
3  0.4736842 0.4210526 0.3684211 0.3684211
4  0.3750000 0.3750000 0.3750000 0.3750000
5  0.3333333 0.4166667 0.5000000 0.5000000
6  0.4736842 0.4736842 0.4736842 0.4736842
7  0.4705882 0.4117647 0.4117647 0.4117647
8  0.3333333 0.2857143 0.2857143 0.2857143
9  0.3157895 0.3157895 0.3157895 0.3157895
10 0.2916667 0.2916667 0.2916667 0.2916667

$SVM$`Mean Recalls`
        1         2         3         4         5         6         7         8         9 
0.0000000 0.4194565 0.4886418 0.5750767 0.6518633 0.6455882 0.6437430 0.6519584 0.6713882 
       10        11        12        13        14        15        16        17        18 
0.6866514 0.7005110 0.7079755 0.7089623 0.6985456 0.7009966 0.6947466 0.6884966 0.6790668 
       19        20        21        22        23        24        25        26        27 
0.6740668 0.6864623 0.6586501 0.6472466 0.6371976 0.6276581 0.5657722 0.5437443 0.4862192 
       28        29        30        31        32        33        34        35        36 
0.4541547 0.4283558 0.4237119 0.4184487 0.4102689 0.4102689 0.3825057 0.3839938 0.3756605 
       37        38        39        40        41        42        43        44        45 
0.3839938 0.3882701 0.3824117 0.3782451 0.3776259 0.3559341 0.3556960 0.3494460 0.3503284 
       46        47        48        49        50 
0.3492079 0.3492079 0.3416339 0.3497040 0.3497040 

$SVM$`St Dev Recalls`
         1          2          3          4          5          6          7          8 
0.00000000 0.06457307 0.06367577 0.09066684 0.11356890 0.06423571 0.05779981 0.06757502 
         9         10         11         12         13         14         15         16 
0.05117815 0.06379265 0.07497411 0.07182766 0.07839642 0.07225071 0.08500892 0.08328588 
        17         18         19         20         21         22         23         24 
0.08618475 0.08370686 0.08381078 0.09402263 0.10810372 0.13339724 0.14416395 0.13461549 
        25         26         27         28         29         30         31         32 
0.15761854 0.16776179 0.14422624 0.11957424 0.12486247 0.11660259 0.11257498 0.12492939 
        33         34         35         36         37         38         39         40 
0.12492939 0.13427917 0.13962329 0.13431621 0.13962329 0.13843427 0.13483554 0.13430211 
        41         42         43         44         45         46         47         48 
0.13135267 0.11077494 0.11765177 0.11443950 0.13458440 0.12539250 0.12539250 0.11919240 
        49         50 
0.11274697 0.11274697 

$SVM$`Micro Ave Recalls`
        1         2         3         4         5         6         7         8         9 
      NaN 0.4136126 0.4869110 0.5706806 0.6439791 0.6439791 0.6387435 0.6492147 0.6701571 
       10        11        12        13        14        15        16        17        18 
0.6858639 0.6963351 0.7015707 0.7015707 0.6910995 0.6910995 0.6858639 0.6806283 0.6701571 
       19        20        21        22        23        24        25        26        27 
0.6649215 0.6753927 0.6492147 0.6335079 0.6230366 0.6125654 0.5445026 0.5235602 0.4764398 
       28        29        30        31        32        33        34        35        36 
0.4450262 0.4188482 0.4136126 0.4083770 0.3979058 0.3979058 0.3717277 0.3717277 0.3664921 
       37        38        39        40        41        42        43        44        45 
0.3717277 0.3769634 0.3717277 0.3664921 0.3664921 0.3507853 0.3507853 0.3455497 0.3455497 
       46        47        48        49        50 
0.3455497 0.3455497 0.3350785 0.3403141 0.3403141 

$SVM$`F1 Measure`
   1         2         3         4         5         6         7         8         9        10
1  0 0.5000000 0.5333333 0.5161290 0.5000000 0.5714286 0.6111111 0.6285714 0.7027027 0.7692308
2  0 0.5000000 0.5945946 0.6976744 0.7234043 0.7234043 0.7111111 0.7906977 0.7906977 0.7906977
3  0 0.5384615 0.5714286 0.6666667 0.7058824 0.7647059 0.7428571 0.8000000 0.7777778 0.8000000
4  0 0.6086957 0.5925926 0.6896552 0.7096774 0.6896552 0.7333333 0.7857143 0.7857143 0.7333333
5  0 0.5714286 0.5217391 0.5925926 0.6206897 0.5925926 0.6153846 0.6400000 0.6400000 0.6153846
6  0 0.6206897 0.6666667 0.6666667 0.7428571 0.7428571 0.7647059 0.8000000 0.8000000 0.8333333
7  0 0.5185185 0.6451613 0.6250000 0.6666667 0.6666667 0.6857143 0.6285714 0.6285714 0.6470588
8  0 0.6666667 0.6486486 0.7500000 0.7142857 0.6829268 0.6666667 0.6315789 0.6315789 0.6666667
9  0 0.5714286 0.5714286 0.7096774 0.8235294 0.7500000 0.7500000 0.7500000 0.8125000 0.8125000
10 0 0.5000000 0.6666667 0.6666667 0.6666667 0.7368421 0.7027027 0.7368421 0.7692308 0.7692308
          11        12        13        14        15        16        17        18        19
1  0.7000000 0.7179487 0.7368421 0.7368421 0.7368421 0.7368421 0.7368421 0.7179487 0.6842105
2  0.7906977 0.7727273 0.7727273 0.7441860 0.7441860 0.7441860 0.7441860 0.7441860 0.7441860
3  0.8000000 0.7222222 0.7222222 0.7222222 0.7647059 0.7647059 0.7647059 0.7647059 0.7647059
4  0.7333333 0.7741935 0.8125000 0.7741935 0.7741935 0.7333333 0.6896552 0.6896552 0.6896552
5  0.6666667 0.6666667 0.6666667 0.6923077 0.7407407 0.7407407 0.7407407 0.7407407 0.7407407
6  0.8421053 0.8205128 0.8205128 0.8421053 0.8421053 0.8421053 0.8421053 0.8333333 0.8333333
7  0.6285714 0.6486486 0.6486486 0.6486486 0.5789474 0.5789474 0.5945946 0.5789474 0.5789474
8  0.6666667 0.6842105 0.6842105 0.6842105 0.6666667 0.6500000 0.6500000 0.6500000 0.6666667
9  0.8235294 0.8235294 0.7878788 0.7878788 0.7878788 0.7878788 0.7878788 0.7878788 0.7878788
10 0.7692308 0.7368421 0.7368421 0.7368421 0.7368421 0.7368421 0.7368421 0.6842105 0.6842105
          20        21        22        23        24        25        26        27        28
1  0.6315789 0.6315789 0.6315789 0.6666667 0.6666667 0.5161290 0.4666667 0.3703704 0.3703704
2  0.7441860 0.7441860 0.7142857 0.7142857 0.7317073 0.6111111 0.6111111 0.6111111 0.6111111
3  0.7647059 0.7647059 0.7647059 0.7647059 0.7096774 0.7096774 0.7096774 0.6875000 0.6666667
4  0.7096774 0.6206897 0.6206897 0.6206897 0.6666667 0.7142857 0.7142857 0.6400000 0.5833333
5  0.7692308 0.7407407 0.7407407 0.7407407 0.7407407 0.7407407 0.7407407 0.6086957 0.6086957
6  0.8648649 0.8648649 0.8421053 0.8648649 0.8108108 0.7777778 0.8235294 0.8235294 0.7096774
7  0.6153846 0.5945946 0.6111111 0.5882353 0.6060606 0.6060606 0.5714286 0.5714286 0.5714286
8  0.6842105 0.6842105 0.6842105 0.6842105 0.6842105 0.6842105 0.6842105 0.6666667 0.6470588
9  0.7878788 0.7500000 0.7878788 0.7878788 0.8125000 0.6896552 0.6428571 0.5925926 0.5384615
10 0.6842105 0.6666667 0.5454545 0.5000000 0.5000000 0.4516129 0.4516129 0.4516129 0.4516129
          29        30        31        32        33        34        35        36        37
1  0.3703704 0.3571429 0.3571429 0.3076923 0.3076923 0.1666667 0.1666667 0.1666667 0.1666667
2  0.6111111 0.6111111 0.6111111 0.6111111 0.6111111 0.5714286 0.5714286 0.5714286 0.5714286
3  0.6875000 0.6896552 0.6428571 0.5925926 0.5925926 0.5384615 0.5384615 0.5384615 0.5384615
4  0.5217391 0.5217391 0.5217391 0.5833333 0.5833333 0.5833333 0.6400000 0.6666667 0.6666667
5  0.6086957 0.6363636 0.6363636 0.6363636 0.6363636 0.6000000 0.6000000 0.5263158 0.6000000
6  0.7096774 0.6666667 0.6666667 0.6666667 0.6896552 0.6896552 0.6896552 0.6896552 0.6896552
7  0.5714286 0.6206897 0.6206897 0.6206897 0.6206897 0.6206897 0.6206897 0.6206897 0.6206897
8  0.5161290 0.5333333 0.5333333 0.5333333 0.5333333 0.5333333 0.4827586 0.4827586 0.4827586
9  0.4800000 0.4800000 0.4800000 0.4800000 0.4800000 0.4800000 0.4800000 0.4800000 0.4800000
10 0.4516129 0.4516129 0.4516129 0.4000000 0.4000000 0.4000000 0.4000000 0.4000000 0.4000000
          38        39        40        41        42        43        44         45         46
1  0.1739130 0.1739130 0.1739130 0.1739130 0.2500000 0.1739130 0.1739130 0.09090909 0.09090909
2  0.5714286 0.5714286 0.5294118 0.5294118 0.5294118 0.5294118 0.5294118 0.52941176 0.52941176
3  0.6428571 0.5925926 0.5925926 0.6428571 0.6428571 0.6428571 0.6428571 0.64285714 0.64285714
4  0.6086957 0.5833333 0.5833333 0.5833333 0.5833333 0.5833333 0.5454545 0.54545455 0.54545455
5  0.6000000 0.6000000 0.6000000 0.6000000 0.4444444 0.4444444 0.4444444 0.44444444 0.44444444
6  0.6896552 0.6896552 0.6896552 0.6896552 0.6428571 0.6428571 0.6428571 0.64285714 0.64285714
7  0.6206897 0.6206897 0.6206897 0.5714286 0.5517241 0.5517241 0.5517241 0.60000000 0.55172414
8  0.4827586 0.4137931 0.4137931 0.4137931 0.3571429 0.4137931 0.4137931 0.41379310 0.46666667
9  0.4800000 0.4800000 0.4800000 0.4800000 0.4800000 0.4800000 0.4800000 0.48000000 0.48000000
10 0.4000000 0.4516129 0.4516129 0.4516129 0.4516129 0.4516129 0.4516129 0.45161290 0.43750000
          47        48        49        50
1  0.0952381 0.0952381 0.1818182 0.1739130
2  0.5294118 0.5294118 0.5454545 0.5454545
3  0.6428571 0.5925926 0.5384615 0.5384615
4  0.5454545 0.5454545 0.5454545 0.5454545
5  0.4444444 0.5263158 0.6000000 0.6000000
6  0.6428571 0.6206897 0.6206897 0.6206897
7  0.5517241 0.5000000 0.5000000 0.5000000
8  0.4666667 0.4137931 0.4137931 0.4285714
9  0.4800000 0.4800000 0.4800000 0.4800000
10 0.4375000 0.4375000 0.4375000 0.4375000

$SVM$`Mean F1 Measure`
        1         2         3         4         5         6         7         8         9 
0.0000000 0.5595889 0.6012260 0.6580729 0.6873659 0.6921079 0.6983587 0.7191976 0.7338774 
       10        11        12        13        14        15        16        17        18 
0.7437436 0.7420801 0.7367502 0.7389051 0.7369437 0.7373109 0.7315582 0.7287551 0.7191607 
       19        20        21        22        23        24        25        26        27 
0.7174535 0.7255928 0.7062238 0.6942761 0.6932278 0.6929041 0.6501261 0.6416120 0.6023507 
       28        29        30        31        32        33        34        35        36 
0.5758416 0.5528264 0.5568314 0.5521516 0.5431783 0.5454771 0.5183568 0.5189660 0.5142643 
       37        38        39        40        41        42        43        44        45 
0.5216327 0.5269998 0.5177018 0.5135002 0.5136005 0.4933384 0.4913947 0.4876068 0.4841340 
       46        47        48        49        50 
0.4831825 0.4836154 0.4740996 0.4863172 0.4870045 

$SVM$`St Dev F1 Measure`
         1          2          3          4          5          6          7          8 
0.00000000 0.05838230 0.05329795 0.06619034 0.08491336 0.06615001 0.05386682 0.07762474 
         9         10         11         12         13         14         15         16 
0.07526662 0.07549512 0.07393721 0.06077438 0.05987147 0.05565695 0.07131999 0.07206171 
        17         18         19         20         21         22         23         24 
0.06982447 0.07261805 0.07197512 0.07580589 0.08201248 0.09228345 0.10574451 0.09338494 
        25         26         27         28         29         30         31         32 
0.10312868 0.11888956 0.12446758 0.10147824 0.10580638 0.10629551 0.10067985 0.11481969 
        33         34         35         36         37         38         39         40 
0.11775932 0.14655804 0.15089646 0.15105569 0.15348646 0.15187718 0.14701740 0.14590753 
        41         42         43         44         45         46         47         48 
0.14679717 0.12454064 0.13749859 0.13518672 0.16050093 0.15615297 0.15494598 0.14743165 
        49         50 
0.12529204 0.12659194 

$SVM$`Micro Ave F1 Measure`
        1         2         3         4         5         6         7         8         9 
      NaN 0.5583039 0.6058632 0.6626140 0.6910112 0.6949153 0.6991404 0.7209302 0.7356322 
       10        11        12        13        14        15        16        17        18 
0.7485714 0.7450980 0.7382920 0.7403315 0.7374302 0.7353760 0.7298050 0.7282913 0.7170868 
       19        20        21        22        23        24        25        26        27 
0.7154930 0.7226891 0.7065527 0.6954023 0.6959064 0.6943620 0.6500000 0.6430868 0.6086957 
       28        29        30        31        32        33        34        35        36 
0.5802048 0.5574913 0.5583039 0.5531915 0.5448029 0.5467626 0.5220588 0.5220588 0.5185185 
       37        38        39        40        41        42        43        44        45 
0.5239852 0.5313653 0.5220588 0.5166052 0.5166052 0.4981413 0.4981413 0.4943820 0.4943820 
       46        47        48        49        50 
0.4925373 0.4943820 0.4812030 0.4887218 0.4887218 

