> ig_9
$`NAIVE BAYES`
$`NAIVE BAYES`$`Accuracy per Fold`
   1         2         3         4         5         6         7         8         9        10
1  0 0.9828816 0.9743224 0.9757489 0.9786020 0.9743224 0.9771755 0.9743224 0.9743224 0.9700428
2  0 0.9774011 0.9731638 0.9703390 0.9689266 0.9661017 0.9689266 0.9731638 0.9675141 0.9675141
3  0 0.9816124 0.9745403 0.9618105 0.9646393 0.9603960 0.9603960 0.9632249 0.9618105 0.9589816
4  0 0.9858757 0.9788136 0.9788136 0.9759887 0.9745763 0.9745763 0.9646893 0.9632768 0.9632768
5  0 0.9717514 0.9604520 0.9548023 0.9435028 0.9533898 0.9519774 0.9477401 0.9449153 0.9449153
6  0 0.9787836 0.9674682 0.9618105 0.9533239 0.9476662 0.9504950 0.9504950 0.9533239 0.9533239
7  0 0.9745763 0.9632768 0.9618644 0.9562147 0.9562147 0.9590395 0.9590395 0.9562147 0.9590395
8  0 0.9844413 0.9688826 0.9632249 0.9618105 0.9632249 0.9618105 0.9646393 0.9618105 0.9618105
9  0 0.9816384 0.9745763 0.9689266 0.9703390 0.9717514 0.9661017 0.9661017 0.9604520 0.9632768
10 0 0.9771755 0.9657632 0.9686163 0.9757489 0.9771755 0.9714693 0.9643367 0.9657632 0.9572040
          11        12        13        14        15        16        17        18        19
1  0.9714693 0.9714693 0.9700428 0.9700428 0.9671897 0.9657632 0.9614836 0.9586305 0.9529244
2  0.9646893 0.9618644 0.9618644 0.9632768 0.9562147 0.9562147 0.9519774 0.9505650 0.9420904
3  0.9660537 0.9632249 0.9646393 0.9618105 0.9646393 0.9646393 0.9589816 0.9589816 0.9462518
4  0.9618644 0.9618644 0.9646893 0.9618644 0.9618644 0.9590395 0.9576271 0.9576271 0.9463277
5  0.9420904 0.9449153 0.9406780 0.9406780 0.9378531 0.9364407 0.9364407 0.9293785 0.9180791
6  0.9533239 0.9504950 0.9504950 0.9519095 0.9504950 0.9434229 0.9363508 0.9193777 0.9165488
7  0.9646893 0.9618644 0.9618644 0.9618644 0.9646893 0.9618644 0.9618644 0.9590395 0.9491525
8  0.9589816 0.9561528 0.9575672 0.9547383 0.9547383 0.9547383 0.9490806 0.9462518 0.9420085
9  0.9604520 0.9632768 0.9632768 0.9632768 0.9618644 0.9618644 0.9590395 0.9548023 0.9435028
10 0.9600571 0.9600571 0.9600571 0.9586305 0.9514979 0.9514979 0.9457917 0.9400856 0.9343795
          20        21        22        23        24        25        26        27        28
1  0.9429387 0.9272468 0.9101284 0.8858773 0.8487874 0.8673324 0.8530670 0.8502140 0.8573466
2  0.9350282 0.9279661 0.9180791 0.8968927 0.8771186 0.8460452 0.1355932 0.8079096 0.1440678
3  0.9377652 0.9292786 0.9038190 0.8882603 0.8656294 0.8401697 0.8104668 0.8231966 0.8189533
4  0.9406780 0.9307910 0.9194915 0.8983051 0.8898305 0.8714689 0.8460452 0.8192090 0.8333333
5  0.9081921 0.8968927 0.8841808 0.8686441 0.8474576 0.8502825 0.8460452 0.8432203 0.8389831
6  0.8995757 0.8727016 0.8302687 0.1428571 0.7991513 0.1541726 0.1541726 0.1555870 0.1598303
7  0.9505650 0.9449153 0.9364407 0.9237288 0.9067797 0.8714689 0.8432203 0.8573446 0.8460452
8  0.9420085 0.9321075 0.9222065 0.9080622 0.9080622 0.8925035 0.8684583 0.8429986 0.8543140
9  0.9336158 0.9223164 0.9067797 0.8940678 0.8742938 0.8827684 0.8629944 0.8629944 0.8629944
10 0.9272468 0.9072753 0.9029957 0.8858773 0.8887304 0.8830243 0.8773181 0.8701854 0.8673324
          29        30        31        32        33        34        35        36        37
1  0.8630528 0.8573466 0.8701854 0.8573466 0.8587732 0.8502140 0.8373752 0.8388017 0.8302425
2  0.1440678 0.7909605 0.1581921 0.1596045 0.1596045 0.1723164 0.1737288 0.1737288 0.1836158
3  0.8090523 0.8118812 0.8132956 0.8090523 0.8175389 0.8076379 0.8062235 0.8033946 0.7977369
4  0.8192090 0.8206215 0.8220339 0.8206215 0.8022599 0.7994350 0.7966102 0.7923729 0.7838983
5  0.8347458 0.8389831 0.8347458 0.8347458 0.8389831 0.8375706 0.8262712 0.8234463 0.8121469
6  0.7878359 0.7680339 0.7623762 0.1768034 0.1782178 0.1796322 0.1923621 0.1852900 0.1881188
7  0.8305085 0.8333333 0.8305085 0.8389831 0.8177966 0.8163842 0.8036723 0.8036723 0.7838983
8  0.8444130 0.8401697 0.8415842 0.8203678 0.8246110 0.8189533 0.8161245 0.8175389 0.7821782
9  0.8601695 0.8644068 0.8587571 0.8587571 0.8516949 0.8446328 0.8418079 0.8403955 0.8403955
10 0.8730385 0.8744650 0.8687589 0.8630528 0.8616262 0.8559201 0.8573466 0.8559201 0.8245364
          38        39        40        41        42        43        44        45        46
1  0.8102710 0.1811698 0.7760342 0.1726106 0.1540656 0.1540656 0.1469330 0.1512126 0.1340942
2  0.1807910 0.1850282 0.1935028 0.1807910 0.1652542 0.1497175 0.1525424 0.1539548 0.1497175
3  0.7934936 0.7949081 0.7807638 0.7439887 0.7553041 0.1923621 0.1824611 0.1626591 0.1640736
4  0.1624294 0.1624294 0.1793785 0.1836158 0.1723164 0.1723164 0.1666667 0.1666667 0.1751412
5  0.7966102 0.7951977 0.7528249 0.7598870 0.7401130 0.1822034 0.1822034 0.1864407 0.1906780
6  0.1909477 0.1838755 0.1640736 0.1626591 0.1654880 0.1584158 0.1513437 0.1555870 0.1584158
7  0.7796610 0.2457627 0.2528249 0.2598870 0.2598870 0.2372881 0.2372881 0.2429379 0.2415254
8  0.7765205 0.7793494 0.2079208 0.1909477 0.1937765 0.1838755 0.1852900 0.1711457 0.1584158
9  0.8079096 0.1878531 0.7740113 0.1864407 0.1694915 0.1680791 0.1694915 0.1723164 0.1610169
10 0.8245364 0.7874465 0.7860200 0.7674750 0.1925820 0.1925820 0.1997147 0.2025678 0.2382311
          47        48        49        50
1  0.1398003 0.1398003 0.1455064 0.1669044
2  0.1412429 0.1426554 0.1426554 0.1440678
3  0.1654880 0.1683168 0.1471004 0.1541726
4  0.1709040 0.1709040 0.1737288 0.1737288
5  0.2062147 0.2132768 0.2132768 0.2104520
6  0.1612447 0.1824611 0.1768034 0.1782178
7  0.2316384 0.2330508 0.2372881 0.2387006
8  0.1612447 0.1612447 0.1669024 0.1881188
9  0.1638418 0.1680791 0.1680791 0.1836158
10 0.2353780 0.2353780 0.2382311 0.2396576

$`NAIVE BAYES`$`Mean Accuracy`
        1         2         3         4         5         6         7         8         9 
0.0000000 0.9796137 0.9701259 0.9665957 0.9649096 0.9644819 0.9641968 0.9627753 0.9609403 
       10        11        12        13        14        15        16        17        18 
0.9599385 0.9603671 0.9595184 0.9595174 0.9588092 0.9571046 0.9555485 0.9518637 0.9474740 
       19        20        21        22        23        24        25        26        27 
0.9391265 0.9317614 0.9191491 0.9034390 0.8192573 0.8705841 0.7959236 0.7097381 0.7732860 
       28        29        30        31        32        33        34        35        36 
0.7083200 0.7666093 0.8300202 0.7660438 0.7039335 0.7011106 0.6982697 0.6951522 0.6934561 
       37        38        39        40        41        42        43        44        45 
0.6826768 0.6123170 0.4303020 0.4867355 0.3608303 0.2968278 0.1790906 0.1773935 0.1765488 
       46        47        48        49        50 
0.1771310 0.1776997 0.1815167 0.1809572 0.1877636 

$`NAIVE BAYES`$`St Dev Accuracy`
          1           2           3           4           5           6           7           8 
0.000000000 0.004472296 0.005866523 0.007266476 0.011309244 0.010042968 0.009060643 0.008517415 
          9          10          11          12          13          14          15          16 
0.008096029 0.007179695 0.008033742 0.007404881 0.008362204 0.008074247 0.008903516 0.009478621 
         17          18          19          20          21          22          23          24 
0.009724417 0.013864149 0.012494678 0.016072701 0.021126627 0.029239167 0.238109945 0.032673500 
         25          26          27          28          29          30          31          32 
0.226136342 0.298277323 0.217950650 0.293610276 0.220287128 0.033139701 0.215880215 0.282952347 
         33          34          35          36          37          38          39          40 
0.281189460 0.275900687 0.270587056 0.271574215 0.262639990 0.300074213 0.309662323 0.303692972 
         41          42          43          44          45          46          47          48 
0.274751517 0.239493462 0.025519722 0.027076628 0.028110576 0.036211856 0.034550486 0.034472634 
         49          50 
0.036210785 0.032626747 

$`NAIVE BAYES`$`Precisions per Fold`
   1         2         3         4         5         6         7         8         9        10
1  0 0.5833333 0.4705882 0.4848485 0.5172414 0.4666667 0.5000000 0.4687500 0.4687500 0.4285714
2  0 0.5294118 0.4864865 0.4615385 0.4500000 0.4285714 0.4500000 0.4864865 0.4390244 0.4390244
3  0 0.5357143 0.4545455 0.3571429 0.3684211 0.3414634 0.3414634 0.3589744 0.3500000 0.3333333
4  0 0.6428571 0.5454545 0.5483871 0.5151515 0.5000000 0.5000000 0.4146341 0.4047619 0.4047619
5  0 0.5000000 0.4090909 0.3750000 0.3148148 0.3555556 0.3478261 0.3111111 0.3061224 0.3137255
6  0 0.6052632 0.5000000 0.4583333 0.4000000 0.3750000 0.3846154 0.3846154 0.4000000 0.4038462
7  0 0.5151515 0.4146341 0.4047619 0.3695652 0.3695652 0.3809524 0.3809524 0.3636364 0.3809524
8  0 0.7179487 0.5600000 0.5185185 0.5094340 0.5200000 0.5098039 0.5306122 0.5098039 0.5098039
9  0 0.5714286 0.4848485 0.4324324 0.4444444 0.4545455 0.4054054 0.4054054 0.3658537 0.3846154
10 0 0.6000000 0.5000000 0.5227273 0.6000000 0.6250000 0.5555556 0.4878049 0.5000000 0.4347826
          11        12        13        14        15        16        17        18        19
1  0.4411765 0.4411765 0.4285714 0.4285714 0.4054054 0.3947368 0.3658537 0.3488372 0.3191489
2  0.4146341 0.3953488 0.3953488 0.4090909 0.3673469 0.3673469 0.3461538 0.3396226 0.3050847
3  0.3783784 0.3428571 0.3684211 0.3500000 0.3684211 0.3684211 0.3250000 0.3333333 0.2745098
4  0.3902439 0.3902439 0.4146341 0.3953488 0.3953488 0.3777778 0.3695652 0.3695652 0.3148148
5  0.3018868 0.3207547 0.3035714 0.3035714 0.2931034 0.2881356 0.2881356 0.2656250 0.2361111
6  0.4038462 0.3888889 0.3888889 0.3962264 0.3888889 0.3606557 0.3333333 0.2820513 0.2804878
7  0.4250000 0.4047619 0.4047619 0.4047619 0.4250000 0.4047619 0.4047619 0.3863636 0.3333333
8  0.4905660 0.4716981 0.4800000 0.4629630 0.4629630 0.4629630 0.4310345 0.4137931 0.3934426
9  0.3658537 0.3846154 0.3846154 0.3846154 0.3750000 0.3750000 0.3571429 0.3333333 0.2830189
10 0.4545455 0.4545455 0.4545455 0.4444444 0.4000000 0.4000000 0.3703704 0.3448276 0.3281250
          20        21        22         23        24         25         26         27         28
1  0.2777778 0.2307692 0.2025316 0.16666667 0.1311475 0.14678899 0.13445378 0.13223140 0.13793103
2  0.2812500 0.2608696 0.2368421 0.19780220 0.1714286 0.13600000 0.02707006 0.11184211 0.02733119
3  0.2456140 0.2222222 0.1728395 0.15957447 0.1363636 0.11718750 0.10067114 0.10714286 0.10489510
4  0.2931034 0.2615385 0.2400000 0.20000000 0.1875000 0.16513761 0.14173228 0.12328767 0.13235294
5  0.2222222 0.2022472 0.1900000 0.17117117 0.1562500 0.15322581 0.14960630 0.14728682 0.14393939
6  0.2446809 0.2035398 0.1608392 0.03656598 0.1393939 0.03703704 0.03703704 0.03709677 0.03727715
7  0.3400000 0.3148148 0.2833333 0.24637681 0.2098765 0.16037736 0.13492063 0.14655172 0.13709677
8  0.3934426 0.3529412 0.3200000 0.28735632 0.2873563 0.26000000 0.22222222 0.19259259 0.20472441
9  0.2500000 0.2285714 0.1975309 0.17777778 0.1538462 0.16326531 0.14912281 0.14912281 0.14912281
10 0.3098592 0.2643678 0.2608696 0.23076923 0.2300000 0.22115385 0.21296296 0.20353982 0.20000000
           29        30         31         32         33         34         35         36
1  0.14285714 0.1379310 0.14953271 0.13793103 0.13913043 0.13223140 0.12307692 0.12403101
2  0.02733119 0.1036585 0.02777778 0.02782324 0.02782324 0.02666667 0.02671119 0.02671119
3  0.10000000 0.1013514 0.10204082 0.10000000 0.10416667 0.09933775 0.09868421 0.09740260
4  0.12328767 0.1241379 0.12500000 0.12413793 0.11392405 0.11250000 0.11111111 0.10909091
5  0.14598540 0.1439394 0.14074074 0.14074074 0.14393939 0.14814815 0.13475177 0.13793103
6  0.13294798 0.1229947 0.12041885 0.03801653 0.03807947 0.03814262 0.03872054 0.03839733
7  0.12592593 0.1278195 0.12592593 0.13178295 0.11805556 0.11724138 0.11038961 0.11038961
8  0.19402985 0.1897810 0.19117647 0.17218543 0.17567568 0.17105263 0.16883117 0.16993464
9  0.14655172 0.1504425 0.14529915 0.14529915 0.13934426 0.13385827 0.13178295 0.13076923
10 0.20720721 0.2090909 0.20175439 0.19491525 0.19327731 0.18699187 0.18852459 0.18699187
           37         38         39         40         41         42         43         44
1  0.11851852 0.10738255 0.02711864 0.09248555 0.02684564 0.02627258 0.02627258 0.02605863
2  0.02702703 0.02693603 0.02707276 0.02896082 0.02852349 0.02800659 0.02750809 0.02759740
3  0.09493671 0.09316770 0.09375000 0.08823529 0.07653061 0.07978723 0.02559727 0.02529511
4  0.10526316 0.02635914 0.02635914 0.02689076 0.02702703 0.02666667 0.02666667 0.02649007
5  0.13071895 0.12195122 0.12121212 0.10256410 0.10526316 0.09803922 0.03338898 0.03338898
6  0.03852596 0.03865546 0.03833333 0.03745928 0.03739837 0.03752039 0.03721683 0.03691814
7  0.10119048 0.09941520 0.03096539 0.03125000 0.03153989 0.03153989 0.03063063 0.03063063
8  0.14606742 0.14285714 0.14444444 0.04452055 0.04362416 0.04377104 0.04326123 0.04333333
9  0.13076923 0.11111111 0.02871622 0.09604520 0.02866779 0.02809917 0.02805281 0.02809917
10 0.15862069 0.15862069 0.13450292 0.13372093 0.12432432 0.03911565 0.03911565 0.03945111
           45         46         47         48         49         50
1  0.02618658 0.02568218 0.02584814 0.02584814 0.02601626 0.02666667
2  0.02764228 0.02750809 0.02724359 0.02728732 0.02728732 0.02733119
3  0.02471170 0.02475248 0.02479339 0.02487562 0.02427184 0.02446982
4  0.02649007 0.02675585 0.02662230 0.02662230 0.02671119 0.02671119
5  0.03355705 0.03372681 0.03436426 0.03466205 0.03466205 0.03454231
6  0.03709677 0.03721683 0.03733766 0.03826955 0.03801653 0.03807947
7  0.03085299 0.03079710 0.03041145 0.03046595 0.03063063 0.03068592
8  0.04262295 0.04200323 0.04213938 0.04213938 0.04241436 0.04347826
9  0.02819237 0.02782324 0.02791461 0.02805281 0.02805281 0.02857143
10 0.03958692 0.03971119 0.03956835 0.03956835 0.03971119 0.03978300

$`NAIVE BAYES`$`Mean Precisions`
         1          2          3          4          5          6          7          8 
0.00000000 0.58011085 0.48256483 0.45636904 0.44890724 0.44363677 0.43756221 0.42293464 
         9         10         11         12         13         14         15         16 
0.41079527 0.40334170 0.40661310 0.39948908 0.40233585 0.39795937 0.38814775 0.37997988 
        17         18         19         20         21         22         23         24 
0.35913513 0.34173523 0.30680770 0.28579501 0.25418817 0.22647862 0.18740606 0.18031627 
        25         26         27         28         29         30         31         32 
0.15601735 0.13097992 0.13506946 0.12746708 0.13461241 0.14111469 0.13296668 0.12128323 
        33         34         35         36         37         38         39         40 
0.11934161 0.11661707 0.11325841 0.11316494 0.10516381 0.09264563 0.06724750 0.06821325 
        41         42         43         44         45         46         47         48 
0.05297445 0.04388184 0.03177107 0.03172626 0.03169397 0.03159770 0.03162431 0.03177915 
        49         50 
0.03177742 0.03203193 

$`NAIVE BAYES`$`St Dev Precisions`
          1           2           3           4           5           6           7           8 
0.000000000 0.066021271 0.048900586 0.064358345 0.087379984 0.088927195 0.075588504 0.068429173 
          9          10          11          12          13          14          15          16 
0.067465996 0.055796250 0.052328435 0.046967450 0.048363532 0.045814454 0.044063352 0.043780457 
         17          18          19          20          21          22          23          24 
0.040243471 0.044119948 0.042403933 0.051501117 0.048441999 0.050967840 0.066606958 0.049703946 
         25          26          27          28          29          30          31          32 
0.059036334 0.063601921 0.046595925 0.058563393 0.049502030 0.034755805 0.048187930 0.053213093 
         33          34          35          36          37          38          39          40 
0.052996016 0.051657362 0.050471576 0.050609348 0.043055706 0.047097489 0.050144786 0.038525051 
         41          42          43          44          45          46          47          48 
0.036076979 0.024822265 0.006199855 0.006293037 0.006235662 0.006210367 0.006265368 0.006356604 
         49          50 
0.006445299 0.006533146 

$`NAIVE BAYES`$`Micro Ave Precisions`
         1          2          3          4          5          6          7          8 
       NaN 0.58231707 0.48370927 0.45454545 0.43961353 0.43488943 0.43276284 0.42168675 
         9         10         11         12         13         14         15         16 
0.40930233 0.40362812 0.40596330 0.39954338 0.40045249 0.39689579 0.38660907 0.37815126 
        17         18         19         20         21         22         23         24 
0.35800000 0.33709981 0.30471380 0.28153846 0.24899058 0.21925754 0.13073238 0.17395264 
        25         26         27         28         29         30         31         32 
0.11699507 0.08542039 0.10694289 0.08504007 0.10457516 0.13790614 0.10391730 0.08388230 
        33         34         35         36         37         38         39         40 
0.08315194 0.08243418 0.08130081 0.08124202 0.07869798 0.06470387 0.04494649 0.04985568 
        41         42         43         44         45         46         47         48 
0.04044274 0.03691471 0.03177258 0.03170895 0.03167723 0.03154206 0.03156313 0.03170609 
        49         50 
0.03168483 0.03194186 

$`NAIVE BAYES`$`Recalls per Fold`
   1         2         3         4         5         6         7         8         9        10
1  0 0.8750000 1.0000000 1.0000000 0.9375000 0.8750000 0.9375000 0.9375000 0.9375000 0.9375000
2  0 1.0000000 1.0000000 1.0000000 1.0000000 1.0000000 1.0000000 1.0000000 1.0000000 1.0000000
3  0 1.0000000 1.0000000 1.0000000 0.9333333 0.9333333 0.9333333 0.9333333 0.9333333 0.9333333
4  0 1.0000000 1.0000000 0.9444444 0.9444444 0.8888889 0.9444444 0.9444444 0.9444444 0.9444444
5  0 0.9000000 0.9000000 0.9000000 0.8500000 0.8000000 0.8000000 0.7000000 0.7500000 0.8000000
6  0 1.0000000 1.0000000 0.9565217 0.8695652 0.9130435 0.8695652 0.8695652 0.8695652 0.9130435
7  0 0.8947368 0.8947368 0.8947368 0.8947368 0.8947368 0.8421053 0.8421053 0.8421053 0.8421053
8  0 1.0000000 1.0000000 1.0000000 0.9642857 0.9285714 0.9285714 0.9285714 0.9285714 0.9285714
9  0 0.9411765 0.9411765 0.9411765 0.9411765 0.8823529 0.8823529 0.8823529 0.8823529 0.8823529
10 0 1.0000000 1.0000000 0.9583333 0.8750000 0.8333333 0.8333333 0.8333333 0.8333333 0.8333333
          11        12        13        14        15        16        17        18        19
1  0.9375000 0.9375000 0.9375000 0.9375000 0.9375000 0.9375000 0.9375000 0.9375000 0.9375000
2  0.9444444 0.9444444 0.9444444 1.0000000 1.0000000 1.0000000 1.0000000 1.0000000 1.0000000
3  0.9333333 0.8000000 0.9333333 0.9333333 0.9333333 0.9333333 0.8666667 0.9333333 0.9333333
4  0.8888889 0.8888889 0.9444444 0.9444444 0.9444444 0.9444444 0.9444444 0.9444444 0.9444444
5  0.8000000 0.8500000 0.8500000 0.8500000 0.8500000 0.8500000 0.8500000 0.8500000 0.8500000
6  0.9130435 0.9130435 0.9130435 0.9130435 0.9130435 0.9565217 0.9565217 0.9565217 1.0000000
7  0.8947368 0.8947368 0.8947368 0.8947368 0.8947368 0.8947368 0.8947368 0.8947368 0.8947368
8  0.9285714 0.8928571 0.8571429 0.8928571 0.8928571 0.8928571 0.8928571 0.8571429 0.8571429
9  0.8823529 0.8823529 0.8823529 0.8823529 0.8823529 0.8823529 0.8823529 0.8823529 0.8823529
10 0.8333333 0.8333333 0.8333333 0.8333333 0.8333333 0.8333333 0.8333333 0.8333333 0.8750000
          20        21        22        23        24        25        26        27        28
1  0.9375000 0.9375000 1.0000000 1.0000000 1.0000000 1.0000000 1.0000000 1.0000000 1.0000000
2  1.0000000 1.0000000 1.0000000 1.0000000 1.0000000 0.9444444 0.9444444 0.9444444 0.9444444
3  0.9333333 0.9333333 0.9333333 1.0000000 1.0000000 1.0000000 1.0000000 1.0000000 1.0000000
4  0.9444444 0.9444444 1.0000000 1.0000000 1.0000000 1.0000000 1.0000000 1.0000000 1.0000000
5  0.9000000 0.9000000 0.9500000 0.9500000 1.0000000 0.9500000 0.9500000 0.9500000 0.9500000
6  1.0000000 1.0000000 1.0000000 1.0000000 1.0000000 1.0000000 1.0000000 1.0000000 1.0000000
7  0.8947368 0.8947368 0.8947368 0.8947368 0.8947368 0.8947368 0.8947368 0.8947368 0.8947368
8  0.8571429 0.8571429 0.8571429 0.8928571 0.8928571 0.9285714 0.9285714 0.9285714 0.9285714
9  0.8823529 0.9411765 0.9411765 0.9411765 0.9411765 0.9411765 1.0000000 1.0000000 1.0000000
10 0.9166667 0.9583333 1.0000000 1.0000000 0.9583333 0.9583333 0.9583333 0.9583333 0.9583333
          29        30        31        32        33        34        35        36        37
1  1.0000000 1.0000000 1.0000000 1.0000000 1.0000000 1.0000000 1.0000000 1.0000000 1.0000000
2  0.9444444 0.9444444 0.9444444 0.9444444 0.9444444 0.8888889 0.8888889 0.8888889 0.8888889
3  1.0000000 1.0000000 1.0000000 1.0000000 1.0000000 1.0000000 1.0000000 1.0000000 1.0000000
4  1.0000000 1.0000000 1.0000000 1.0000000 1.0000000 1.0000000 1.0000000 1.0000000 1.0000000
5  1.0000000 0.9500000 0.9500000 0.9500000 0.9500000 1.0000000 0.9500000 1.0000000 1.0000000
6  1.0000000 1.0000000 1.0000000 1.0000000 1.0000000 1.0000000 1.0000000 1.0000000 1.0000000
7  0.8947368 0.8947368 0.8947368 0.8947368 0.8947368 0.8947368 0.8947368 0.8947368 0.8947368
8  0.9285714 0.9285714 0.9285714 0.9285714 0.9285714 0.9285714 0.9285714 0.9285714 0.9285714
9  1.0000000 1.0000000 1.0000000 1.0000000 1.0000000 1.0000000 1.0000000 1.0000000 1.0000000
10 0.9583333 0.9583333 0.9583333 0.9583333 0.9583333 0.9583333 0.9583333 0.9583333 0.9583333
          38        39        40        41        42        43        44        45        46
1  1.0000000 1.0000000 1.0000000 1.0000000 1.0000000 1.0000000 1.0000000 1.0000000 1.0000000
2  0.8888889 0.8888889 0.9444444 0.9444444 0.9444444 0.9444444 0.9444444 0.9444444 0.9444444
3  1.0000000 1.0000000 1.0000000 1.0000000 1.0000000 1.0000000 1.0000000 1.0000000 1.0000000
4  0.8888889 0.8888889 0.8888889 0.8888889 0.8888889 0.8888889 0.8888889 0.8888889 0.8888889
5  1.0000000 1.0000000 1.0000000 1.0000000 1.0000000 1.0000000 1.0000000 1.0000000 1.0000000
6  1.0000000 1.0000000 1.0000000 1.0000000 1.0000000 1.0000000 1.0000000 1.0000000 1.0000000
7  0.8947368 0.8947368 0.8947368 0.8947368 0.8947368 0.8947368 0.8947368 0.8947368 0.8947368
8  0.9285714 0.9285714 0.9285714 0.9285714 0.9285714 0.9285714 0.9285714 0.9285714 0.9285714
9  1.0000000 1.0000000 1.0000000 1.0000000 1.0000000 1.0000000 1.0000000 1.0000000 1.0000000
10 0.9583333 0.9583333 0.9583333 0.9583333 0.9583333 0.9583333 0.9583333 0.9583333 0.9166667
          47        48        49        50
1  1.0000000 1.0000000 1.0000000 1.0000000
2  0.9444444 0.9444444 0.9444444 0.9444444
3  1.0000000 1.0000000 1.0000000 1.0000000
4  0.8888889 0.8888889 0.8888889 0.8888889
5  1.0000000 1.0000000 1.0000000 1.0000000
6  1.0000000 1.0000000 1.0000000 1.0000000
7  0.8947368 0.8947368 0.8947368 0.8947368
8  0.9285714 0.9285714 0.9285714 0.9285714
9  1.0000000 1.0000000 1.0000000 1.0000000
10 0.9166667 0.9166667 0.9166667 0.9166667

$`NAIVE BAYES`$`Mean Recalls`
        1         2         3         4         5         6         7         8         9 
0.0000000 0.9610913 0.9735913 0.9595213 0.9210042 0.8949260 0.8971206 0.8871206 0.8921206 
       10        11        12        13        14        15        16        17        18 
0.9014684 0.8956205 0.8837157 0.8990332 0.9081602 0.9081602 0.9125080 0.9058413 0.9089365 
       19        20        21        22        23        24        25        26        27 
0.9174510 0.9266177 0.9366667 0.9576390 0.9678770 0.9687104 0.9617263 0.9676086 0.9676086 
       28        29        30        31        32        33        34        35        36 
0.9676086 0.9726086 0.9676086 0.9676086 0.9676086 0.9676086 0.9670530 0.9620530 0.9670530 
       37        38        39        40        41        42        43        44        45 
0.9670530 0.9559419 0.9559419 0.9614975 0.9614975 0.9614975 0.9614975 0.9614975 0.9614975 
       46        47        48        49        50 
0.9573308 0.9573308 0.9573308 0.9573308 0.9573308 

$`NAIVE BAYES`$`St Dev Recalls`
         1          2          3          4          5          6          7          8 
0.00000000 0.05273276 0.04417938 0.04064503 0.04712635 0.05514842 0.06169821 0.08345601 
         9         10         11         12         13         14         15         16 
0.07166441 0.06106939 0.04736894 0.04516384 0.04183176 0.04868436 0.04868436 0.05105277 
        17         18         19         20         21         22         23         24 
0.05236703 0.05375774 0.05451619 0.04697668 0.04473489 0.05158441 0.04497072 0.04467890 
        25         26         27         28         29         30         31         32 
0.03699296 0.03802467 0.03802467 0.03802467 0.03873273 0.03802467 0.03802467 0.03802467 
        33         34         35         36         37         38         39         40 
0.03802467 0.04643891 0.04517184 0.04643891 0.04643891 0.05077041 0.05077041 0.04537027 
        41         42         43         44         45         46         47         48 
0.04537027 0.04537027 0.04537027 0.04537027 0.04537027 0.04755387 0.04755387 0.04755387 
        49         50 
0.04755387 0.04755387 

$`NAIVE BAYES`$`Micro Ave Recalls`
        1         2         3         4         5         6         7         8         9 
      NaN 0.9646465 0.9747475 0.9595960 0.9191919 0.8939394 0.8939394 0.8838384 0.8888889 
       10        11        12        13        14        15        16        17        18 
0.8989899 0.8939394 0.8838384 0.8939394 0.9040404 0.9040404 0.9090909 0.9040404 0.9040404 
       19        20        21        22        23        24        25        26        27 
0.9141414 0.9242424 0.9343434 0.9545455 0.9646465 0.9646465 0.9595960 0.9646465 0.9646465 
       28        29        30        31        32        33        34        35        36 
0.9646465 0.9696970 0.9646465 0.9646465 0.9646465 0.9646465 0.9646465 0.9595960 0.9646465 
       37        38        39        40        41        42        43        44        45 
0.9646465 0.9545455 0.9545455 0.9595960 0.9595960 0.9595960 0.9595960 0.9595960 0.9595960 
       46        47        48        49        50 
0.9545455 0.9545455 0.9545455 0.9545455 0.9545455 

$`NAIVE BAYES`$`F1 Measure`
   1         2         3         4         5         6         7         8         9        10
1  0 0.7000000 0.6400000 0.6530612 0.6666667 0.6086957 0.6521739 0.6250000 0.6250000 0.5882353
2  0 0.6923077 0.6545455 0.6315789 0.6206897 0.6000000 0.6206897 0.6545455 0.6101695 0.6101695
3  0 0.6976744 0.6250000 0.5263158 0.5283019 0.5000000 0.5000000 0.5185185 0.5090909 0.4912281
4  0 0.7826087 0.7058824 0.6938776 0.6666667 0.6400000 0.6538462 0.5762712 0.5666667 0.5666667
5  0 0.6428571 0.5625000 0.5294118 0.4594595 0.4923077 0.4848485 0.4307692 0.4347826 0.4507042
6  0 0.7540984 0.6666667 0.6197183 0.5479452 0.5316456 0.5333333 0.5333333 0.5479452 0.5600000
7  0 0.6538462 0.5666667 0.5573770 0.5230769 0.5230769 0.5245902 0.5245902 0.5079365 0.5245902
8  0 0.8358209 0.7179487 0.6829268 0.6666667 0.6666667 0.6582278 0.6753247 0.6582278 0.6582278
9  0 0.7111111 0.6400000 0.5925926 0.6037736 0.6000000 0.5555556 0.5555556 0.5172414 0.5357143
10 0 0.7500000 0.6666667 0.6764706 0.7118644 0.7142857 0.6666667 0.6153846 0.6250000 0.5714286
          11        12        13        14        15        16        17        18        19
1  0.6000000 0.6000000 0.5882353 0.5882353 0.5660377 0.5555556 0.5263158 0.5084746 0.4761905
2  0.5762712 0.5573770 0.5573770 0.5806452 0.5373134 0.5373134 0.5142857 0.5070423 0.4675325
3  0.5384615 0.4800000 0.5283019 0.5090909 0.5283019 0.5283019 0.4727273 0.4912281 0.4242424
4  0.5423729 0.5423729 0.5762712 0.5573770 0.5573770 0.5396825 0.5312500 0.5312500 0.4722222
5  0.4383562 0.4657534 0.4473684 0.4473684 0.4358974 0.4303797 0.4303797 0.4047619 0.3695652
6  0.5600000 0.5454545 0.5454545 0.5526316 0.5454545 0.5238095 0.4943820 0.4356436 0.4380952
7  0.5762712 0.5573770 0.5573770 0.5573770 0.5762712 0.5573770 0.5573770 0.5396825 0.4857143
8  0.6419753 0.6172840 0.6153846 0.6097561 0.6097561 0.6097561 0.5813953 0.5581395 0.5393258
9  0.5172414 0.5357143 0.5357143 0.5357143 0.5263158 0.5263158 0.5084746 0.4838710 0.4285714
10 0.5882353 0.5882353 0.5882353 0.5797101 0.5405405 0.5405405 0.5128205 0.4878049 0.4772727
          20        21        22         23        24         25         26         27        28
1  0.4285714 0.3703704 0.3368421 0.28571429 0.2318841 0.25600000 0.23703704 0.23357664 0.2424242
2  0.4390244 0.4137931 0.3829787 0.33027523 0.2926829 0.23776224 0.05263158 0.20000000 0.0531250
3  0.3888889 0.3589744 0.2916667 0.27522936 0.2400000 0.20979021 0.18292683 0.19354839 0.1898734
4  0.4473684 0.4096386 0.3870968 0.33333333 0.3157895 0.28346457 0.24827586 0.21951220 0.2337662
5  0.3564356 0.3302752 0.3166667 0.29007634 0.2702703 0.26388889 0.25850340 0.25503356 0.2500000
6  0.3931624 0.3382353 0.2771084 0.07055215 0.2446809 0.07142857 0.07142857 0.07153966 0.0718750
7  0.4927536 0.4657534 0.4303797 0.38636364 0.3400000 0.27200000 0.23448276 0.25185185 0.2377622
8  0.5393258 0.5000000 0.4660194 0.43478261 0.4347826 0.40625000 0.35862069 0.31901840 0.3354839
9  0.3896104 0.3678161 0.3265306 0.29906542 0.2644628 0.27826087 0.25954198 0.25954198 0.2595420
10 0.4631579 0.4144144 0.4137931 0.37500000 0.3709677 0.35937500 0.34848485 0.33576642 0.3309353
          29        30         31         32         33         34         35         36
1  0.2500000 0.2424242 0.26016260 0.24242424 0.24427481 0.23357664 0.21917808 0.22068966
2  0.0531250 0.1868132 0.05396825 0.05405405 0.05405405 0.05177994 0.05186386 0.05186386
3  0.1818182 0.1840491 0.18518519 0.18181818 0.18867925 0.18072289 0.17964072 0.17751479
4  0.2195122 0.2208589 0.22222222 0.22085890 0.20454545 0.20224719 0.20000000 0.19672131
5  0.2547771 0.2500000 0.24516129 0.24516129 0.25000000 0.25806452 0.23602484 0.24242424
6  0.2346939 0.2190476 0.21495327 0.07324841 0.07336523 0.07348243 0.07455429 0.07395498
7  0.2207792 0.2236842 0.22077922 0.22972973 0.20858896 0.20731707 0.19653179 0.19653179
8  0.3209877 0.3151515 0.31707317 0.29050279 0.29545455 0.28888889 0.28571429 0.28729282
9  0.2556391 0.2615385 0.25373134 0.25373134 0.24460432 0.23611111 0.23287671 0.23129252
10 0.3407407 0.3432836 0.33333333 0.32394366 0.32167832 0.31292517 0.31506849 0.31292517
           37         38         39         40         41         42         43         44
1  0.21192053 0.19393939 0.05280528 0.16931217 0.05228758 0.05120000 0.05120000 0.05079365
2  0.05245902 0.05228758 0.05254516 0.05619835 0.05537459 0.05440000 0.05345912 0.05362776
3  0.17341040 0.17045455 0.17142857 0.16216216 0.14218009 0.14778325 0.04991681 0.04934211
4  0.19047619 0.05120000 0.05120000 0.05220228 0.05245902 0.05177994 0.05177994 0.05144695
5  0.23121387 0.21739130 0.21621622 0.18604651 0.19047619 0.17857143 0.06462036 0.06462036
6  0.07419355 0.07443366 0.07383628 0.07221350 0.07210031 0.07232704 0.07176287 0.07120743
7  0.18181818 0.17894737 0.05985915 0.06039076 0.06093190 0.06093190 0.05923345 0.05923345
8  0.25242718 0.24761905 0.25000000 0.08496732 0.08333333 0.08360129 0.08267091 0.08280255
9  0.23129252 0.20000000 0.05582923 0.17525773 0.05573770 0.05466238 0.05457464 0.05466238
10 0.27218935 0.27218935 0.23589744 0.23469388 0.22009569 0.07516340 0.07516340 0.07578254
           45         46         47         48         49         50
1  0.05103668 0.05007825 0.05039370 0.05039370 0.05071315 0.05194805
2  0.05371248 0.05345912 0.05295950 0.05304212 0.05304212 0.05312500
3  0.04823151 0.04830918 0.04838710 0.04854369 0.04739336 0.04777070
4  0.05144695 0.05194805 0.05169628 0.05169628 0.05186386 0.05186386
5  0.06493506 0.06525285 0.06644518 0.06700168 0.06700168 0.06677796
6  0.07153966 0.07176287 0.07198748 0.07371795 0.07324841 0.07336523
7  0.05964912 0.05954466 0.05882353 0.05892548 0.05923345 0.05933682
8  0.08150470 0.08037094 0.08062016 0.08062016 0.08112324 0.08306709
9  0.05483871 0.05414013 0.05431310 0.05457464 0.05457464 0.05555556
10 0.07603306 0.07612457 0.07586207 0.07586207 0.07612457 0.07625650

$`NAIVE BAYES`$`Mean F1 Measure`
         1          2          3          4          5          6          7          8 
0.00000000 0.72203245 0.64458765 0.61633306 0.59951111 0.58766782 0.58499318 0.57092927 
         9         10         11         12         13         14         15         16 
0.56020606 0.55569646 0.55791849 0.54895685 0.55397196 0.55179060 0.54232657 0.53490322 
        17         18         19         20         21         22         23         24 
0.51294080 0.49478983 0.45787323 0.43382989 0.39692708 0.36290822 0.30803924 0.30055207 
        25         26         27         28         29         30         31         32 
0.26382203 0.22519336 0.23393891 0.22047872 0.23320730 0.24468508 0.23065699 0.21154726 
        33         34         35         36         37         38         39         40 
0.20852449 0.20451158 0.19914531 0.19912111 0.18714008 0.16584622 0.12196173 0.12534447 
        41         42         43         44         45         46         47         48 
0.09849764 0.08304206 0.06143815 0.06135192 0.06129279 0.06109906 0.06114881 0.06143778 
        49         50 
0.06143185 0.06190668 

$`NAIVE BAYES`$`St Dev F1 Measure`
         1          2          3          4          5          6          7          8 
0.00000000 0.05909256 0.05104338 0.06267650 0.08151756 0.07442190 0.07226397 0.07379202 
         9         10         11         12         13         14         15         16 
0.06961407 0.05913409 0.05477581 0.04815188 0.04603026 0.04636705 0.04509991 0.04442287 
        17         18         19         20         21         22         23         24 
0.04212993 0.04652274 0.04546037 0.05509409 0.05476542 0.06266270 0.09786315 0.06544659 
        25         26         27         28         29         30         31         32 
0.08866433 0.10069759 0.07332861 0.09416780 0.07883454 0.05131218 0.07697437 0.08689810 
        33         34         35         36         37         38         39         40 
0.08640955 0.08476029 0.08261983 0.08295349 0.07236148 0.07971945 0.08554454 0.06685409 
        41         42         43         44         45         46         47         48 
0.06274746 0.04422210 0.01155862 0.01173271 0.01163617 0.01157648 0.01168201 0.01185473 
        49         50 
0.01201868 0.01216838 

$`NAIVE BAYES`$`Micro Ave F1 Measure`
         1          2          3          4          5          6          7          8 
       NaN 0.72623574 0.64656616 0.61688312 0.59477124 0.58512397 0.58319605 0.57096248 
         9         10         11         12         13         14         15         16 
0.56050955 0.55712050 0.55835962 0.55031447 0.55312500 0.55161787 0.54160363 0.53412463 
        17         18         19         20         21         22         23         24 
0.51289398 0.49108368 0.45707071 0.43160377 0.39319872 0.35660377 0.23025919 0.29475309 
        25         26         27         28         29         30         31         32 
0.20856202 0.15694330 0.19254032 0.15630115 0.18879056 0.24131396 0.18762279 0.15434343 
        33         34         35         36         37         38         39         40 
0.15310621 0.15188867 0.14990138 0.14986269 0.14552381 0.12119269 0.08585056 0.09478673 
        41         42         43         44         45         46         47         48 
0.07761438 0.07109448 0.06150858 0.06138934 0.06132989 0.06106624 0.06110572 0.06137360 
        49         50 
0.06133377 0.06181521 


$SVM
$SVM$`Accuracy per Fold`
   1         2         3         4         5         6         7         8         9        10
1  0 0.9971469 0.9957204 0.9971469 0.9971469 0.9957204 0.9957204 0.9971469 0.9971469 0.9971469
2  0 0.9957627 0.9943503 0.9943503 0.9943503 0.9943503 0.9943503 0.9943503 0.9943503 0.9957627
3  0 0.9929279 0.9929279 0.9929279 0.9915134 0.9900990 0.9929279 0.9929279 0.9943423 0.9943423
4  0 0.9971751 0.9971751 0.9943503 0.9943503 0.9943503 0.9957627 0.9929379 0.9901130 0.9901130
5  0 0.9915254 0.9929379 0.9915254 0.9872881 0.9858757 0.9858757 0.9830508 0.9844633 0.9858757
6  0 0.9943423 0.9957567 0.9943423 0.9929279 0.9929279 0.9929279 0.9929279 0.9915134 0.9915134
7  0 0.9929379 0.9929379 0.9901130 0.9887006 0.9887006 0.9872881 0.9872881 0.9858757 0.9858757
8  0 0.9929279 0.9915134 0.9900990 0.9886846 0.9830269 0.9858557 0.9844413 0.9872702 0.9872702
9  0 0.9943503 0.9943503 0.9957627 0.9957627 0.9957627 0.9915254 0.9943503 0.9929379 0.9943503
10 0 0.9971469 0.9971469 0.9957204 0.9942939 0.9942939 0.9942939 0.9928673 0.9900143 0.9885877
          11        12        13        14        15        16        17        18        19
1  0.9971469 0.9971469 0.9971469 0.9942939 0.9900143 0.9900143 0.9900143 0.9885877 0.9885877
2  0.9901130 0.9929379 0.9929379 0.9957627 0.9971751 0.9915254 0.9915254 0.9915254 0.9915254
3  0.9943423 0.9943423 0.9943423 0.9929279 0.9929279 0.9929279 0.9886846 0.9872702 0.9872702
4  0.9901130 0.9915254 0.9901130 0.9929379 0.9943503 0.9943503 0.9943503 0.9887006 0.9887006
5  0.9872881 0.9872881 0.9872881 0.9887006 0.9872881 0.9872881 0.9872881 0.9858757 0.9858757
6  0.9915134 0.9900990 0.9915134 0.9844413 0.9844413 0.9844413 0.9844413 0.9844413 0.9844413
7  0.9872881 0.9872881 0.9872881 0.9887006 0.9872881 0.9844633 0.9844633 0.9844633 0.9844633
8  0.9816124 0.9830269 0.9830269 0.9844413 0.9844413 0.9801980 0.9801980 0.9801980 0.9787836
9  0.9943503 0.9929379 0.9929379 0.9943503 0.9943503 0.9915254 0.9901130 0.9887006 0.9887006
10 0.9885877 0.9885877 0.9885877 0.9914408 0.9900143 0.9914408 0.9900143 0.9900143 0.9900143
          20        21        22        23        24        25        26        27        28
1  0.9900143 0.9900143 0.9900143 0.9900143 0.9900143 0.9900143 0.9900143 0.9900143 0.9900143
2  0.9901130 0.9901130 0.9901130 0.9901130 0.9901130 0.9901130 0.9901130 0.9887006 0.9887006
3  0.9872702 0.9872702 0.9872702 0.9886846 0.9886846 0.9886846 0.9886846 0.9886846 0.9886846
4  0.9887006 0.9887006 0.9887006 0.9872881 0.9872881 0.9872881 0.9872881 0.9872881 0.9872881
5  0.9844633 0.9830508 0.9830508 0.9830508 0.9830508 0.9830508 0.9830508 0.9858757 0.9858757
6  0.9872702 0.9872702 0.9872702 0.9872702 0.9872702 0.9872702 0.9872702 0.9872702 0.9872702
7  0.9844633 0.9844633 0.9844633 0.9844633 0.9844633 0.9830508 0.9830508 0.9830508 0.9830508
8  0.9787836 0.9787836 0.9801980 0.9801980 0.9801980 0.9801980 0.9801980 0.9801980 0.9787836
9  0.9872881 0.9872881 0.9872881 0.9872881 0.9872881 0.9872881 0.9858757 0.9858757 0.9858757
10 0.9900143 0.9885877 0.9885877 0.9900143 0.9900143 0.9900143 0.9900143 0.9885877 0.9885877
          29        30        31        32        33        34        35        36        37
1  0.9900143 0.9885877 0.9885877 0.9871612 0.9871612 0.9871612 0.9871612 0.9857347 0.9857347
2  0.9887006 0.9887006 0.9887006 0.9901130 0.9901130 0.9901130 0.9901130 0.9887006 0.9887006
3  0.9886846 0.9886846 0.9886846 0.9886846 0.9886846 0.9886846 0.9886846 0.9886846 0.9886846
4  0.9872881 0.9872881 0.9887006 0.9887006 0.9887006 0.9887006 0.9887006 0.9887006 0.9887006
5  0.9858757 0.9858757 0.9858757 0.9858757 0.9858757 0.9858757 0.9858757 0.9858757 0.9858757
6  0.9872702 0.9844413 0.9844413 0.9844413 0.9844413 0.9844413 0.9844413 0.9844413 0.9844413
7  0.9830508 0.9844633 0.9844633 0.9844633 0.9830508 0.9844633 0.9844633 0.9844633 0.9830508
8  0.9787836 0.9787836 0.9787836 0.9773692 0.9759547 0.9759547 0.9759547 0.9773692 0.9773692
9  0.9858757 0.9858757 0.9844633 0.9858757 0.9858757 0.9858757 0.9858757 0.9872881 0.9872881
10 0.9885877 0.9843081 0.9857347 0.9857347 0.9857347 0.9871612 0.9871612 0.9871612 0.9885877
          38        39        40        41        42        43        44        45        46
1  0.9857347 0.9857347 0.9857347 0.9857347 0.9857347 0.9871612 0.9871612 0.9871612 0.9871612
2  0.9887006 0.9887006 0.9872881 0.9872881 0.9872881 0.9872881 0.9872881 0.9872881 0.9872881
3  0.9886846 0.9886846 0.9886846 0.9886846 0.9886846 0.9886846 0.9886846 0.9886846 0.9886846
4  0.9872881 0.9872881 0.9872881 0.9872881 0.9872881 0.9872881 0.9858757 0.9858757 0.9858757
5  0.9858757 0.9872881 0.9872881 0.9872881 0.9858757 0.9858757 0.9858757 0.9830508 0.9816384
6  0.9830269 0.9830269 0.9830269 0.9830269 0.9830269 0.9844413 0.9844413 0.9858557 0.9858557
7  0.9830508 0.9844633 0.9844633 0.9858757 0.9858757 0.9858757 0.9858757 0.9858757 0.9858757
8  0.9773692 0.9773692 0.9773692 0.9773692 0.9773692 0.9773692 0.9773692 0.9773692 0.9773692
9  0.9872881 0.9872881 0.9872881 0.9872881 0.9872881 0.9872881 0.9872881 0.9872881 0.9887006
10 0.9885877 0.9885877 0.9871612 0.9871612 0.9871612 0.9857347 0.9871612 0.9857347 0.9857347
          47        48        49        50
1  0.9871612 0.9871612 0.9871612 0.9871612
2  0.9872881 0.9887006 0.9872881 0.9872881
3  0.9886846 0.9886846 0.9886846 0.9886846
4  0.9858757 0.9872881 0.9872881 0.9858757
5  0.9816384 0.9816384 0.9816384 0.9816384
6  0.9858557 0.9858557 0.9858557 0.9858557
7  0.9858757 0.9844633 0.9858757 0.9858757
8  0.9773692 0.9759547 0.9759547 0.9759547
9  0.9887006 0.9872881 0.9872881 0.9872881
10 0.9857347 0.9857347 0.9857347 0.9828816

$SVM$`Mean Accuracy`
        1         2         3         4         5         6         7         8         9 
0.0000000 0.9946243 0.9944817 0.9936338 0.9925019 0.9915108 0.9916528 0.9912289 0.9908027 
       10        11        12        13        14        15        16        17        18 
0.9910838 0.9902355 0.9905180 0.9905182 0.9907997 0.9902291 0.9888175 0.9881093 0.9869777 
       19        20        21        22        23        24        25        26        27 
0.9868363 0.9868381 0.9865542 0.9866956 0.9868385 0.9868385 0.9866972 0.9865560 0.9865546 
       28        29        30        31        32        33        34        35        36 
0.9864131 0.9864131 0.9857009 0.9858435 0.9858419 0.9855592 0.9858431 0.9858431 0.9858419 
       37        38        39        40        41        42        43        44        45 
0.9858433 0.9855606 0.9858431 0.9855592 0.9857005 0.9855592 0.9857007 0.9857021 0.9854184 
       46        47        48        49        50 
0.9854184 0.9854184 0.9852769 0.9852769 0.9848504 

$SVM$`St Dev Accuracy`
          1           2           3           4           5           6           7           8 
0.000000000 0.002078666 0.001930590 0.002417329 0.003326949 0.004413366 0.003901386 0.004647207 
          9          10          11          12          13          14          15          16 
0.004061569 0.004164549 0.004443151 0.004111998 0.004111518 0.004063801 0.004395543 0.004536656 
         17          18          19          20          21          22          23          24 
0.004112767 0.003307414 0.003642803 0.003513471 0.003527209 0.003193562 0.003316222 0.003316222 
         25          26          27          28          29          30          31          32 
0.003455768 0.003457797 0.002979545 0.003328021 0.003328021 0.003013338 0.003119109 0.003526076 
         33          34          35          36          37          38          39          40 
0.003985501 0.003938368 0.003938368 0.003398023 0.003584030 0.003569917 0.003522797 0.003316834 
         41          42          43          44          45          46          47          48 
0.003294980 0.003249317 0.003156289 0.003149991 0.003193781 0.003460279 0.003460279 0.003891905 
         49          50 
0.003776278 0.003776607 

$SVM$`Precisions per Fold`
   1         2         3         4         5         6         7         8         9        10
1  0 0.9375000 0.8823529 0.9375000 0.9375000 0.8823529 0.8823529 0.9375000 0.9375000 0.9375000
2  0 0.8947368 0.8500000 0.8500000 0.9375000 0.8888889 0.8888889 0.8888889 0.8888889 0.8947368
3  0 0.8125000 0.8125000 0.8571429 0.8000000 0.7500000 0.8125000 0.8125000 0.8235294 0.8235294
4  0 0.9444444 0.9444444 0.8500000 0.8500000 0.8500000 0.8947368 0.8421053 0.7619048 0.7619048
5  0 0.8181818 0.8571429 0.8500000 0.7619048 0.7272727 0.7272727 0.6818182 0.6956522 0.7272727
6  0 0.8800000 0.9545455 0.9130435 0.9090909 0.9090909 0.8750000 0.8750000 0.8400000 0.8695652
7  0 0.8500000 0.8500000 0.7727273 0.7619048 0.7619048 0.7272727 0.7272727 0.6956522 0.6956522
8  0 1.0000000 1.0000000 1.0000000 0.9545455 0.8076923 0.8461538 0.8148148 0.9130435 0.8800000
9  0 0.9333333 0.9333333 0.9375000 1.0000000 1.0000000 0.8666667 1.0000000 0.8750000 0.9333333
10 0 0.9583333 0.9583333 0.9565217 0.9545455 0.9545455 0.8846154 0.8518519 0.8148148 0.8076923
          11        12        13        14        15        16        17        18        19
1  0.9375000 0.9375000 0.9375000 0.9285714 1.0000000 1.0000000 1.0000000 1.0000000 1.0000000
2  0.7619048 0.8095238 0.8095238 0.8947368 0.9444444 0.9285714 0.9285714 0.9285714 0.9285714
3  0.8235294 0.8235294 0.8235294 0.8125000 0.8125000 0.8125000 0.7692308 0.7142857 0.7500000
4  0.7619048 0.8000000 0.7894737 0.8823529 0.9375000 0.9375000 0.9375000 0.8571429 0.8571429
5  0.7391304 0.7391304 0.7391304 0.7727273 0.7619048 0.7619048 0.7619048 0.7500000 0.7500000
6  0.8695652 0.8333333 0.8695652 0.8333333 0.8750000 0.8750000 0.8750000 0.8750000 0.8750000
7  0.7083333 0.7083333 0.7083333 0.8235294 0.8125000 0.7857143 0.8333333 0.8333333 0.8333333
8  0.8571429 0.9000000 0.8636364 0.9047619 0.9473684 0.9375000 0.9375000 0.9375000 0.9333333
9  0.9333333 0.8750000 0.8750000 0.9333333 0.9333333 0.9230769 0.9166667 1.0000000 1.0000000
10 0.8076923 0.8076923 0.8076923 0.8750000 0.8695652 0.9090909 0.8695652 0.9047619 0.9047619
          20        21        22        23        24        25        26        27        28
1  1.0000000 1.0000000 1.0000000 1.0000000 1.0000000 1.0000000 1.0000000 1.0000000 1.0000000
2  0.9230769 0.9230769 0.9230769 0.9230769 0.9230769 0.9230769 0.9230769 0.9166667 0.9166667
3  0.7500000 0.7500000 0.7500000 0.8181818 0.8181818 0.8181818 0.8181818 0.8181818 0.8181818
4  0.8571429 0.8571429 0.8571429 0.8461538 0.8461538 0.8461538 0.8461538 0.8461538 0.8461538
5  0.7368421 0.7222222 0.7222222 0.7222222 0.7222222 0.7222222 0.7222222 0.8125000 0.8571429
6  0.9375000 0.9375000 0.9375000 0.9375000 0.9375000 0.9375000 0.9375000 0.9375000 0.9375000
7  0.8333333 0.8333333 0.8333333 0.8333333 0.8333333 0.7692308 0.7692308 0.7692308 0.7692308
8  0.9333333 0.9333333 1.0000000 1.0000000 1.0000000 1.0000000 1.0000000 1.0000000 1.0000000
9  1.0000000 1.0000000 1.0000000 1.0000000 1.0000000 1.0000000 1.0000000 1.0000000 1.0000000
10 0.9047619 0.9000000 0.9000000 0.9473684 0.9473684 0.9473684 0.9473684 0.9444444 0.9444444
          29        30        31        32        33        34        35        36        37
1  1.0000000 0.9000000 0.9000000 0.8888889 0.8888889 0.8888889 0.8888889 0.8750000 0.8750000
2  0.9166667 0.9166667 0.9166667 0.9230769 0.9230769 0.9230769 0.9230769 0.8571429 0.8571429
3  0.8181818 0.8181818 0.8181818 0.8181818 0.8181818 0.8181818 0.8181818 0.8181818 0.8181818
4  0.8461538 0.8461538 0.9166667 0.9166667 0.9166667 0.9166667 0.9166667 0.9166667 0.9166667
5  0.8571429 0.8571429 0.8571429 0.8571429 0.8571429 0.8571429 0.8571429 0.8571429 0.8571429
6  0.9375000 0.8750000 0.8750000 0.8750000 0.8750000 0.8750000 0.8750000 0.8750000 0.8750000
7  0.7692308 0.8333333 0.8333333 0.8333333 0.8181818 0.8333333 0.8333333 0.8333333 0.8181818
8  1.0000000 1.0000000 1.0000000 1.0000000 1.0000000 1.0000000 1.0000000 1.0000000 1.0000000
9  1.0000000 1.0000000 1.0000000 1.0000000 1.0000000 1.0000000 1.0000000 1.0000000 1.0000000
10 0.9444444 0.8823529 0.9375000 0.9375000 0.9375000 0.9411765 0.9411765 0.9411765 0.9444444
          38        39        40        41        42        43        44        45        46
1  0.8750000 0.8750000 0.8750000 0.8750000 0.8750000 0.8888889 0.8888889 0.8888889 0.8888889
2  0.8571429 0.8571429 0.8461538 0.8461538 0.8461538 0.8461538 0.8461538 0.8461538 0.8461538
3  0.8181818 0.8181818 0.8181818 0.8181818 0.8181818 0.8181818 0.8181818 0.8181818 0.8181818
4  0.9090909 0.9090909 0.9090909 0.9090909 0.9090909 0.9090909 0.9000000 0.9000000 0.9000000
5  0.8571429 0.8666667 0.8666667 0.8666667 0.8125000 0.8125000 0.8571429 0.7857143 0.7692308
6  0.8666667 0.8666667 0.8666667 0.8666667 0.8666667 0.8750000 0.8750000 0.9333333 0.9333333
7  0.8181818 0.8333333 0.8333333 0.8461538 0.8461538 0.8461538 0.8461538 0.8461538 0.8461538
8  1.0000000 1.0000000 1.0000000 1.0000000 1.0000000 1.0000000 1.0000000 1.0000000 1.0000000
9  1.0000000 1.0000000 1.0000000 1.0000000 1.0000000 1.0000000 1.0000000 1.0000000 1.0000000
10 0.9444444 0.9444444 0.8571429 0.8571429 0.8571429 0.8500000 0.8947368 0.8888889 0.8888889
          47        48        49        50
1  0.8888889 0.8888889 0.8888889 0.8888889
2  0.8461538 0.8571429 0.8461538 0.8461538
3  0.8181818 0.8181818 0.8181818 0.8181818
4  0.9000000 0.9090909 0.9090909 0.9000000
5  0.7692308 0.7692308 0.7692308 0.7692308
6  0.9333333 0.9333333 0.9333333 0.9333333
7  0.8461538 0.8333333 0.8461538 0.8461538
8  1.0000000 1.0000000 1.0000000 1.0000000
9  1.0000000 1.0000000 1.0000000 1.0000000
10 0.8888889 0.8888889 0.8888889 0.8750000

$SVM$`Mean Precisions`
        1         2         3         4         5         6         7         8         9 
0.0000000 0.9029030 0.9042652 0.8924435 0.8866991 0.8531748 0.8405460 0.8431752 0.8245986 
       10        11        12        13        14        15        16        17        18 
0.8331187 0.8200036 0.8234043 0.8223385 0.8660846 0.8894116 0.8870858 0.8829272 0.8800595 
       19        20        21        22        23        24        25        26        27 
0.8832143 0.8875990 0.8856609 0.8923275 0.9027837 0.9027837 0.8963734 0.8963734 0.9044678 
       28        29        30        31        32        33        34        35        36 
0.9089320 0.9089320 0.8928831 0.9054491 0.9049790 0.9034639 0.9053467 0.9053467 0.8973644 
       37        38        39        40        41        42        43        44        45 
0.8961760 0.8945851 0.8970527 0.8872236 0.8885057 0.8830890 0.8845969 0.8926258 0.8907315 
       46        47        48        49        50 
0.8890831 0.8890831 0.8898091 0.8899922 0.8876943 

$SVM$`St Dev Precisions`
         1          2          3          4          5          6          7          8 
0.00000000 0.06244050 0.06154211 0.06761116 0.08674165 0.09067184 0.06438830 0.09302624 
         9         10         11         12         13         14         15         16 
0.08482774 0.08444046 0.07916956 0.06910230 0.06778420 0.05329010 0.07568162 0.07673115 
        17         18         19         20         21         22         23         24 
0.07685369 0.09554813 0.08884361 0.09245805 0.09509055 0.10095997 0.09413234 0.09413234 
        25         26         27         28         29         30         31         32 
0.10129725 0.10129725 0.08680130 0.08259168 0.08259168 0.06375518 0.06259683 0.06297487 
        33         34         35         36         37         38         39         40 
0.06503863 0.06319617 0.06319617 0.06494951 0.06701472 0.06713399 0.06480201 0.06426707 
        41         42         43         44         45         46         47         48 
0.06319145 0.06744953 0.06758356 0.06196965 0.07153339 0.07435640 0.07435640 0.07489111 
        49         50 
0.07456000 0.07449003 

$SVM$`Micro Ave Precisions`
        1         2         3         4         5         6         7         8         9 
      NaN 0.9040404 0.9076923 0.8923077 0.8835979 0.8484848 0.8390244 0.8333333 0.8181818 
       10        11        12        13        14        15        16        17        18 
0.8260870 0.8115942 0.8164251 0.8164251 0.8633880 0.8816568 0.8789809 0.8750000 0.8680556 
       19        20        21        22        23        24        25        26        27 
0.8723404 0.8776978 0.8759124 0.8823529 0.8947368 0.8947368 0.8880597 0.8872180 0.8992248 
       28        29        30        31        32        33        34        35        36 
0.9047619 0.9047619 0.8880000 0.9016393 0.9016393 0.9000000 0.9016393 0.9016393 0.8951613 
       37        38        39        40        41        42        43        44        45 
0.8951613 0.8934426 0.8951613 0.8809524 0.8818898 0.8750000 0.8759690 0.8880000 0.8861789 
       46        47        48        49        50 
0.8861789 0.8861789 0.8852459 0.8852459 0.8823529 

$SVM$`Recalls per Fold`
   1         2         3         4         5         6         7         8         9        10
1  0 0.9375000 0.9375000 0.9375000 0.9375000 0.9375000 0.9375000 0.9375000 0.9375000 0.9375000
2  0 0.9444444 0.9444444 0.9444444 0.8333333 0.8888889 0.8888889 0.8888889 0.8888889 0.9444444
3  0 0.8666667 0.8666667 0.8000000 0.8000000 0.8000000 0.8666667 0.8666667 0.9333333 0.9333333
4  0 0.9444444 0.9444444 0.9444444 0.9444444 0.9444444 0.9444444 0.8888889 0.8888889 0.8888889
5  0 0.9000000 0.9000000 0.8500000 0.8000000 0.8000000 0.8000000 0.7500000 0.8000000 0.8000000
6  0 0.9565217 0.9130435 0.9130435 0.8695652 0.8695652 0.9130435 0.9130435 0.9130435 0.8695652
7  0 0.8947368 0.8947368 0.8947368 0.8421053 0.8421053 0.8421053 0.8421053 0.8421053 0.8421053
8  0 0.8214286 0.7857143 0.7500000 0.7500000 0.7500000 0.7857143 0.7857143 0.7500000 0.7857143
9  0 0.8235294 0.8235294 0.8823529 0.8235294 0.8235294 0.7647059 0.7647059 0.8235294 0.8235294
10 0 0.9583333 0.9583333 0.9166667 0.8750000 0.8750000 0.9583333 0.9583333 0.9166667 0.8750000
          11        12        13        14        15        16        17        18        19
1  0.9375000 0.9375000 0.9375000 0.8125000 0.5625000 0.5625000 0.5625000 0.5000000 0.5000000
2  0.8888889 0.9444444 0.9444444 0.9444444 0.9444444 0.7222222 0.7222222 0.7222222 0.7222222
3  0.9333333 0.9333333 0.9333333 0.8666667 0.8666667 0.8666667 0.6666667 0.6666667 0.6000000
4  0.8888889 0.8888889 0.8333333 0.8333333 0.8333333 0.8333333 0.8333333 0.6666667 0.6666667
5  0.8500000 0.8500000 0.8500000 0.8500000 0.8000000 0.8000000 0.8000000 0.7500000 0.7500000
6  0.8695652 0.8695652 0.8695652 0.6521739 0.6086957 0.6086957 0.6086957 0.6086957 0.6086957
7  0.8947368 0.8947368 0.8947368 0.7368421 0.6842105 0.5789474 0.5263158 0.5263158 0.5263158
8  0.6428571 0.6428571 0.6785714 0.6785714 0.6428571 0.5357143 0.5357143 0.5357143 0.5000000
9  0.8235294 0.8235294 0.8235294 0.8235294 0.8235294 0.7058824 0.6470588 0.5294118 0.5294118
10 0.8750000 0.8750000 0.8750000 0.8750000 0.8333333 0.8333333 0.8333333 0.7916667 0.7916667
          20        21        22        23        24        25        26        27        28
1  0.5625000 0.5625000 0.5625000 0.5625000 0.5625000 0.5625000 0.5625000 0.5625000 0.5625000
2  0.6666667 0.6666667 0.6666667 0.6666667 0.6666667 0.6666667 0.6666667 0.6111111 0.6111111
3  0.6000000 0.6000000 0.6000000 0.6000000 0.6000000 0.6000000 0.6000000 0.6000000 0.6000000
4  0.6666667 0.6666667 0.6666667 0.6111111 0.6111111 0.6111111 0.6111111 0.6111111 0.6111111
5  0.7000000 0.6500000 0.6500000 0.6500000 0.6500000 0.6500000 0.6500000 0.6500000 0.6000000
6  0.6521739 0.6521739 0.6521739 0.6521739 0.6521739 0.6521739 0.6521739 0.6521739 0.6521739
7  0.5263158 0.5263158 0.5263158 0.5263158 0.5263158 0.5263158 0.5263158 0.5263158 0.5263158
8  0.5000000 0.5000000 0.5000000 0.5000000 0.5000000 0.5000000 0.5000000 0.5000000 0.4642857
9  0.4705882 0.4705882 0.4705882 0.4705882 0.4705882 0.4705882 0.4117647 0.4117647 0.4117647
10 0.7916667 0.7500000 0.7500000 0.7500000 0.7500000 0.7500000 0.7500000 0.7083333 0.7083333
          29        30        31        32        33        34        35        36        37
1  0.5625000 0.5625000 0.5625000 0.5000000 0.5000000 0.5000000 0.5000000 0.4375000 0.4375000
2  0.6111111 0.6111111 0.6111111 0.6666667 0.6666667 0.6666667 0.6666667 0.6666667 0.6666667
3  0.6000000 0.6000000 0.6000000 0.6000000 0.6000000 0.6000000 0.6000000 0.6000000 0.6000000
4  0.6111111 0.6111111 0.6111111 0.6111111 0.6111111 0.6111111 0.6111111 0.6111111 0.6111111
5  0.6000000 0.6000000 0.6000000 0.6000000 0.6000000 0.6000000 0.6000000 0.6000000 0.6000000
6  0.6521739 0.6086957 0.6086957 0.6086957 0.6086957 0.6086957 0.6086957 0.6086957 0.6086957
7  0.5263158 0.5263158 0.5263158 0.5263158 0.4736842 0.5263158 0.5263158 0.5263158 0.4736842
8  0.4642857 0.4642857 0.4642857 0.4285714 0.3928571 0.3928571 0.3928571 0.4285714 0.4285714
9  0.4117647 0.4117647 0.3529412 0.4117647 0.4117647 0.4117647 0.4117647 0.4705882 0.4705882
10 0.7083333 0.6250000 0.6250000 0.6250000 0.6250000 0.6666667 0.6666667 0.6666667 0.7083333
          38        39        40        41        42        43        44        45        46
1  0.4375000 0.4375000 0.4375000 0.4375000 0.4375000 0.5000000 0.5000000 0.5000000 0.5000000
2  0.6666667 0.6666667 0.6111111 0.6111111 0.6111111 0.6111111 0.6111111 0.6111111 0.6111111
3  0.6000000 0.6000000 0.6000000 0.6000000 0.6000000 0.6000000 0.6000000 0.6000000 0.6000000
4  0.5555556 0.5555556 0.5555556 0.5555556 0.5555556 0.5555556 0.5000000 0.5000000 0.5000000
5  0.6000000 0.6500000 0.6500000 0.6500000 0.6500000 0.6500000 0.6000000 0.5500000 0.5000000
6  0.5652174 0.5652174 0.5652174 0.5652174 0.5652174 0.6086957 0.6086957 0.6086957 0.6086957
7  0.4736842 0.5263158 0.5263158 0.5789474 0.5789474 0.5789474 0.5789474 0.5789474 0.5789474
8  0.4285714 0.4285714 0.4285714 0.4285714 0.4285714 0.4285714 0.4285714 0.4285714 0.4285714
9  0.4705882 0.4705882 0.4705882 0.4705882 0.4705882 0.4705882 0.4705882 0.4705882 0.5294118
10 0.7083333 0.7083333 0.7500000 0.7500000 0.7500000 0.7083333 0.7083333 0.6666667 0.6666667
          47        48        49        50
1  0.5000000 0.5000000 0.5000000 0.5000000
2  0.6111111 0.6666667 0.6111111 0.6111111
3  0.6000000 0.6000000 0.6000000 0.6000000
4  0.5000000 0.5555556 0.5555556 0.5000000
5  0.5000000 0.5000000 0.5000000 0.5000000
6  0.6086957 0.6086957 0.6086957 0.6086957
7  0.5789474 0.5263158 0.5789474 0.5789474
8  0.4285714 0.3928571 0.3928571 0.3928571
9  0.5294118 0.4705882 0.4705882 0.4705882
10 0.6666667 0.6666667 0.6666667 0.5833333

$SVM$`Mean Recalls`
        1         2         3         4         5         6         7         8         9 
0.0000000 0.9047605 0.8968413 0.8833189 0.8475478 0.8531033 0.8701402 0.8595847 0.8693956 
       10        11        12        13        14        15        16        17        18 
0.8700081 0.8604300 0.8659855 0.8640014 0.8073061 0.7599571 0.7047295 0.6735840 0.6297360 
       19        20        21        22        23        24        25        26        27 
0.6194979 0.6136578 0.6044911 0.6044911 0.5989356 0.5989356 0.5989356 0.5930532 0.5833310 
       28        29        30        31        32        33        34        35        36 
0.5747596 0.5747596 0.5620784 0.5561961 0.5578125 0.5489779 0.5584078 0.5584078 0.5616116 
       37        38        39        40        41        42        43        44        45 
0.5605151 0.5506117 0.5608748 0.5594860 0.5647491 0.5647491 0.5711803 0.5606247 0.5514580 
       46        47        48        49        50 
0.5523404 0.5523404 0.5487346 0.5484422 0.5345533 

$SVM$`St Dev Recalls`
         1          2          3          4          5          6          7          8 
0.00000000 0.05258618 0.05664489 0.06528680 0.06106869 0.06214934 0.06991304 0.07243443 
         9         10         11         12         13         14         15         16 
0.06284499 0.05718686 0.08376925 0.08762005 0.07812772 0.09147386 0.12611935 0.12584132 
        17         18         19         20         21         22         23         24 
0.11896963 0.10479680 0.10816902 0.10003598 0.08818687 0.08818687 0.08554512 0.08554512 
        25         26         27         28         29         30         31         32 
0.08554512 0.09665263 0.08608441 0.08757273 0.08757273 0.07245962 0.08695575 0.08674377 
        33         34         35         36         37         38         39         40 
0.09633990 0.09750150 0.09750150 0.08964250 0.09960261 0.09630433 0.09691272 0.09992524 
        41         42         43         44         45         46         47         48 
0.09936854 0.09936854 0.08477624 0.08367226 0.07465378 0.07206695 0.07206695 0.08802986 
        49         50 
0.08174181 0.07283383 

$SVM$`Micro Ave Recalls`
        1         2         3         4         5         6         7         8         9 
      NaN 0.9040404 0.8939394 0.8787879 0.8434343 0.8484848 0.8686869 0.8585859 0.8636364 
       10        11        12        13        14        15        16        17        18 
0.8636364 0.8484848 0.8535354 0.8535354 0.7979798 0.7525253 0.6969697 0.6717172 0.6313131 
       19        20        21        22        23        24        25        26        27 
0.6212121 0.6161616 0.6060606 0.6060606 0.6010101 0.6010101 0.6010101 0.5959596 0.5858586 
       28        29        30        31        32        33        34        35        36 
0.5757576 0.5757576 0.5606061 0.5555556 0.5555556 0.5454545 0.5555556 0.5555556 0.5606061 
       37        38        39        40        41        42        43        44        45 
0.5606061 0.5505051 0.5606061 0.5606061 0.5656566 0.5656566 0.5707071 0.5606061 0.5505051 
       46        47        48        49        50 
0.5505051 0.5505051 0.5454545 0.5454545 0.5303030 

$SVM$`F1 Measure`
   1         2         3         4         5         6         7         8         9        10
1  0 0.9375000 0.9090909 0.9375000 0.9375000 0.9090909 0.9090909 0.9375000 0.9375000 0.9375000
2  0 0.9189189 0.8947368 0.8947368 0.8823529 0.8888889 0.8888889 0.8888889 0.8888889 0.9189189
3  0 0.8387097 0.8387097 0.8275862 0.8000000 0.7741935 0.8387097 0.8387097 0.8750000 0.8750000
4  0 0.9444444 0.9444444 0.8947368 0.8947368 0.8947368 0.9189189 0.8648649 0.8205128 0.8205128
5  0 0.8571429 0.8780488 0.8500000 0.7804878 0.7619048 0.7619048 0.7142857 0.7441860 0.7619048
6  0 0.9166667 0.9333333 0.9130435 0.8888889 0.8888889 0.8936170 0.8936170 0.8750000 0.8695652
7  0 0.8717949 0.8717949 0.8292683 0.8000000 0.8000000 0.7804878 0.7804878 0.7619048 0.7619048
8  0 0.9019608 0.8800000 0.8571429 0.8400000 0.7777778 0.8148148 0.8000000 0.8235294 0.8301887
9  0 0.8750000 0.8750000 0.9090909 0.9032258 0.9032258 0.8125000 0.8666667 0.8484848 0.8750000
10 0 0.9583333 0.9583333 0.9361702 0.9130435 0.9130435 0.9200000 0.9019608 0.8627451 0.8400000
          11        12        13        14        15        16        17        18        19
1  0.9375000 0.9375000 0.9375000 0.8666667 0.7200000 0.7200000 0.7200000 0.6666667 0.6666667
2  0.8205128 0.8717949 0.8717949 0.9189189 0.9444444 0.8125000 0.8125000 0.8125000 0.8125000
3  0.8750000 0.8750000 0.8750000 0.8387097 0.8387097 0.8387097 0.7142857 0.6896552 0.6666667
4  0.8205128 0.8421053 0.8108108 0.8571429 0.8823529 0.8823529 0.8823529 0.7500000 0.7500000
5  0.7906977 0.7906977 0.7906977 0.8095238 0.7804878 0.7804878 0.7804878 0.7500000 0.7500000
6  0.8695652 0.8510638 0.8695652 0.7317073 0.7179487 0.7179487 0.7179487 0.7179487 0.7179487
7  0.7906977 0.7906977 0.7906977 0.7777778 0.7428571 0.6666667 0.6451613 0.6451613 0.6451613
8  0.7346939 0.7500000 0.7600000 0.7755102 0.7659574 0.6818182 0.6818182 0.6818182 0.6511628
9  0.8750000 0.8484848 0.8484848 0.8750000 0.8750000 0.8000000 0.7586207 0.6923077 0.6923077
10 0.8400000 0.8400000 0.8400000 0.8750000 0.8510638 0.8695652 0.8510638 0.8444444 0.8444444
          20        21        22        23        24        25        26        27        28
1  0.7200000 0.7200000 0.7200000 0.7200000 0.7200000 0.7200000 0.7200000 0.7200000 0.7200000
2  0.7741935 0.7741935 0.7741935 0.7741935 0.7741935 0.7741935 0.7741935 0.7333333 0.7333333
3  0.6666667 0.6666667 0.6666667 0.6923077 0.6923077 0.6923077 0.6923077 0.6923077 0.6923077
4  0.7500000 0.7500000 0.7500000 0.7096774 0.7096774 0.7096774 0.7096774 0.7096774 0.7096774
5  0.7179487 0.6842105 0.6842105 0.6842105 0.6842105 0.6842105 0.6842105 0.7222222 0.7058824
6  0.7692308 0.7692308 0.7692308 0.7692308 0.7692308 0.7692308 0.7692308 0.7692308 0.7692308
7  0.6451613 0.6451613 0.6451613 0.6451613 0.6451613 0.6250000 0.6250000 0.6250000 0.6250000
8  0.6511628 0.6511628 0.6666667 0.6666667 0.6666667 0.6666667 0.6666667 0.6666667 0.6341463
9  0.6400000 0.6400000 0.6400000 0.6400000 0.6400000 0.6400000 0.5833333 0.5833333 0.5833333
10 0.8444444 0.8181818 0.8181818 0.8372093 0.8372093 0.8372093 0.8372093 0.8095238 0.8095238
          29        30        31        32        33        34        35        36        37
1  0.7200000 0.6923077 0.6923077 0.6400000 0.6400000 0.6400000 0.6400000 0.5833333 0.5833333
2  0.7333333 0.7333333 0.7333333 0.7741935 0.7741935 0.7741935 0.7741935 0.7500000 0.7500000
3  0.6923077 0.6923077 0.6923077 0.6923077 0.6923077 0.6923077 0.6923077 0.6923077 0.6923077
4  0.7096774 0.7096774 0.7333333 0.7333333 0.7333333 0.7333333 0.7333333 0.7333333 0.7333333
5  0.7058824 0.7058824 0.7058824 0.7058824 0.7058824 0.7058824 0.7058824 0.7058824 0.7058824
6  0.7692308 0.7179487 0.7179487 0.7179487 0.7179487 0.7179487 0.7179487 0.7179487 0.7179487
7  0.6250000 0.6451613 0.6451613 0.6451613 0.6000000 0.6451613 0.6451613 0.6451613 0.6000000
8  0.6341463 0.6341463 0.6341463 0.6000000 0.5641026 0.5641026 0.5641026 0.6000000 0.6000000
9  0.5833333 0.5833333 0.5217391 0.5833333 0.5833333 0.5833333 0.5833333 0.6400000 0.6400000
10 0.8095238 0.7317073 0.7500000 0.7500000 0.7500000 0.7804878 0.7804878 0.7804878 0.8095238
          38        39        40        41        42        43        44        45        46
1  0.5833333 0.5833333 0.5833333 0.5833333 0.5833333 0.6400000 0.6400000 0.6400000 0.6400000
2  0.7500000 0.7500000 0.7096774 0.7096774 0.7096774 0.7096774 0.7096774 0.7096774 0.7096774
3  0.6923077 0.6923077 0.6923077 0.6923077 0.6923077 0.6923077 0.6923077 0.6923077 0.6923077
4  0.6896552 0.6896552 0.6896552 0.6896552 0.6896552 0.6896552 0.6428571 0.6428571 0.6428571
5  0.7058824 0.7428571 0.7428571 0.7428571 0.7222222 0.7222222 0.7058824 0.6470588 0.6060606
6  0.6842105 0.6842105 0.6842105 0.6842105 0.6842105 0.7179487 0.7179487 0.7368421 0.7368421
7  0.6000000 0.6451613 0.6451613 0.6875000 0.6875000 0.6875000 0.6875000 0.6875000 0.6875000
8  0.6000000 0.6000000 0.6000000 0.6000000 0.6000000 0.6000000 0.6000000 0.6000000 0.6000000
9  0.6400000 0.6400000 0.6400000 0.6400000 0.6400000 0.6400000 0.6400000 0.6400000 0.6923077
10 0.8095238 0.8095238 0.8000000 0.8000000 0.8000000 0.7727273 0.7906977 0.7619048 0.7619048
          47        48        49        50
1  0.6400000 0.6400000 0.6400000 0.6400000
2  0.7096774 0.7500000 0.7096774 0.7096774
3  0.6923077 0.6923077 0.6923077 0.6923077
4  0.6428571 0.6896552 0.6896552 0.6428571
5  0.6060606 0.6060606 0.6060606 0.6060606
6  0.7368421 0.7368421 0.7368421 0.7368421
7  0.6875000 0.6451613 0.6875000 0.6875000
8  0.6000000 0.5641026 0.5641026 0.5641026
9  0.6923077 0.6400000 0.6400000 0.6400000
10 0.7619048 0.7619048 0.7619048 0.7000000

$SVM$`Mean F1 Measure`
        1         2         3         4         5         6         7         8         9 
0.0000000 0.9020472 0.8983492 0.8849276 0.8640236 0.8511751 0.8538933 0.8486981 0.8437752 
       10        11        12        13        14        15        16        17        18 
0.8490495 0.8354180 0.8397344 0.8394551 0.8325957 0.8118822 0.7770049 0.7564239 0.7250502 
       19        20        21        22        23        24        25        26        27 
0.7196858 0.7178808 0.7118807 0.7134311 0.7138657 0.7138657 0.7118496 0.7061829 0.7031295 
       28        29        30        31        32        33        34        35        36 
0.6982435 0.6982435 0.6845805 0.6826160 0.6842160 0.6761102 0.6836751 0.6836751 0.6848455 
       37        38        39        40        41        42        43        44        45 
0.6832329 0.6754913 0.6837049 0.6787203 0.6829541 0.6808906 0.6872038 0.6826871 0.6758148 
       46        47        48        49        50 
0.6769457 0.6769457 0.6726034 0.6728050 0.6619348 

$SVM$`St Dev F1 Measure`
         1          2          3          4          5          6          7          8 
0.00000000 0.03999409 0.03746284 0.04127738 0.05476160 0.06371369 0.05941306 0.06677536 
         9         10         11         12         13         14         15         16 
0.05842697 0.05860731 0.05708738 0.05260094 0.05249205 0.05756471 0.07738980 0.07691708 
        17         18         19         20         21         22         23         24 
0.07532988 0.06427599 0.06883235 0.06773327 0.06333840 0.06185951 0.06300081 0.06300081 
        25         26         27         28         29         30         31         32 
0.06570818 0.07445434 0.06599277 0.06833647 0.06833647 0.04860581 0.06773823 0.06434178 
        33         34         35         36         37         38         39         40 
0.07416476 0.07418557 0.07418557 0.06534279 0.07484968 0.07160843 0.07016709 0.06500940 
        41         42         43         44         45         46         47         48 
0.06395105 0.06210981 0.04953553 0.05411905 0.05046170 0.05367879 0.05367879 0.06485026 
        49         50 
0.06027962 0.05263587 

$SVM$`Micro Ave F1 Measure`
        1         2         3         4         5         6         7         8         9 
      NaN 0.9040404 0.9007634 0.8854962 0.8630491 0.8484848 0.8535980 0.8457711 0.8402948 
       10        11        12        13        14        15        16        17        18 
0.8444444 0.8296296 0.8345679 0.8345679 0.8293963 0.8119891 0.7774648 0.7600000 0.7309942 
       19        20        21        22        23        24        25        26        27 
0.7256637 0.7240356 0.7164179 0.7185629 0.7190332 0.7190332 0.7168675 0.7129909 0.7094801 
       28        29        30        31        32        33        34        35        36 
0.7037037 0.7037037 0.6873065 0.6875000 0.6875000 0.6792453 0.6875000 0.6875000 0.6894410 
       37        38        39        40        41        42        43        44        45 
0.6894410 0.6812500 0.6894410 0.6851852 0.6892308 0.6871166 0.6911315 0.6873065 0.6791277 
       46        47        48        49        50 
0.6791277 0.6791277 0.6750000 0.6750000 0.6624606 

